8.9605213e-12
-8.0916620e-10
-3.0819732e-09
-6.4433396e-09
-1.0628280e-08
-1.5289460e-08
-2.0124524e-08
-2.4797931e-08
-2.8998222e-08
-3.2412147e-08
-3.4749897e-08
-3.5742141e-08
-3.5150483e-08
-3.2772731e-08
-2.8447509e-08
-2.2058083e-08
-1.3535007e-08
-2.8575311e-09
9.9462299e-09
2.4800326e-08
4.1583122e-08
6.0130453e-08
8.0239666e-08
1.0167439e-07
1.2416987e-07
1.4743876e-07
1.7117708e-07
1.9507040e-07
2.1879982e-07
2.4204796e-07
2.6450448e-07
2.8587129e-07
3.0586729e-07
3.2423248e-07
3.4073156e-07
3.5515683e-07
3.6733048e-07
3.7710616e-07
3.8437004e-07
3.8904111e-07
3.9107102e-07
3.9044331e-07
3.8717220e-07
3.8130094e-07
3.7289981e-07
3.6206381e-07
3.4891011e-07
3.3357533e-07
3.1621273e-07
2.9698929e-07
2.7608284e-07
2.5367922e-07
2.2996952e-07
2.0514745e-07
1.7940688e-07
1.5293957e-07
1.2593312e-07
9.8569097e-08
7.1021457e-08
4.3455170e-08
1.6025093e-08
-1.1124910e-08
-3.7862637e-08
-6.4067980e-08
-8.9633168e-08
-1.1446281e-07
-1.3847379e-07
-1.6159494e-07
-1.8376670e-07
-2.0494055e-07
-2.2507838e-07
-2.4415185e-07
-2.6214159e-07
-2.7903643e-07
-2.9483260e-07
-3.0953291e-07
-3.2314592e-07
-3.3568517e-07
-3.4716839e-07
-3.5761681e-07
-3.6705446e-07
-3.7550753e-07
-3.8300380e-07
-3.8957215e-07
-3.9524206e-07
-4.0004325e-07
-4.0400530e-07
-4.0715741e-07
-4.0952813e-07
-4.1114523e-07
-4.1203553e-07
-4.1222484e-07
-4.1173792e-07
-4.1059842e-07
-4.0882899e-07
-4.0645125e-07
-4.0348587e-07
-3.9995269e-07
-3.9587077e-07
-3.9125854e-07
-3.8613387e-07
-3.8051419e-07
-3.7441662e-07
-3.6785807e-07
-3.6085530e-07
-3.5342508e-07
-3.4558422e-07
-3.3734967e-07
-3.2873857e-07
-3.1976830e-07
-3.1045654e-07
-3.0082126e-07
-2.9088076e-07
-2.8065370e-07
-2.7015901e-07
-2.5941600e-07
-2.4844421e-07
-2.3726347e-07
-2.2589383e-07
-2.1435550e-07
-2.0266883e-07
-1.9085425e-07
-1.7893220e-07
-1.6692310e-07
-1.5484727e-07
-1.4272489e-07
-1.3057591e-07
-1.1842007e-07
-1.0627675e-07
-9.4164992e-08
-8.2103416e-08
-7.0110193e-08
-5.8202995e-08
-4.6398957e-08
-3.4714651e-08
-2.3166048e-08
-1.1768497e-08
-5.3670294e-10
1.0515293e-08
2.1374126e-08
3.2027122e-08
4.2462298e-08
5.2668375e-08
6.2634773e-08
7.2351613e-08
8.1809712e-08
9.1000578e-08
9.9916403e-08
1.0855005e-07
1.1689504e-07
1.2494556e-07
1.3269641e-07
1.4014303e-07
1.4728146e-07
1.5410833e-07
1.6062085e-07
1.6681678e-07
1.7269443e-07
1.7825264e-07
1.8349074e-07
1.8840856e-07
1.9300642e-07
1.9728508e-07
2.0124575e-07
2.0489006e-07
2.0822005e-07
2.1123817e-07
2.1394722e-07
2.1635039e-07
2.1845121e-07
2.2025354e-07
2.2176155e-07
2.2297973e-07
2.2391285e-07
2.2456596e-07
2.2494437e-07
2.2505362e-07
2.2489951e-07
2.2448804e-07
2.2382542e-07
2.2291806e-07
2.2177253e-07
2.2039559e-07
2.1879412e-07
2.1697517e-07
2.1494589e-07
2.1271356e-07
2.1028554e-07
2.0766930e-07
2.0487236e-07
2.0190232e-07
1.9876683e-07
1.9547357e-07
1.9203024e-07
1.8844456e-07
1.8472427e-07
1.8087707e-07
1.7691068e-07
1.7283275e-07
1.6865092e-07
1.6437279e-07
1.6000586e-07
1.5555760e-07
1.5103540e-07
1.4644655e-07
1.4179826e-07
1.3709764e-07
1.3235168e-07
1.2756727e-07
1.2275118e-07
1.1791004e-07
1.1305035e-07
1.0817847e-07
1.0330064e-07
9.8422917e-08
9.3551224e-08
8.8691323e-08
8.3848816e-08
7.9029138e-08
7.4237560e-08
6.9479182e-08
6.4758932e-08
6.0081562e-08
5.5451650e-08
5.0873595e-08
4.6351619e-08
4.1889761e-08
3.7491885e-08
3.3161670e-08
2.8902618e-08
2.4718047e-08
2.0611099e-08
1.6584735e-08
1.2641736e-08
8.7847083e-09
5.0160787e-09
1.3380999e-09
-2.2471534e-09
-5.7377803e-09
-9.1320649e-09
-1.2428459e-08
-1.5625609e-08
-1.8722295e-08
-2.1717035e-08
-2.4606367e-08
-2.7383641e-08
-3.0038332e-08
-3.2551238e-08
-3.4886679e-08
-3.6982141e-08
-3.8741507e-08
-4.0024470e-08
-4.0632667e-08
-4.0299750e-08
-3.8681468e-08
-3.5315997e-08
-2.9581563e-08
-2.0588490e-08
-6.6703465e-09
1.5366293e-08
5.0005958e-08
1.0392043e-07
1.8752468e-07
3.1291077e-07
4.9398263e-07
7.4785918e-07
1.0928937e-06
1.5450058e-06
2.1165203e-06
2.8141757e-06
3.6366876e-06
4.5752296e-06
5.6119178e-06
6.7180276e-06
7.8503359e-06
8.9485214e-06
9.9343886e-06
1.0723727e-05
1.1238926e-05
1.1420138e-05
1.1239290e-05
1.0700587e-05
9.8294310e-06
8.6634565e-06
7.2415629e-06
5.5909336e-06
3.7256849e-06
1.6621863e-06
-5.7389662e-07
-2.9503979e-06
-5.4372480e-06
-8.0008465e-06
-1.0599518e-05
-1.3185137e-05
-1.5696721e-05
-1.8065633e-05
-2.0227605e-05
-2.2125431e-05
-2.3709337e-05
-2.4937582e-05
-2.5783037e-05
-2.6231545e-05
-2.6279955e-05
-2.5933004e-05
-2.5200470e-05
-2.4103472e-05
-2.2664415e-05
-2.0911600e-05
-1.8890049e-05
-1.6653145e-05
-1.4257051e-05
-1.1756369e-05
-9.1963630e-06
-6.6178376e-06
-4.0547222e-06
-1.5415789e-06
8.8325794e-07
3.1829550e-06
5.3243379e-06
7.2876426e-06
9.0612535e-06
1.0631792e-05
1.1992192e-05
1.3142356e-05
1.4081204e-05
1.4812686e-05
1.5348139e-05
1.5713073e-05
1.5950125e-05
1.6102368e-05
1.6201295e-05
1.6271214e-05
1.6321494e-05
1.6350469e-05
1.6346888e-05
1.6296514e-05
1.6194514e-05
1.6036544e-05
1.5814025e-05
1.5519934e-05
1.5147596e-05
1.4699220e-05
1.4199606e-05
1.3668130e-05
1.3106661e-05
1.2518836e-05
1.1900526e-05
1.1227847e-05
1.0470177e-05
9.6172837e-06
8.6637840e-06
7.6020520e-06
6.4346827e-06
5.1757530e-06
3.8418241e-06
2.4518533e-06
1.0254113e-06
-4.2207820e-07
-1.8830660e-06
-3.3508071e-06
-4.8110221e-06
-6.2445250e-06
-7.6304494e-06
-8.9482401e-06
-1.0172298e-05
-1.1274129e-05
-1.2231620e-05
-1.3026898e-05
-1.3644804e-05
-1.4076341e-05
-1.4322699e-05
-1.4391746e-05
-1.4295439e-05
-1.4053098e-05
-1.3686251e-05
-1.3207611e-05
-1.2618834e-05
-1.1916469e-05
-1.1087265e-05
-1.0113216e-05
-8.9917849e-06
-7.7115305e-06
-6.2532930e-06
-4.6060205e-06
-2.7463666e-06
-6.2595860e-07
1.8133135e-06
4.6190397e-06
7.8200834e-06
1.1405592e-05
1.5306650e-05
1.9393633e-05
2.3501862e-05
2.7452645e-05
3.1059219e-05
3.4131199e-05
3.6489787e-05
3.7984142e-05
3.8491641e-05
3.7928752e-05
3.6265268e-05
3.3524950e-05
2.9778848e-05
2.5142767e-05
1.9760523e-05
1.3751875e-05
7.2033847e-06
1.8534699e-07
-7.2453730e-06
-1.5044451e-05
-2.3167729e-05
-3.1518952e-05
-3.9910661e-05
-4.8107346e-05
-5.5888471e-05
-6.3047245e-05
-6.9380639e-05
-7.4724793e-05
-7.8997529e-05
-8.2163116e-05
-8.4182738e-05
-8.5019310e-05
-8.4665157e-05
-8.3164219e-05
-8.0569147e-05
-7.6959364e-05
-7.2460891e-05
-6.7193933e-05
-6.1213068e-05
-5.4515937e-05
-4.7117809e-05
-3.9060866e-05
-3.0405130e-05
-2.1226097e-05
-1.1630143e-05
-1.7620669e-06
8.1989524e-06
1.8076397e-05
2.7715624e-05
3.6978969e-05
4.5717476e-05
5.3800157e-05
6.1161114e-05
6.7731072e-05
7.3478326e-05
7.8441831e-05
8.2673714e-05
8.6219852e-05
8.9110303e-05
9.1373965e-05
9.2997734e-05
9.3927727e-05
9.4096592e-05
9.3436844e-05
9.1956140e-05
8.9771737e-05
8.7068090e-05
8.4062416e-05
8.0990844e-05
7.8082352e-05
7.5533983e-05
7.3463115e-05
7.1906243e-05
7.0860614e-05
7.0279798e-05
7.0088247e-05
7.0185522e-05
7.0459615e-05
7.0773291e-05
7.0986747e-05
7.1001802e-05
7.0734702e-05
7.0063222e-05
6.8824920e-05
6.6866555e-05
6.4053752e-05
6.0247068e-05
5.5315314e-05
4.9142802e-05
4.1638946e-05
3.2741245e-05
2.2457666e-05
1.0891689e-05
-1.7825944e-06
-1.5354705e-05
-2.9571227e-05
-4.4135916e-05
-5.8701868e-05
-7.2905069e-05
-8.6420441e-05
-9.8978972e-05
-1.1036036e-04
-1.2041878e-04
-1.2906023e-04
-1.3623240e-04
-1.4194504e-04
-1.4627873e-04
-1.4934855e-04
-1.5125122e-04
-1.5205568e-04
-1.5177573e-04
-1.5039204e-04
-1.4784996e-04
-1.4408235e-04
-1.3907277e-04
-1.3288919e-04
-1.2572451e-04
-1.1786857e-04
-1.0960361e-04
-1.0119718e-04
-9.2912221e-05
-8.4939152e-05
-2.6471627e-10
1.3333439e-08
5.1010202e-08
1.0776229e-07
1.8156359e-07
2.7047557e-07
3.7468000e-07
4.9493997e-07
6.3319295e-07
7.9171269e-07
9.7306984e-07
1.1795723e-06
1.4129126e-06
1.6737964e-06
1.9617080e-06
2.2747382e-06
2.6094938e-06
2.9610962e-06
3.3232457e-06
3.6882973e-06
4.0474383e-06
4.3909424e-06
4.7084596e-06
4.9893892e-06
5.2232221e-06
5.3998594e-06
5.5098445e-06
5.5444880e-06
5.4959447e-06
5.3573655e-06
5.1231447e-06
4.7889414e-06
4.3516613e-06
3.8095952e-06
3.1627037e-06
2.4129027e-06
1.5641244e-06
6.2223711e-07
-4.0506814e-07
-1.5083473e-06
-2.6764522e-06
-3.8967657e-06
-5.1554920e-06
-6.4379169e-06
-7.7286559e-06
-9.0119410e-06
-1.0272019e-05
-1.1493618e-05
-1.2662275e-05
-1.3764631e-05
-1.4788778e-05
-1.5724482e-05
-1.6563203e-05
-1.7298023e-05
-1.7923602e-05
-1.8436043e-05
-1.8832740e-05
-1.9112280e-05
-1.9274349e-05
-1.9319624e-05
-1.9249817e-05
-1.9067754e-05
-1.8777304e-05
-1.8383235e-05
-1.7891046e-05
-1.7306788e-05
-1.6636931e-05
-1.5888235e-05
-1.5067518e-05
-1.4181412e-05
-1.3236232e-05
-1.2237986e-05
-1.1192402e-05
-1.0104861e-05
-8.9804033e-06
-7.8237984e-06
-6.6395872e-06
-5.4320843e-06
-4.2054223e-06
-2.9636418e-06
-1.7108005e-06
-4.5105497e-07
8.1137547e-07
2.0722937e-06
3.3275411e-06
4.5729079e-06
5.8040783e-06
7.0166391e-06
8.2061887e-06
9.3683929e-06
1.0498997e-05
1.1593881e-05
1.2649127e-05
1.3661057e-05
1.4626228e-05
1.5541490e-05
1.6404025e-05
1.7211276e-05
1.7960937e-05
1.8650988e-05
1.9279779e-05
1.9846070e-05
2.0348997e-05
2.0788118e-05
2.1163511e-05
2.1475765e-05
2.1725973e-05
2.1915722e-05
2.2047036e-05
2.2122220e-05
2.2143670e-05
2.2113746e-05
2.2034646e-05
2.1908309e-05
2.1736445e-05
2.1520578e-05
2.1262085e-05
2.0962258e-05
2.0622393e-05
2.0243880e-05
1.9828158e-05
1.9376567e-05
1.8890350e-05
1.8370803e-05
1.7819408e-05
1.7237887e-05
1.6628298e-05
1.5993158e-05
1.5335346e-05
1.4657910e-05
1.3963974e-05
1.3256632e-05
1.2538978e-05
1.1814154e-05
1.1085375e-05
1.0355950e-05
9.6291922e-06
8.9081714e-06
8.1954296e-06
7.4929605e-06
6.8021982e-06
6.1239306e-06
5.4582773e-06
4.8048653e-06
4.1629675e-06
3.5315702e-06
2.9094010e-06
2.2949164e-06
1.6862971e-06
1.0815349e-06
4.7854437e-07
-1.2486331e-07
-7.3103037e-07
-1.3424170e-06
-1.9614958e-06
-2.5906159e-06
-3.2317633e-06
-3.8863544e-06
-4.5550902e-06
-5.2379296e-06
-5.9340804e-06
-6.6419936e-06
-7.3593954e-06
-8.0832374e-06
-8.8097218e-06
-9.5343950e-06
-1.0252226e-05
-1.0957769e-05
-1.1645328e-05
-1.2308970e-05
-1.2942472e-05
-1.3539482e-05
-1.4093648e-05
-1.4598718e-05
-1.5048755e-05
-1.5438286e-05
-1.5762498e-05
-1.6017500e-05
-1.6200490e-05
-1.6309825e-05
-1.6345088e-05
-1.6307137e-05
-1.6198110e-05
-1.6021260e-05
-1.5780811e-05
-1.5481820e-05
-1.5129945e-05
-1.4731298e-05
-1.4292343e-05
-1.3819674e-05
-1.3319912e-05
-1.2799680e-05
-1.2265517e-05
-1.1723824e-05
-1.1180829e-05
-1.0642503e-05
-1.0114443e-05
-9.6016378e-06
-9.1083733e-06
-8.6382572e-06
-8.1941767e-06
-7.7782724e-06
-7.3919738e-06
-7.0360844e-06
-6.7107979e-06
-6.4156219e-06
-6.1494180e-06
-5.9104025e-06
-5.6960235e-06
-5.5024740e-06
-5.3230901e-06
-5.1447493e-06
-4.9429105e-06
-4.6782135e-06
-4.2926470e-06
-3.7104826e-06
-2.8425659e-06
-1.5894354e-06
1.4422031e-07
2.4400736e-06
5.3535123e-06
8.8950715e-06
1.3013693e-05
1.7574322e-05
2.2367112e-05
2.7119742e-05
3.1500486e-05
3.5153032e-05
3.7761159e-05
3.9098522e-05
3.9040175e-05
3.7604108e-05
3.4950574e-05
3.1260235e-05
2.6654181e-05
2.1220614e-05
1.5020005e-05
8.1358987e-06
7.0149182e-07
-7.1753351e-06
-1.5410374e-05
-2.3917051e-05
-3.2594197e-05
-4.1276705e-05
-4.9698992e-05
-5.7561820e-05
-6.4596337e-05
-7.0581735e-05
-7.5379468e-05
-7.8945508e-05
-8.1297236e-05
-8.2481864e-05
-8.2575593e-05
-8.1638317e-05
-7.9700769e-05
-7.6801550e-05
-7.2982177e-05
-6.8290207e-05
-6.2808455e-05
-5.6630664e-05
-4.9869820e-05
-4.2686824e-05
-3.5230038e-05
-2.7621640e-05
-1.9982152e-05
-1.2406458e-05
-4.9796899e-06
2.2110000e-06
9.0738106e-06
1.5514551e-05
2.1454921e-05
2.6842694e-05
3.1643067e-05
3.5838666e-05
3.9418673e-05
4.2367643e-05
4.4661677e-05
4.6301462e-05
4.7343545e-05
4.7875024e-05
4.7995992e-05
4.7799995e-05
4.7342665e-05
4.6639876e-05
4.5728534e-05
4.4686077e-05
4.3583445e-05
4.2468705e-05
4.1377586e-05
4.0338282e-05
3.9352557e-05
3.8406775e-05
3.7488818e-05
3.6603237e-05
3.5770824e-05
3.4982864e-05
3.4211050e-05
3.3416520e-05
3.2517240e-05
3.1450907e-05
3.0214651e-05
2.8837309e-05
2.7336142e-05
2.5705704e-05
2.3935329e-05
2.2026567e-05
2.0021260e-05
1.7971353e-05
1.5924382e-05
1.3935362e-05
1.2045388e-05
1.0266292e-05
8.5960012e-06
7.0216856e-06
5.5088529e-06
4.0286283e-06
2.5818143e-06
1.1896107e-06
-1.0884371e-07
-1.2592172e-06
-2.2196061e-06
-2.9686153e-06
-3.4973026e-06
-3.8104366e-06
-3.9247099e-06
-3.8522040e-06
-3.5808517e-06
-3.0772783e-06
-2.3020730e-06
-1.2124309e-06
2.4661382e-07
2.1756618e-06
4.7472222e-06
8.2122220e-06
1.2844837e-05
1.8823014e-05
2.6128071e-05
3.4457128e-05
4.3237024e-05
5.1725087e-05
5.9131752e-05
6.4735352e-05
6.8006132e-05
6.8604454e-05
6.6348978e-05
6.1242018e-05
5.3408696e-05
4.3024366e-05
3.0335356e-05
1.5674174e-05
-5.6448326e-07
-1.7923819e-05
-3.5863590e-05
-5.3886038e-05
-7.1692732e-05
-8.9144433e-05
-1.0615631e-04
-1.2261290e-04
-1.3837590e-04
-1.5323191e-04
-1.6682300e-04
-1.7867820e-04
-1.8835588e-04
-1.9555126e-04
-2.0008915e-04
-2.0188029e-04
-2.0088028e-04
-1.9708131e-04
-1.9045014e-04
-1.8088029e-04
-1.6816585e-04
-1.5199776e-04
-1.3200119e-04
-1.0787864e-04
-7.9566032e-05
-4.7242487e-05
-1.1316937e-05
2.7618937e-05
6.8812731e-05
1.1139746e-04
1.5438665e-04
1.9669771e-04
2.3721253e-04
2.7483759e-04
3.0858275e-04
3.3757451e-04
3.6105103e-04
3.7837664e-04
3.8911031e-04
3.9294609e-04
3.8971554e-04
3.7943160e-04
3.6231872e-04
3.3878932e-04
3.0944476e-04
2.7512172e-04
2.3683107e-04
1.9562656e-04
1.5244267e-04
1.0800305e-04
6.2769946e-05
1.7061026e-05
-2.8755510e-05
-7.4284445e-05
-1.1910457e-04
-1.6276267e-04
-2.0460847e-04
-2.4369672e-04
-2.7900168e-04
-3.0958902e-04
-3.3462269e-04
-3.5344229e-04
-3.6570558e-04
-3.7150204e-04
-3.7144363e-04
-3.6642041e-04
-3.5735031e-04
-3.4498125e-04
-3.2980392e-04
-3.1206677e-04
-2.9185163e-04
-2.6914558e-04
-2.4397059e-04
-2.1661065e-04
-1.8761711e-04
-1.5765558e-04
-1.2732783e-04
-9.7200515e-05
-6.7809431e-05
-3.9590028e-05
-1.2889420e-05
1.2013499e-05
3.4918696e-05
5.5729151e-05
7.4358251e-05
9.0739348e-05
1.0484052e-04
1.1663446e-04
1.2611391e-04
1.3331025e-04
1.3832507e-04
1.4130395e-04
1.4233222e-04
1.4139974e-04
1.3846839e-04
1.3353347e-04
1.2668262e-04
1.1812133e-04
1.0814468e-04
9.7089286e-05
8.5242907e-05
7.2814000e-05
5.9996190e-05
4.7076386e-05
3.4407178e-05
2.2328933e-05
1.1103182e-05
8.3610249e-07
-8.4831334e-06
-1.7008007e-05
-2.5020412e-05
-3.2824348e-05
-4.0574777e-05
-4.8215201e-05
-5.5513725e-05
-6.2029088e-05
-6.7288152e-05
-7.0918706e-05
-7.2647276e-05
-7.2324750e-05
-6.9902183e-05
-6.5478073e-05
-5.9286544e-05
-5.1630223e-05
-4.2889376e-05
-3.3391308e-05
-2.3463764e-05
-1.3446424e-05
-3.6699050e-06
5.5910208e-06
1.4238431e-05
2.2335716e-05
3.0044515e-05
3.7581509e-05
4.5180875e-05
5.3036857e-05
6.1213083e-05
6.9647009e-05
7.8218567e-05
8.6780997e-05
9.5211595e-05
1.0333413e-04
1.1093390e-04
1.1784322e-04
1.2393746e-04
1.2915080e-04
1.3346136e-04
1.3688120e-04
1.3944972e-04
1.4123156e-04
1.4227013e-04
1.4265224e-04
1.4251518e-04
1.4198578e-04
1.4111122e-04
1.3986851e-04
1.3828723e-04
1.3642592e-04
1.3441466e-04
1.3252190e-04
1.3098879e-04
1.2981201e-04
1.9634829e-10
-1.1486841e-08
-4.3787340e-08
-9.2185375e-08
-1.5445328e-07
-2.2815197e-07
-3.1239384e-07
-4.0657693e-07
-5.1097085e-07
-6.2609146e-07
-7.5275893e-07
-8.9175328e-07
-1.0437010e-06
-1.2089310e-06
-1.3873133e-06
-1.5780978e-06
-1.7798511e-06
-1.9904356e-06
-2.2070070e-06
-2.4260504e-06
-2.6434753e-06
-2.8547447e-06
-3.0550550e-06
-3.2393464e-06
-3.4022782e-06
-3.5383565e-06
-3.6420631e-06
-3.7080081e-06
-3.7311069e-06
-3.7066649e-06
-3.6303662e-06
-3.4982558e-06
-3.3069132e-06
-3.0537977e-06
-2.7375443e-06
-2.3580838e-06
-1.9167335e-06
-1.4161290e-06
-8.5999996e-07
-2.5298627e-07
3.9950093e-07
1.0913535e-06
1.8157672e-06
2.5652874e-06
3.3318700e-06
4.1070282e-06
4.8819614e-06
5.6476678e-06
6.3949671e-06
7.1144896e-06
7.7968525e-06
8.4329282e-06
9.0141072e-06
9.5325107e-06
9.9811554e-06
1.0354070e-05
1.0646388e-05
1.0854504e-05
1.0976207e-05
1.1010696e-05
1.0958511e-05
1.0821553e-05
1.0603086e-05
1.0307688e-05
9.9411752e-06
9.5104674e-06
9.0234061e-06
8.4885555e-06
7.9149329e-06
7.3116720e-06
6.6877355e-06
6.0517372e-06
5.4118211e-06
4.7755245e-06
4.1496722e-06
3.5403516e-06
2.9528526e-06
2.3916045e-06
1.8601525e-06
1.3610879e-06
8.9586786e-07
4.6472543e-07
6.6717043e-08
-3.0016689e-07
-6.3889754e-07
-9.5322977e-07
-1.2473785e-06
-1.5257038e-06
-1.7925620e-06
-2.0521405e-06
-2.3082002e-06
-2.5639455e-06
-2.8219547e-06
-3.0841696e-06
-3.3518383e-06
-3.6254488e-06
-3.9047493e-06
-4.1888370e-06
-4.4762953e-06
-4.7653018e-06
-5.0537384e-06
-5.3391888e-06
-5.6189856e-06
-5.8902889e-06
-6.1502059e-06
-6.3960092e-06
-6.6253575e-06
-6.8364495e-06
-7.0281387e-06
-7.2000093e-06
-7.3522473e-06
-7.4855566e-06
-7.6011575e-06
-7.7006466e-06
-7.7858872e-06
-7.8589147e-06
-7.9218459e-06
-7.9767686e-06
-8.0256016e-06
-8.0699241e-06
-8.1109399e-06
-8.1495580e-06
-8.1864910e-06
-8.2223237e-06
-8.2574765e-06
-8.2921573e-06
-8.3262972e-06
-8.3594717e-06
-8.3908698e-06
-8.4193862e-06
-8.4437691e-06
-8.4626843e-06
-8.4748246e-06
-8.4790848e-06
-8.4746402e-06
-8.4610399e-06
-8.4382877e-06
-8.4067616e-06
-8.3670439e-06
-8.3197404e-06
-8.2654288e-06
-8.2048038e-06
-8.1388268e-06
-8.0685080e-06
-7.9946205e-06
-7.9175407e-06
-7.8372727e-06
-7.7535144e-06
-7.6656396e-06
-7.5726660e-06
-7.4732068e-06
-7.3653954e-06
-7.2469090e-06
-7.1150549e-06
-6.9668721e-06
-6.7992777e-06
-6.6091289e-06
-6.3933396e-06
-6.1490154e-06
-5.8735438e-06
-5.5646874e-06
-5.2207191e-06
-4.8405486e-06
-4.4237486e-06
-3.9705463e-06
-3.4818326e-06
-2.9591128e-06
-2.4043941e-06
-1.8202278e-06
-1.2097403e-06
-5.7657828e-07
7.5119135e-08
7.4078912e-07
1.4155774e-06
2.0945026e-06
2.7726178e-06
3.4451179e-06
4.1073838e-06
4.7550370e-06
5.3839647e-06
5.9902824e-06
6.5702857e-06
7.1204581e-06
7.6375640e-06
8.1187039e-06
8.5614083e-06
8.9637642e-06
9.3244579e-06
9.6427024e-06
9.9181596e-06
1.0150984e-05
1.0341859e-05
1.0491886e-05
1.0602449e-05
1.0675260e-05
1.0712419e-05
1.0716397e-05
1.0689927e-05
1.0635929e-05
1.0557538e-05
1.0457997e-05
1.0340493e-05
1.0208188e-05
1.0064222e-05
9.9116008e-06
9.7531047e-06
9.5913062e-06
9.4285549e-06
9.2668913e-06
9.1080288e-06
8.9534412e-06
8.8043256e-06
8.6614962e-06
8.5253257e-06
8.3957240e-06
8.2721607e-06
8.1536729e-06
8.0389210e-06
7.9263010e-06
7.8140664e-06
7.7003693e-06
7.5832227e-06
7.4606239e-06
7.3305680e-06
7.1910254e-06
7.0397580e-06
6.8747054e-06
6.6936491e-06
6.4962262e-06
6.2870780e-06
6.0730730e-06
5.8683533e-06
5.6932270e-06
5.5706834e-06
5.5287766e-06
5.6061214e-06
5.8420700e-06
6.2687327e-06
6.9001077e-06
7.7183856e-06
8.6689082e-06
9.6744475e-06
1.0657891e-05
1.1544743e-05
1.2279259e-05
1.2817225e-05
1.3110387e-05
1.3127982e-05
1.2852006e-05
1.2273179e-05
1.1400857e-05
1.0257741e-05
8.8699435e-06
7.2530430e-06
5.4111814e-06
3.3373384e-06
1.0235278e-06
-1.5248414e-06
-4.2830450e-06
-7.2104482e-06
-1.0249901e-05
-1.3332338e-05
-1.6392718e-05
-1.9374241e-05
-2.2227921e-05
-2.4910386e-05
-2.7375321e-05
-2.9579929e-05
-3.1486382e-05
-3.3061330e-05
-3.4272085e-05
-3.5090213e-05
-3.5496254e-05
-3.5481180e-05
-3.5042072e-05
-3.4185826e-05
-3.2936890e-05
-3.1335057e-05
-2.9428504e-05
-2.7265025e-05
-2.4887112e-05
-2.2332872e-05
-1.9641766e-05
-1.6857795e-05
-1.4022092e-05
-1.1171657e-05
-8.3347731e-06
-5.5296753e-06
-2.7777132e-06
-1.1084154e-07
2.4280084e-06
4.7886646e-06
6.9366356e-06
8.8622930e-06
1.0574622e-05
1.2122667e-05
1.3581032e-05
1.4973790e-05
1.6310907e-05
1.7624548e-05
1.8895865e-05
2.0059225e-05
2.1062194e-05
2.1863799e-05
2.2449665e-05
2.2843762e-05
2.3076068e-05
2.3171277e-05
2.3148921e-05
2.3028756e-05
2.2843922e-05
2.2635861e-05
2.2419988e-05
2.2170878e-05
2.1844481e-05
2.1395608e-05
2.0788606e-05
2.0039102e-05
1.9193656e-05
1.8285469e-05
1.7343154e-05
1.6383496e-05
1.5417856e-05
1.4456484e-05
1.3506043e-05
1.2570598e-05
1.1641055e-05
1.0711540e-05
9.7796765e-06
8.8339552e-06
7.8589919e-06
6.8467670e-06
5.7824125e-06
4.6361345e-06
3.3898362e-06
2.0457812e-06
6.0209199e-07
-9.3899773e-07
-2.5572920e-06
-4.2370090e-06
-5.9527062e-06
-7.6647218e-06
-9.3199507e-06
-1.0861317e-05
-1.2228542e-05
-1.3355907e-05
-1.4177199e-05
-1.4652871e-05
-1.4768401e-05
-1.4491718e-05
-1.3752683e-05
-1.2457209e-05
-1.0488421e-05
-7.7191376e-06
-4.0501897e-06
5.5852249e-07
6.0789358e-06
1.2431235e-05
1.9468503e-05
2.6974498e-05
3.4678667e-05
4.2213421e-05
4.9074823e-05
5.4677130e-05
5.8482294e-05
6.0118121e-05
5.9387117e-05
5.6241573e-05
5.0775976e-05
4.3174385e-05
3.3665916e-05
2.2489979e-05
9.9329463e-06
-3.6714639e-06
-1.8003086e-05
-3.2786307e-05
-4.7775053e-05
-6.2786257e-05
-7.7669933e-05
-9.2257421e-05
-1.0639346e-04
-1.1993431e-04
-1.3269834e-04
-1.4442974e-04
-1.5476219e-04
-1.6327295e-04
-1.6958049e-04
-1.7335059e-04
-1.7427781e-04
-1.7218373e-04
-1.6703152e-04
-1.5890179e-04
-1.4795834e-04
-1.3440715e-04
-1.1851530e-04
-1.0056551e-04
-8.0828125e-05
-5.9541034e-05
-3.6942489e-05
-1.3273893e-05
1.1270435e-05
3.6556072e-05
6.2517349e-05
8.9078220e-05
1.1606646e-04
1.4319854e-04
1.7007631e-04
1.9616599e-04
2.2080306e-04
2.4333248e-04
2.6314049e-04
2.7965879e-04
2.9241632e-04
3.0108028e-04
3.0542578e-04
3.0535016e-04
3.0094037e-04
2.9244403e-04
2.8023370e-04
2.6475098e-04
2.4644082e-04
2.2571797e-04
2.0290399e-04
1.7818675e-04
1.5165714e-04
1.2341392e-04
9.3628900e-05
6.2561925e-05
3.0545093e-05
-2.0563963e-06
-3.4820528e-05
-6.7293859e-05
-9.9075931e-05
-1.2980046e-04
-1.5915792e-04
-1.8693114e-04
-2.1293280e-04
-2.3695222e-04
-2.5870343e-04
-2.7786717e-04
-2.9417131e-04
-3.0741915e-04
-3.1749011e-04
-3.2426371e-04
-3.2761711e-04
-3.2743745e-04
-3.2364744e-04
-3.1627521e-04
-3.0543539e-04
-2.9132218e-04
-2.7421821e-04
-2.5443310e-04
-2.3231606e-04
-2.0827833e-04
-1.8274307e-04
-1.5612233e-04
-1.2880730e-04
-1.0116002e-04
-7.3503226e-05
-4.6114128e-05
-1.9224616e-05
6.9137680e-06
3.1993305e-05
5.5656693e-05
7.7497603e-05
9.7072130e-05
1.1397239e-04
1.2794904e-04
1.3896125e-04
1.4712726e-04
1.5265789e-04
1.5579539e-04
1.5675909e-04
1.5573222e-04
1.5288115e-04
1.4839900e-04
1.4248467e-04
1.3532293e-04
1.2709058e-04
1.1793706e-04
1.0797717e-04
9.7318880e-05
8.6078224e-05
7.4395866e-05
6.2474409e-05
5.0545711e-05
3.8842560e-05
2.7624533e-05
1.7143685e-05
7.5996308e-06
-8.7033615e-07
-8.1268827e-06
-1.3987156e-05
-1.8262049e-05
-2.0797590e-05
-2.1494332e-05
-2.0361975e-05
-1.7579385e-05
-1.3467601e-05
-8.3856805e-06
-2.7115290e-06
3.1347635e-06
8.7231603e-06
1.3650602e-05
1.7561178e-05
2.0220199e-05
2.1559348e-05
2.1658332e-05
2.0738931e-05
1.9122029e-05
1.7192783e-05
1.5296595e-05
-2.3580152e-11
2.2446852e-09
8.4822645e-09
1.7703148e-08
2.9233438e-08
4.2219313e-08
5.5994290e-08
6.9872020e-08
8.3304223e-08
9.5817835e-08
1.0708513e-07
1.1688998e-07
1.2513239e-07
1.3182315e-07
1.3706619e-07
1.4103851e-07
1.4396274e-07
1.4605570e-07
1.4746531e-07
1.4824221e-07
1.4834372e-07
1.4766867e-07
1.4609139e-07
1.4346905e-07
1.3965598e-07
1.3451762e-07
1.2799336e-07
1.2017729e-07
1.1137676e-07
1.0212862e-07
9.3185795e-08
8.5472030e-08
7.9998986e-08
7.7767441e-08
7.9672342e-08
8.6446265e-08
9.8641068e-08
1.1663366e-07
1.4062445e-07
1.7067798e-07
2.0676949e-07
2.4882320e-07
2.9671345e-07
3.5024776e-07
4.0916423e-07
4.7314159e-07
5.4182443e-07
6.1482907e-07
6.9171978e-07
7.7197199e-07
8.5495083e-07
9.3990681e-07
1.0259693e-06
1.1121571e-06
1.1973946e-06
1.2805415e-06
1.3604124e-06
1.4358045e-06
1.5055609e-06
1.5686998e-06
1.6246021e-06
1.6731110e-06
1.7145200e-06
1.7495291e-06
1.7791732e-06
1.8047699e-06
1.8278576e-06
1.8500659e-06
1.8729971e-06
1.8981354e-06
1.9267828e-06
1.9600124e-06
1.9986223e-06
2.0430663e-06
2.0934444e-06
2.1495152e-06
2.2106490e-06
2.2757929e-06
2.3434225e-06
2.4115194e-06
2.4775749e-06
2.5385798e-06
2.5910684e-06
2.6312178e-06
2.6549895e-06
2.6583101e-06
2.6372631e-06
2.5882553e-06
2.5081327e-06
2.3942721e-06
2.2446604e-06
2.0579774e-06
1.8337032e-06
1.5722146e-06
1.2748386e-06
9.4384974e-07
5.8240136e-07
1.9445371e-07
-2.1533617e-07
-6.4175349e-07
-1.0792017e-06
-1.5218583e-06
-1.9637794e-06
-2.3990098e-06
-2.8217036e-06
-3.2262459e-06
-3.6074028e-06
-3.9604785e-06
-4.2814302e-06
-4.5669116e-06
-4.8142523e-06
-5.0214228e-06
-5.1870560e-06
-5.3104846e-06
-5.3917169e-06
-5.4314568e-06
-5.4311042e-06
-5.3926705e-06
-5.3187472e-06
-5.2109060e-06
-5.0643902e-06
-4.8680900e-06
-4.6003146e-06
-4.1935288e-06
-3.5221020e-06
-2.4152103e-06
-6.5154317e-07
2.0138740e-06
5.7713060e-06
1.0728586e-05
1.6944731e-05
2.4503595e-05
3.3513179e-05
4.3980872e-05
5.5655618e-05
6.8029783e-05
8.0439564e-05
9.2241842e-05
1.0297812e-04
1.1220147e-04
1.1932712e-04
1.2373337e-04
1.2480881e-04
1.2208322e-04
1.1532101e-04
1.0446429e-04
8.9661088e-05
7.1208927e-05
4.9428898e-05
2.4715002e-05
-2.4184316e-06
-3.1345735e-05
-6.1371770e-05
-9.1770051e-05
-1.2179775e-04
-1.5069189e-04
-1.7769826e-04
-2.0218977e-04
-2.2369170e-04
-2.4185317e-04
-2.5640767e-04
-2.6710333e-04
-2.7377148e-04
-2.7637914e-04
-2.7502700e-04
-2.6994510e-04
-2.6139097e-04
-2.4960088e-04
-2.3481341e-04
-2.1730385e-04
-1.9739017e-04
-1.7541716e-04
-1.5173944e-04
-1.2675466e-04
-1.0089601e-04
-7.4581442e-05
-4.8232517e-05
-2.2266199e-05
2.9830784e-06
2.7246223e-05
5.0295523e-05
7.1954903e-05
9.2019621e-05
1.1028543e-04
1.2664181e-04
1.4112649e-04
1.5384636e-04
1.6489635e-04
1.7431438e-04
1.8212672e-04
1.8841705e-04
1.9332916e-04
1.9702465e-04
1.9964256e-04
2.0128119e-04
2.0198109e-04
2.0174456e-04
2.0056763e-04
1.9849721e-04
1.9560660e-04
1.9190041e-04
1.8739916e-04
1.8215526e-04
1.7619947e-04
1.6956634e-04
1.6221063e-04
1.5405785e-04
1.4512147e-04
1.3551892e-04
1.2540590e-04
1.1502704e-04
1.0473761e-04
9.4895726e-05
8.5895144e-05
7.8043795e-05
7.1622972e-05
6.6782613e-05
6.3268332e-05
6.0637174e-05
5.8478572e-05
5.6021853e-05
5.2106463e-05
4.5790806e-05
3.6427909e-05
2.3688117e-05
7.2557790e-06
-1.3014952e-05
-3.6692615e-05
-6.3490380e-05
-9.3189503e-05
-1.2555905e-04
-1.6023925e-04
-1.9636403e-04
-2.3289041e-04
-2.6858180e-04
-3.0200720e-04
-3.3193829e-04
-3.5728179e-04
-3.7696673e-04
-3.9019303e-04
-3.9636183e-04
-3.9531234e-04
-3.8706034e-04
-3.7148515e-04
-3.4872239e-04
-3.1924623e-04
-2.8388578e-04
-2.4371230e-04
-1.9963801e-04
-1.5247440e-04
-1.0323723e-04
-5.3107259e-05
-3.1215222e-06
4.5787960e-05
9.2658919e-05
1.3652189e-04
1.7657546e-04
2.1240598e-04
2.4384908e-04
2.7076612e-04
2.9295157e-04
3.1041654e-04
3.2334393e-04
3.3177708e-04
3.3566828e-04
3.3520105e-04
3.3059494e-04
3.2198199e-04
3.0960602e-04
2.9395126e-04
2.7568462e-04
2.5533481e-04
2.3320308e-04
2.0949930e-04
1.8438411e-04
1.5797231e-04
1.3048337e-04
1.0209444e-04
7.2994719e-05
4.3566837e-05
1.4140519e-05
-1.5039286e-05
-4.3728381e-05
-7.1401595e-05
-9.7382672e-05
-1.2124894e-04
-1.4263681e-04
-1.6129022e-04
-1.7695966e-04
-1.8913896e-04
-1.9735689e-04
-2.0143519e-04
-2.0138376e-04
-1.9736140e-04
-1.8962067e-04
-1.7848597e-04
-1.6436022e-04
-1.4769797e-04
-1.2923864e-04
-1.0987673e-04
-9.0280710e-05
-7.1035240e-05
-5.2640401e-05
-3.5461464e-05
-1.9893647e-05
-6.2513372e-06
5.4199139e-06
1.5317390e-05
2.3640004e-05
3.0522139e-05
3.5999220e-05
4.0053269e-05
4.2682372e-05
4.3963226e-05
4.4166498e-05
4.3550856e-05
4.2359860e-05
4.0872819e-05
3.9251633e-05
3.7591356e-05
3.6104412e-05
3.4944319e-05
3.4005259e-05
3.2981380e-05
3.1555027e-05
2.9800104e-05
2.7924291e-05
2.5997449e-05
2.4079065e-05
2.2161626e-05
2.0304745e-05
1.8767241e-05
1.7864564e-05
1.7759887e-05
1.8487075e-05
1.9896206e-05
2.1658557e-05
2.3423930e-05
2.4992456e-05
2.6241593e-05
2.7138105e-05
2.8095205e-05
2.9697534e-05
3.2229884e-05
3.5619925e-05
3.9629699e-05
4.3970152e-05
4.8193259e-05
5.1713200e-05
5.3972432e-05
5.4516402e-05
5.3019480e-05
4.9301543e-05
4.3254239e-05
3.4947417e-05
2.4591739e-05
1.2317375e-05
-1.5538677e-06
-1.6445394e-05
-3.1848270e-05
-4.7515379e-05
-6.3333726e-05
-7.9175584e-05
-9.4922543e-05
-1.1042518e-04
-1.2537532e-04
-1.3937284e-04
-1.5213210e-04
-1.6356728e-04
-1.7367373e-04
-1.8239523e-04
-1.8950671e-04
-1.9461062e-04
-1.9722252e-04
-1.9699956e-04
-1.9386198e-04
-1.8791971e-04
-1.7952613e-04
-1.6919985e-04
-1.5746188e-04
-1.4470751e-04
-1.3112911e-04
-1.1682123e-04
-1.0198439e-04
-8.6903090e-05
-7.1871778e-05
-5.7130728e-05
-4.2770381e-05
-2.8694591e-05
-1.4637754e-05
-3.8660679e-07
1.3962043e-05
2.8027058e-05
4.1454774e-05
5.4081237e-05
6.5855771e-05
7.6757666e-05
8.6791746e-05
9.5983945e-05
1.0426537e-04
1.1149990e-04
1.1760700e-04
1.2257977e-04
1.2641052e-04
1.2905312e-04
1.3055117e-04
1.3096469e-04
1.3024838e-04
1.2830661e-04
1.2510804e-04
1.2073662e-04
1.1528506e-04
1.0894087e-04
1.0207944e-04
9.5081725e-05
8.8176271e-05
8.1370311e-05
7.4559144e-05
6.7717008e-05
6.0898927e-05
5.4242901e-05
4.8050460e-05
4.2747736e-05
3.8692423e-05
3.5999922e-05
3.4590921e-05
3.4379429e-05
3.5339082e-05
3.7315656e-05
3.9953047e-05
4.2870405e-05
4.5733023e-05
4.8222562e-05
5.0090342e-05
5.1146215e-05
5.1256528e-05
5.0343221e-05
4.8462378e-05
4.5890143e-05
4.2974680e-05
3.9946937e-05
3.6860008e-05
3.3669206e-05
3.0327487e-05
2.6781502e-05
2.2968859e-05
1.8806896e-05
1.4265732e-05
9.3973503e-06
4.2779362e-06
-1.0371484e-06
-6.5251702e-06
-1.2105234e-05
-1.7686502e-05
-2.3259869e-05
-2.8868009e-05
-3.4545040e-05
-4.0306593e-05
-4.6074371e-05
-5.1666325e-05
-5.6926804e-05
-6.1796027e-05
-6.6304865e-05
-7.0572607e-05
-7.4713293e-05
-7.8655917e-05
-8.2109912e-05
-8.4691453e-05
-8.6040762e-05
-8.5910001e-05
-8.4266713e-05
-8.1257361e-05
-7.7114127e-05
-7.2065459e-05
-6.6258296e-05
-5.9768000e-05
-5.2613034e-05
-4.4878951e-05
-3.6810547e-05
-2.8729368e-05
-2.0854448e-05
-1.3224903e-05
-5.8025832e-06
1.4661029e-06
8.6483613e-06
1.5826497e-05
2.3130196e-05
3.0717827e-05
3.8647149e-05
4.6832063e-05
5.5068394e-05
6.3113069e-05
7.0720865e-05
7.7596191e-05
8.3336114e-05
8.7453701e-05
8.9511911e-05
8.9200734e-05
8.6390015e-05
8.1161386e-05
7.3772571e-05
6.4615294e-05
5.4146440e-05
4.2859926e-05
3.1207427e-05
1.9524436e-05
8.0245851e-06
-3.1000790e-06
-1.3595560e-05
-2.3164856e-05
-3.1508320e-05
-3.8419201e-05
-1.7383533e-12
-8.7934385e-10
-3.2682524e-09
-6.7102780e-09
-1.0774574e-08
-1.4858892e-08
-1.8338212e-08
-2.0506137e-08
-2.0666203e-08
-1.8140533e-08
-1.2327577e-08
-2.7333224e-09
1.0984958e-08
2.8988183e-08
5.1238369e-08
7.7477150e-08
1.0717484e-07
1.3951002e-07
1.7338854e-07
2.0744990e-07
2.4009830e-07
2.6953745e-07
2.9381676e-07
3.1093241e-07
3.1893291e-07
3.1600988e-07
3.0054577e-07
2.7113708e-07
2.2659845e-07
1.6596227e-07
8.8521005e-08
-6.1448133e-09
-1.1817775e-07
-2.4745358e-07
-3.9354440e-07
-5.5566709e-07
-7.3265979e-07
-9.2296105e-07
-1.1246224e-06
-1.3353850e-06
-1.5527720e-06
-1.7741758e-06
-1.9969357e-06
-2.2183971e-06
-2.4359555e-06
-2.6471269e-06
-2.8495701e-06
-3.0410756e-06
-3.2195904e-06
-3.3832584e-06
-3.5304360e-06
-3.6596550e-06
-3.7695338e-06
-3.8587098e-06
-3.9258648e-06
-3.9697652e-06
-3.9892962e-06
-3.9834740e-06
-3.9514046e-06
-3.8922560e-06
-3.8052573e-06
-3.6896948e-06
-3.5449280e-06
-3.3704204e-06
-3.1657932e-06
-2.9309172e-06
-2.6659822e-06
-2.3715595e-06
-2.0486519e-06
-1.6987160e-06
-1.3236927e-06
-9.2597346e-07
-5.0835778e-07
-7.4035919e-08
3.7347715e-07
8.3043675e-07
1.2929051e-06
1.7567944e-06
2.2179721e-06
2.6723425e-06
3.1158875e-06
3.5447202e-06
3.9551397e-06
4.3436598e-06
4.7070229e-06
5.0422768e-06
5.3469194e-06
5.6189797e-06
5.8570185e-06
6.0600830e-06
6.2276489e-06
6.3596438e-06
6.4563861e-06
6.5184531e-06
6.5467159e-06
6.5421586e-06
6.5058685e-06
6.4394445e-06
6.3442575e-06
6.2274761e-06
6.1127955e-06
6.0198252e-06
5.9856308e-06
6.1601372e-06
6.6954744e-06
7.7872073e-06
9.7914470e-06
1.2888079e-05
1.6964164e-05
2.1884737e-05
2.7622991e-05
3.4374579e-05
4.2413615e-05
5.1571679e-05
6.1256678e-05
7.0848082e-05
7.9874507e-05
8.8103826e-05
9.5364483e-05
1.0112332e-04
1.0476770e-04
1.0583095e-04
1.0413322e-04
9.9744835e-05
9.2541270e-05
8.2400255e-05
6.9522226e-05
5.4169170e-05
3.6555029e-05
1.6899214e-05
-4.4802538e-06
-2.7018154e-05
-5.0152016e-05
-7.3452832e-05
-9.6455345e-05
-1.1865358e-04
-1.3956389e-04
-1.5878415e-04
-1.7597338e-04
-1.9089849e-04
-2.0330989e-04
-2.1297031e-04
-2.1970071e-04
-2.2334219e-04
-2.2375562e-04
-2.2082265e-04
-2.1458358e-04
-2.0518505e-04
-1.9269638e-04
-1.7729906e-04
-1.5932178e-04
-1.3899351e-04
-1.1661107e-04
-9.2565791e-05
-6.7357158e-05
-4.1484660e-05
-1.5340208e-05
1.0682187e-05
3.6138738e-05
6.0674687e-05
8.4020387e-05
1.0588938e-04
1.2603608e-04
1.4415983e-04
1.5997666e-04
1.7326370e-04
1.8381981e-04
1.9152878e-04
1.9627401e-04
1.9786980e-04
1.9622889e-04
1.9150975e-04
1.8395201e-04
1.7385685e-04
1.6146040e-04
1.4682002e-04
1.2994689e-04
1.1098746e-04
8.9857276e-05
6.6174863e-05
3.9981148e-05
1.1413479e-05
-1.9755841e-05
-5.3485010e-05
-8.8751451e-05
-1.2430143e-04
-1.6026389e-04
-1.9722171e-04
-2.3411871e-04
-2.6887156e-04
-3.0000102e-04
-3.2654460e-04
-3.4764178e-04
-3.6231510e-04
-3.6924527e-04
-3.6726845e-04
-3.5607147e-04
-3.3579804e-04
-3.0644915e-04
-2.6918518e-04
-2.2552532e-04
-1.7646493e-04
-1.2289777e-04
-6.5256443e-05
-3.9126467e-06
5.9767747e-05
1.2379550e-04
1.8683227e-04
2.4802729e-04
3.0620677e-04
3.6056943e-04
4.1048457e-04
4.5491163e-04
4.9307007e-04
5.2438369e-04
5.4820451e-04
5.6419203e-04
5.7221201e-04
5.7206910e-04
5.6389799e-04
5.4794825e-04
5.2476856e-04
4.9486319e-04
4.5857772e-04
4.1645954e-04
3.6940664e-04
3.1854211e-04
2.6503790e-04
2.0991777e-04
1.5404432e-04
9.8440636e-05
4.3899981e-05
-9.1319599e-06
-6.0015633e-05
-1.0826454e-04
-1.5315402e-04
-1.9401161e-04
-2.3050481e-04
-2.6280646e-04
-2.9100870e-04
-3.1457297e-04
-3.3301305e-04
-3.4582232e-04
-3.5270729e-04
-3.5399338e-04
-3.5033744e-04
-3.4238681e-04
-3.3096881e-04
-3.1691580e-04
-3.0050072e-04
-2.8171485e-04
-2.6094946e-04
-2.3882860e-04
-2.1601924e-04
-1.9349056e-04
-1.7204910e-04
-1.5149296e-04
-1.3135359e-04
-1.1170546e-04
-9.2986394e-05
-7.5760824e-05
-6.0656208e-05
-4.8091606e-05
-3.7875922e-05
-2.9214386e-05
-2.1466419e-05
-1.4394311e-05
-7.8764537e-06
-1.8113098e-06
3.8235604e-06
9.1844158e-06
1.4562136e-05
2.0363252e-05
2.7093001e-05
3.4729647e-05
4.2628408e-05
5.0277304e-05
5.7784647e-05
6.5447631e-05
7.3328965e-05
8.1067287e-05
8.8334306e-05
9.5066003e-05
1.0129628e-04
1.0723512e-04
1.1285923e-04
1.1771862e-04
1.2093943e-04
1.2162666e-04
1.1929152e-04
1.1379598e-04
1.0512975e-04
9.3466599e-05
7.9281919e-05
6.2790538e-05
4.3943936e-05
2.2797134e-05
-3.4062677e-07
-2.4969782e-05
-5.0593121e-05
-7.6847247e-05
-1.0346588e-04
-1.2997601e-04
-1.5566904e-04
-1.7969680e-04
-2.0110860e-04
-2.1924355e-04
-2.3375953e-04
-2.4439459e-04
-2.5086894e-04
-2.5315594e-04
-2.5133414e-04
-2.4542684e-04
-2.3572897e-04
-2.2266842e-04
-2.0671076e-04
-1.8836857e-04
-1.6829985e-04
-1.4720684e-04
-1.2561428e-04
-1.0397654e-04
-8.2578312e-05
-6.1424348e-05
-4.0348962e-05
-1.9224876e-05
1.8971865e-06
2.2776723e-05
4.3042065e-05
6.2416926e-05
8.0720257e-05
9.7496196e-05
1.1227918e-04
1.2501045e-04
1.3581873e-04
1.4478329e-04
1.5194459e-04
1.5724163e-04
1.6054799e-04
1.6190481e-04
1.6149509e-04
1.5944220e-04
1.5580673e-04
1.5059970e-04
1.4386137e-04
1.3568778e-04
1.2613828e-04
1.1525919e-04
1.0329625e-04
9.0686208e-05
7.7660573e-05
6.4409813e-05
5.1369671e-05
3.9077226e-05
2.8012224e-05
1.8456384e-05
1.0672448e-05
5.0290347e-06
1.8126587e-06
1.1083278e-06
2.7409210e-06
6.4492491e-06
1.2014814e-05
1.9285937e-05
2.8128470e-05
3.8348517e-05
4.9710913e-05
6.1870743e-05
7.4400160e-05
8.6861605e-05
9.8842218e-05
1.0992022e-04
1.1968391e-04
1.2787443e-04
1.3428834e-04
1.3875199e-04
1.4115118e-04
1.4140432e-04
1.3949313e-04
1.3548044e-04
1.2943861e-04
1.2136467e-04
1.1127074e-04
9.9301190e-05
8.5605207e-05
7.0307632e-05
5.3673082e-05
3.6061783e-05
1.7896805e-05
-4.3229168e-07
-1.8582388e-05
-3.6140902e-05
-5.2677087e-05
-6.7824033e-05
-8.1335674e-05
-9.3129079e-05
-1.0318633e-04
-1.1150188e-04
-1.1815103e-04
-1.2330780e-04
-1.2714199e-04
-1.2974528e-04
-1.3109848e-04
-1.3104946e-04
-1.2938275e-04
-1.2587655e-04
-1.2028585e-04
-1.1250173e-04
-1.0266475e-04
-9.1153438e-05
-7.8424402e-05
-6.4875437e-05
-5.0834637e-05
-3.6574207e-05
-2.2362967e-05
-8.4339884e-06
4.9775696e-06
1.7657660e-05
2.9477368e-05
4.0348028e-05
5.0172039e-05
5.8902865e-05
6.6583956e-05
7.3195284e-05
7.8656020e-05
8.3008842e-05
8.6453115e-05
8.9237738e-05
9.1500909e-05
9.3206205e-05
9.4247267e-05
9.4509750e-05
9.3839969e-05
9.2093790e-05
8.9128102e-05
8.4736910e-05
7.8711335e-05
7.0762978e-05
6.0467496e-05
4.7421575e-05
3.1398568e-05
1.2369850e-05
-9.5510535e-06
-3.4145583e-05
-6.1090172e-05
-8.9959998e-05
-1.2019676e-04
-1.5113408e-04
-1.8207776e-04
-2.1228085e-04
-2.4092071e-04
-2.6718004e-04
-2.9034449e-04
-3.0978128e-04
-3.2490405e-04
-3.3520105e-04
-3.4022778e-04
-3.3973025e-04
-3.3363816e-04
-3.2192348e-04
-3.0462859e-04
-2.8187879e-04
-2.5383168e-04
-2.2070502e-04
-1.8284383e-04
-1.4073275e-04
-9.4973840e-05
-4.6261782e-05
4.6130197e-06
5.6774315e-05
1.0925553e-04
1.6098604e-04
2.1083835e-04
2.5772156e-04
3.0066041e-04
3.3884439e-04
3.7166484e-04
3.9869371e-04
4.1962599e-04
4.3423644e-04
4.4238041e-04
4.4396804e-04
4.3897941e-04
4.2755424e-04
4.1001619e-04
3.8677755e-04
3.5824699e-04
3.2482150e-04
2.8687648e-04
2.4482539e-04
1.9921077e-04
1.5073572e-04
1.0028242e-04
4.8894227e-05
-2.3035609e-06
-5.2216145e-05
-9.9854524e-05
-1.4438459e-04
-1.8506411e-04
-2.2115719e-04
-2.5199482e-04
-2.7709585e-04
-2.9622538e-04
-3.0931866e-04
-3.1646762e-04
-3.1799050e-04
-3.1437626e-04
-3.0620084e-04
-2.9410324e-04
-2.7873887e-04
-2.6074655e-04
-2.4072811e-04
-2.1925619e-04
1.2534467e-11
-1.3557480e-09
-5.1166117e-09
-1.0674286e-08
-1.7614020e-08
-2.5393211e-08
-3.3552876e-08
-4.1584068e-08
-4.9015782e-08
-5.5372331e-08
-6.0217014e-08
-6.3142739e-08
-6.3795561e-08
-6.1898129e-08
-5.7274032e-08
-4.9879339e-08
-3.9823200e-08
-2.7368083e-08
-1.2908186e-08
3.0673955e-09
2.0021310e-08
3.7416895e-08
5.4751873e-08
7.1572763e-08
8.7496261e-08
1.0223913e-07
1.1564853e-07
1.2774520e-07
1.3873221e-07
1.4897142e-07
1.5893066e-07
1.6912240e-07
1.8007366e-07
1.9228963e-07
2.0619682e-07
2.2211222e-07
2.4021835e-07
2.6053611e-07
2.8290134e-07
3.0692528e-07
3.3195441e-07
3.5703276e-07
3.8088634e-07
4.0197826e-07
4.1858392e-07
4.2887542e-07
4.3102789e-07
4.2330234e-07
4.0410763e-07
3.7206358e-07
3.2610565e-07
2.6558546e-07
1.9033267e-07
1.0071131e-07
-2.3923009e-09
-1.1761929e-07
-2.4320171e-07
-3.7707594e-07
-5.1698991e-07
-6.6053064e-07
-8.0513078e-07
-9.4808291e-07
-1.0866018e-06
-1.2179305e-06
-1.3394682e-06
-1.4488629e-06
-1.5440511e-06
-1.6232645e-06
-1.6850534e-06
-1.7283202e-06
-1.7523243e-06
-1.7566713e-06
-1.7412982e-06
-1.7064524e-06
-1.6526286e-06
-1.5805160e-06
-1.4910007e-06
-1.3851917e-06
-1.2644124e-06
-1.1301384e-06
-9.8394454e-07
-8.2749156e-07
-6.6250069e-07
-4.9071648e-07
-3.1389746e-07
-1.3382814e-07
4.7688142e-08
2.2888146e-07
4.0809080e-07
5.8381433e-07
7.5474251e-07
9.1978486e-07
1.0780732e-06
1.2288915e-06
1.3716041e-06
1.5056234e-06
1.6303794e-06
1.7453201e-06
1.8499576e-06
1.9438412e-06
2.0264791e-06
2.0973233e-06
2.1558034e-06
2.2013386e-06
2.2333174e-06
2.2511341e-06
2.2542557e-06
2.2422481e-06
2.2147594e-06
2.1715156e-06
2.1123687e-06
2.0373476e-06
1.9466946e-06
1.8408778e-06
1.7205937e-06
1.5867800e-06
1.4406199e-06
1.2835441e-06
1.1172235e-06
9.4353973e-07
7.6455022e-07
5.8245314e-07
3.9954466e-07
2.1812551e-07
4.0400262e-08
-1.3158102e-07
-2.9595022e-07
-4.5108104e-07
-5.9565920e-07
-7.2868461e-07
-8.4945051e-07
-9.5752029e-07
-1.0527042e-06
-1.1350430e-06
-1.2048136e-06
-1.2625275e-06
-1.3088824e-06
-1.3446884e-06
-1.3708124e-06
-1.3881336e-06
-1.3974801e-06
-1.3996038e-06
-1.3951679e-06
-1.3847308e-06
-1.3687701e-06
-1.3477339e-06
-1.3220584e-06
-1.2921548e-06
-1.2583982e-06
-1.2211409e-06
-1.1807410e-06
-1.1375629e-06
-1.0919595e-06
-1.0442648e-06
-9.9483689e-07
-9.4412116e-07
-8.9265686e-07
-8.4104210e-07
-7.8991104e-07
-7.3993220e-07
-6.9174966e-07
-6.4587610e-07
-6.0263591e-07
-5.6218188e-07
-5.2451887e-07
-4.8952810e-07
-4.5698964e-07
-4.2658149e-07
-3.9788608e-07
-3.7043752e-07
-3.4378234e-07
-3.1751693e-07
-2.9129781e-07
-2.6482858e-07
-2.3784054e-07
-2.1008679e-07
-1.8137931e-07
-1.5162313e-07
-1.2080564e-07
-8.8947419e-08
-5.6080844e-08
-2.2236232e-08
1.2541327e-08
4.8131863e-08
8.4308959e-08
1.2075599e-07
1.5707671e-07
1.9278839e-07
2.2733991e-07
2.6014742e-07
2.9063476e-07
3.1827983e-07
3.4261450e-07
3.6321330e-07
3.7968610e-07
3.9166818e-07
3.9882249e-07
4.0085710e-07
3.9754319e-07
3.8875319e-07
3.7450762e-07
3.5502046e-07
3.3068075e-07
3.0207426e-07
2.7009002e-07
2.3592624e-07
2.0092985e-07
1.6664264e-07
1.3513945e-07
1.0818975e-07
8.5934531e-08
6.9228963e-08
6.2122751e-08
7.1682723e-08
1.0607802e-07
1.7030173e-07
2.6700587e-07
4.0444245e-07
5.9483878e-07
8.4876832e-07
1.1707948e-06
1.5578725e-06
2.0005443e-06
2.4915476e-06
3.0363634e-06
3.6387487e-06
4.2699513e-06
4.8688713e-06
5.3821771e-06
5.7929279e-06
6.1040869e-06
6.3054571e-06
6.3668775e-06
6.2577779e-06
5.9608501e-06
5.4865626e-06
4.8667618e-06
4.1267873e-06
3.2637490e-06
2.2749628e-06
1.1860974e-06
3.7181609e-08
-1.1426695e-06
-2.3337324e-06
-3.5171453e-06
-4.6761990e-06
-5.7993957e-06
-6.8820377e-06
-7.9212927e-06
-8.9070167e-06
-9.8205708e-06
-1.0639887e-05
-1.1350758e-05
-1.1944064e-05
-1.2406113e-05
-1.2723250e-05
-1.2882174e-05
-1.2868613e-05
-1.2668812e-05
-1.2281568e-05
-1.1714246e-05
-1.0981286e-05
-1.0106387e-05
-9.1145414e-06
-8.0360604e-06
-6.8992606e-06
-5.7266164e-06
-4.5388563e-06
-3.3613106e-06
-2.2215999e-06
-1.1345063e-06
-1.0832899e-07
8.5532210e-07
1.7741511e-06
2.6616758e-06
3.5241745e-06
4.3629854e-06
5.1812490e-06
5.9738267e-06
6.7333820e-06
7.4478261e-06
8.1067969e-06
8.6913984e-06
9.1856333e-06
9.5931264e-06
9.9332678e-06
1.0227368e-05
1.0523681e-05
1.0886571e-05
1.1324536e-05
1.1822400e-05
1.2386106e-05
1.3020839e-05
1.3728321e-05
1.4495856e-05
1.5291513e-05
1.6060033e-05
1.6738027e-05
1.7296978e-05
1.7728326e-05
1.7998589e-05
1.8062452e-05
1.7878527e-05
1.7420352e-05
1.6672234e-05
1.5643405e-05
1.4377900e-05
1.2906762e-05
1.1237864e-05
9.3866552e-06
7.3855469e-06
5.2855363e-06
3.1404489e-06
9.8572790e-07
-1.1579903e-06
-3.2831391e-06
-5.3724621e-06
-7.3659799e-06
-9.1789296e-06
-1.0742796e-05
-1.2021149e-05
-1.2980165e-05
-1.3562484e-05
-1.3712302e-05
-1.3400559e-05
-1.2601824e-05
-1.1270278e-05
-9.3755206e-06
-6.9445215e-06
-4.0120756e-06
-6.1363325e-07
3.1739200e-06
7.2457553e-06
1.1509296e-05
1.5892529e-05
2.0323117e-05
2.4621741e-05
2.8511718e-05
3.1756254e-05
3.4142345e-05
3.5442706e-05
3.5441059e-05
3.4018948e-05
3.1066054e-05
2.6510236e-05
2.0440889e-05
1.2915413e-05
3.8932221e-06
-6.5028380e-06
-1.8055908e-05
-3.0561515e-05
-4.3794815e-05
-5.7521551e-05
-7.1497615e-05
-8.5403140e-05
-9.8866559e-05
-1.1153599e-04
-1.2307060e-04
-1.3316353e-04
-1.4155345e-04
-1.4799140e-04
-1.5227401e-04
-1.5425079e-04
-1.5376824e-04
-1.5073997e-04
-1.4525458e-04
-1.3749870e-04
-1.2765481e-04
-1.1589136e-04
-1.0238837e-04
-8.7357167e-05
-7.1029814e-05
-5.3548821e-05
-3.5016700e-05
-1.5555129e-05
4.7479931e-06
2.5814296e-05
4.7489415e-05
6.9525973e-05
9.1634141e-05
1.1345645e-04
1.3453816e-04
1.5439476e-04
1.7258634e-04
1.8877191e-04
2.0266136e-04
2.1392978e-04
2.2227513e-04
2.2743055e-04
2.2915211e-04
2.2730794e-04
2.2193835e-04
2.1326567e-04
2.0171895e-04
1.8787338e-04
1.7236140e-04
1.5576635e-04
1.3852994e-04
1.2094744e-04
1.0320596e-04
8.5453942e-05
6.7778081e-05
5.0154405e-05
3.2533742e-05
1.4908329e-05
-2.6503304e-06
-1.9939133e-05
-3.6662682e-05
-5.2545414e-05
-6.7374094e-05
-8.0964621e-05
-9.3150511e-05
-1.0376604e-04
-1.1260802e-04
-1.1947543e-04
-1.2429904e-04
-1.2716553e-04
-1.2822362e-04
-1.2764357e-04
-1.2560201e-04
-1.2226934e-04
-1.1784625e-04
-1.1258149e-04
-1.0673170e-04
-1.0052110e-04
-9.4139976e-05
-8.7726757e-05
-8.1351768e-05
-7.5006989e-05
-6.8615207e-05
-6.2113432e-05
-5.5515922e-05
-4.8874616e-05
-4.2213516e-05
-3.5544774e-05
-2.8914630e-05
-2.2393510e-05
-1.6062891e-05
-1.0000511e-05
-4.2719752e-06
1.0716370e-06
5.9990522e-06
1.0492894e-05
1.4521692e-05
1.8009070e-05
2.0819641e-05
2.2783385e-05
2.3704554e-05
2.3393564e-05
2.1733784e-05
1.8681119e-05
1.4243336e-05
8.5039655e-06
1.5946525e-06
-6.3038954e-06
-1.4940995e-05
-2.4007190e-05
-3.3173130e-05
-4.2118440e-05
-5.0547549e-05
-5.8168715e-05
-6.4650708e-05
-6.9714334e-05
-7.3198133e-05
-7.5081328e-05
-7.5436716e-05
-7.4350067e-05
-7.1883805e-05
-6.8056939e-05
-6.2823853e-05
-5.6104727e-05
-4.7822460e-05
-3.7933061e-05
-2.6454979e-05
-1.3432988e-05
1.0690962e-06
1.6888514e-05
3.3801373e-05
5.1590680e-05
6.9988841e-05
8.8656510e-05
1.0721233e-04
1.2525721e-04
1.4240490e-04
1.5827483e-04
1.7251682e-04
1.8479096e-04
1.9474325e-04
2.0203753e-04
2.0640763e-04
2.0769142e-04
2.0576173e-04
2.0054579e-04
1.9209561e-04
1.8061383e-04
1.6639984e-04
1.4985462e-04
1.3146793e-04
1.1179743e-04
9.1427077e-05
7.0906563e-05
5.0748324e-05
3.1461317e-05
1.3582210e-05
-2.4037112e-06
-1.6153241e-05
-2.7522776e-05
-3.6503827e-05
-4.3145432e-05
-4.7568390e-05
-4.9969778e-05
-5.0568759e-05
4.3371595e-12
-1.1791421e-09
-4.4166085e-09
-9.1427127e-09
-1.4889980e-08
-2.1022151e-08
-2.6923139e-08
-3.1899886e-08
-3.5279663e-08
-3.6390091e-08
-3.4612890e-08
-2.9393574e-08
-2.0274740e-08
-6.9202652e-09
1.0861153e-08
3.3094241e-08
5.9636606e-08
9.0180739e-08
1.2424815e-07
1.6119910e-07
2.0025147e-07
2.4047908e-07
2.8080519e-07
3.2001985e-07
3.5681896e-07
3.8983814e-07
4.1770105e-07
4.3908348e-07
4.5276928e-07
4.5768142e-07
4.5289048e-07
4.3762215e-07
4.1124461e-07
3.7325558e-07
3.2329769e-07
2.6117651e-07
1.8687257e-07
1.0057310e-07
2.7054199e-09
-1.0603962e-07
-2.2471404e-07
-3.5212535e-07
-4.8684096e-07
-6.2720897e-07
-7.7139351e-07
-9.1739188e-07
-1.0630495e-06
-1.2060916e-06
-1.3441430e-06
-1.4747613e-06
-1.5955160e-06
-1.7040740e-06
-1.7982991e-06
-1.8763699e-06
-1.9368681e-06
-1.9788127e-06
-2.0016619e-06
-2.0053038e-06
-1.9900584e-06
-1.9566652e-06
-1.9062155e-06
-1.8400602e-06
-1.7597108e-06
-1.6667544e-06
-1.5628006e-06
-1.4494561e-06
-1.3283145e-06
-1.2009372e-06
-1.0688264e-06
-9.3339428e-07
-7.9594027e-07
-6.5760338e-07
-5.1929335e-07
-3.8164817e-07
-2.4499501e-07
-1.0933541e-07
2.5603083e-08
1.6029628e-07
2.9535837e-07
4.3144430e-07
5.6912201e-07
7.0876215e-07
8.5044198e-07
9.9388747e-07
1.1384673e-06
1.2832534e-06
1.4267747e-06
1.5673792e-06
1.7027923e-06
1.8308136e-06
1.9490319e-06
2.0560623e-06
2.1508286e-06
2.2602433e-06
2.4386173e-06
2.8110631e-06
3.7988221e-06
6.2043295e-06
1.1123234e-05
2.0023431e-05
3.3775572e-05
5.2440782e-05
7.5632744e-05
1.0225492e-04
1.3097033e-04
1.6088193e-04
1.9135243e-04
2.2131734e-04
2.4925625e-04
2.7359148e-04
2.9322542e-04
3.0817367e-04
3.1921201e-04
3.2655259e-04
3.2914369e-04
3.2526795e-04
3.1313074e-04
2.9137012e-04
2.5959976e-04
2.1826691e-04
1.6840898e-04
1.1133669e-04
4.8443146e-05
-1.8707451e-05
-8.8588909e-05
-1.5980516e-04
-2.3115024e-04
-3.0133232e-04
-3.6896039e-04
-4.3254781e-04
-4.9053662e-04
-5.4165552e-04
-5.8484346e-04
-6.1917676e-04
-6.4408122e-04
-6.5912622e-04
-6.6394523e-04
-6.5842654e-04
-6.4294391e-04
-6.1823619e-04
-5.8497281e-04
-5.4382318e-04
-4.9559347e-04
-4.4116886e-04
-3.8154619e-04
-3.1792740e-04
-2.5150525e-04
-1.8339350e-04
-1.1478781e-04
-4.6881081e-05
1.9250235e-05
8.2593689e-05
1.4217077e-04
1.9713163e-04
2.4666353e-04
2.8994577e-04
3.2646534e-04
3.5591384e-04
3.7808548e-04
3.9294420e-04
4.0008241e-04
3.9837633e-04
3.8653673e-04
3.6349390e-04
3.2863894e-04
2.8170526e-04
2.2236200e-04
1.5100587e-04
6.9148237e-05
-2.0743757e-05
-1.1579250e-04
-2.1303232e-04
-3.0849171e-04
-3.9804723e-04
-4.7795752e-04
-5.4451056e-04
-5.9517956e-04
-6.2884419e-04
-6.4531309e-04
-6.4478550e-04
-6.2718372e-04
-5.9293268e-04
-5.4361868e-04
-4.8046069e-04
-4.0450640e-04
-3.1658405e-04
-2.1753533e-04
-1.0914111e-04
5.8147970e-06
1.2389117e-04
2.4290393e-04
3.6201163e-04
4.8007908e-04
5.9535321e-04
7.0522473e-04
8.0674411e-04
8.9703408e-04
9.7416120e-04
1.0374049e-03
1.0867126e-03
1.1221933e-03
1.1437460e-03
1.1510719e-03
1.1438987e-03
1.1223311e-03
1.0872440e-03
1.0409216e-03
9.8609750e-04
9.2462723e-04
8.5758885e-04
7.8567185e-04
7.0957500e-04
6.3025322e-04
5.4928435e-04
4.6816801e-04
3.8786337e-04
3.0887843e-04
2.3146742e-04
1.5589703e-04
8.2759623e-05
1.2794919e-05
-5.3898740e-05
-1.1810249e-04
-1.8085399e-04
-2.4254525e-04
-3.0289831e-04
-3.6098129e-04
-4.1562971e-04
-4.6542739e-04
-5.0951684e-04
-5.4793217e-04
-5.8098296e-04
-6.0891382e-04
-6.3117714e-04
-6.4673672e-04
-6.5461208e-04
-6.5443726e-04
-6.4692659e-04
-6.3333242e-04
-6.1514431e-04
-5.9374351e-04
-5.6980573e-04
-5.4312580e-04
-5.1316737e-04
-4.7942152e-04
-4.4164049e-04
-4.0016994e-04
-3.5594421e-04
-3.1021487e-04
-2.6394367e-04
-2.1755753e-04
-1.7156279e-04
-1.2684064e-04
-8.4430416e-05
-4.5672031e-05
-1.2250465e-05
1.4396337e-05
3.3665326e-05
4.5608497e-05
5.0819675e-05
5.0294582e-05
4.5098993e-05
3.6077727e-05
2.3712789e-05
8.3652420e-06
-9.3900388e-06
-2.8626632e-05
-4.8268893e-05
-6.7425467e-05
-8.5519792e-05
-1.0225478e-04
-1.1750593e-04
-1.3117928e-04
-1.4312083e-04
-1.5322297e-04
-1.6152236e-04
-1.6796411e-04
-1.7237659e-04
-1.7474714e-04
-1.7527271e-04
-1.7431202e-04
-1.7219751e-04
-1.6907919e-04
-1.6513733e-04
-1.6052799e-04
-1.5515215e-04
-1.4891670e-04
-1.4209077e-04
-1.3544608e-04
-1.3006734e-04
-1.2669017e-04
-1.2547478e-04
-1.2616530e-04
-1.2813959e-04
-1.3063245e-04
-1.3291034e-04
-1.3428800e-04
-1.3420882e-04
-1.3228981e-04
-1.2802328e-04
-1.2056654e-04
-1.0919486e-04
-9.3858971e-05
-7.5226532e-05
-5.4185354e-05
-3.1585392e-05
-8.3651855e-06
1.4558549e-05
3.6633825e-05
5.7658288e-05
7.7596165e-05
9.6555212e-05
1.1471683e-04
1.3212651e-04
1.4863524e-04
1.6404377e-04
1.7832101e-04
1.9138808e-04
2.0294394e-04
2.1259952e-04
2.1998478e-04
2.2490307e-04
2.2737157e-04
2.2763193e-04
2.2618517e-04
2.2356645e-04
2.2000205e-04
2.1541601e-04
2.0974869e-04
2.0317460e-04
1.9607773e-04
1.8890428e-04
1.8199742e-04
1.7544344e-04
1.6915862e-04
1.6295961e-04
1.5675715e-04
1.5074380e-04
1.4516909e-04
1.4006650e-04
1.3521254e-04
1.3039084e-04
1.2557704e-04
1.2080830e-04
1.1617317e-04
1.1172024e-04
1.0732401e-04
1.0285901e-04
9.8318003e-05
9.3765960e-05
8.9385153e-05
8.5436834e-05
8.2154649e-05
7.9723470e-05
7.8256913e-05
7.7880543e-05
7.8631645e-05
8.0248042e-05
8.2386657e-05
8.4785889e-05
8.7250018e-05
8.9539650e-05
9.1396633e-05
9.2663348e-05
9.3235699e-05
9.3024352e-05
9.1789768e-05
8.9114615e-05
8.4788847e-05
7.9065575e-05
7.2376115e-05
6.5028326e-05
5.7191682e-05
4.9022381e-05
4.0625275e-05
3.2024059e-05
2.3176912e-05
1.3964722e-05
4.3162490e-06
-5.7276670e-06
-1.6033042e-05
-2.6459292e-05
-3.6938104e-05
-4.7295276e-05
-5.7212740e-05
-6.6328738e-05
-7.4396239e-05
-8.1332970e-05
-8.7147009e-05
-9.1889421e-05
-9.5497785e-05
-9.7843793e-05
-9.8890823e-05
-9.8665159e-05
-9.7246873e-05
-9.4812992e-05
-9.1620359e-05
-8.8033281e-05
-8.4493561e-05
-8.1460675e-05
-7.9355004e-05
-7.8492691e-05
-7.9026204e-05
-8.0790541e-05
-8.3290744e-05
-8.5803731e-05
-8.7580058e-05
-8.8085609e-05
-8.7102463e-05
-8.4706636e-05
-8.1268454e-05
-7.7325684e-05
-7.3382756e-05
-6.9757285e-05
-6.6697072e-05
-6.4514390e-05
-6.3541073e-05
-6.4001314e-05
-6.5878738e-05
-6.8880628e-05
-7.2445648e-05
-7.5962941e-05
-7.8990947e-05
-8.1317296e-05
-8.2957367e-05
-8.4064300e-05
-8.4742436e-05
-8.5048255e-05
-8.4987558e-05
-8.4471473e-05
-8.3329333e-05
-8.1271268e-05
-7.7935816e-05
-7.3030906e-05
-6.6411837e-05
-5.8012988e-05
-4.7747861e-05
-3.5573436e-05
-2.1610997e-05
-6.1903334e-06
1.0185197e-05
2.6964788e-05
4.3698715e-05
6.0083387e-05
7.5997327e-05
9.1455602e-05
1.0652410e-04
1.2121371e-04
1.3536270e-04
1.4862457e-04
1.6053204e-04
1.7061628e-04
1.7857217e-04
1.8425643e-04
1.8749532e-04
1.8794171e-04
1.8509568e-04
1.7842914e-04
1.6752623e-04
1.5220759e-04
1.3261078e-04
1.0913082e-04
8.2314964e-05
5.2706725e-05
2.0827922e-05
-1.2675267e-05
-4.7025233e-05
-8.1412696e-05
-1.1504677e-04
-1.4714815e-04
-1.7693001e-04
-2.0362211e-04
-2.2656035e-04
-2.4524892e-04
-2.5936611e-04
-2.6868499e-04
-2.7304500e-04
-2.7240089e-04
-2.6681155e-04
-2.5638921e-04
-2.4126834e-04
-2.2161438e-04
-1.9777255e-04
-1.7037078e-04
-1.4017629e-04
-1.0797467e-04
-7.4585063e-05
-4.0841258e-05
-7.5317268e-06
2.4606691e-05
5.4814059e-05
8.2295671e-05
1.0633761e-04
1.2642043e-04
1.4222501e-04
1.5359826e-04
1.6057433e-04
1.6336676e-04
1.6233400e-04
1.5792445e-04
1.5066777e-04
1.4113835e-04
1.2992913e-04
1.1763661e-04
1.0477633e-04
9.1781955e-05
7.9015493e-05
6.6769600e-05
5.5302693e-05
4.4890221e-05
3.5850052e-05
2.8500965e-05
-3.9612651e-12
9.2381350e-11
3.6591713e-10
7.9103624e-10
1.3776182e-09
2.1537391e-09
3.1816042e-09
4.5458124e-09
6.3554433e-09
8.7345460e-09
1.1817706e-08
1.5741768e-08
2.0639166e-08
2.6631034e-08
3.3820958e-08
4.2289602e-08
5.2090327e-08
6.3245906e-08
7.5746381e-08
8.9548055e-08
1.0457358e-07
1.2071310e-07
1.3782623e-07
1.5574499e-07
1.7427724e-07
1.9321081e-07
2.1231787e-07
2.3135965e-07
2.5009123e-07
2.6826632e-07
2.8564188e-07
3.0198254e-07
3.1706467e-07
3.3068006e-07
3.4263914e-07
3.5277368e-07
3.6093900e-07
3.6701564e-07
3.7091044e-07
3.7255715e-07
3.7191653e-07
3.6897595e-07
3.6374861e-07
3.5627228e-07
3.4660785e-07
3.3483744e-07
3.2106239e-07
3.0540103e-07
2.8798631e-07
2.6896343e-07
2.4848731e-07
2.2672026e-07
2.0382951e-07
1.7998502e-07
1.5535726e-07
1.3011528e-07
1.0442481e-07
7.8446651e-08
5.2335253e-08
2.6237436e-08
2.9137448e-10
-2.5374228e-08
-5.0640774e-08
-7.5400204e-08
-9.9555254e-08
-1.2301954e-07
-1.4571750e-07
-1.6758418e-07
-1.8856491e-07
-2.0861488e-07
-2.2769859e-07
-2.4578933e-07
-2.6286846e-07
-2.7892479e-07
-2.9395381e-07
-3.0795704e-07
-3.2094129e-07
-3.3291795e-07
-3.4390231e-07
-3.5391293e-07
-3.6297103e-07
-3.7109991e-07
-3.7832444e-07
-3.8467058e-07
-3.9016498e-07
-3.9483462e-07
-3.9870644e-07
-4.0180718e-07
-4.0416306e-07
-4.0579967e-07
-4.0674187e-07
-4.0701362e-07
-4.0663801e-07
-4.0563722e-07
-4.0403251e-07
-4.0184427e-07
-3.9909208e-07
-3.9579478e-07
-3.9197052e-07
-3.8763688e-07
-3.8281098e-07
-3.7750951e-07
-3.7174891e-07
-3.6554540e-07
-3.5891508e-07
-3.5187406e-07
-3.4443845e-07
-3.3662451e-07
-3.2844865e-07
-3.1992748e-07
-3.1107788e-07
-3.0191698e-07
-2.9246222e-07
-2.8273130e-07
-2.7274225e-07
-2.6251333e-07
-2.5206307e-07
-2.4141024e-07
-2.3057378e-07
-2.1957279e-07
-2.0842648e-07
-1.9715414e-07
-1.8577504e-07
-1.7430844e-07
-1.6277349e-07
-1.5118923e-07
-1.3957447e-07
-1.2794781e-07
-1.1632753e-07
-1.0473161e-07
-9.3177607e-08
-8.1682686e-08
-7.0263539e-08
-5.8936366e-08
-4.7716843e-08
-3.6620091e-08
-2.5660657e-08
-1.4852488e-08
-4.2089195e-09
6.2573367e-09
1.6534202e-08
2.6610236e-08
3.6474641e-08
4.6117248e-08
5.5528518e-08
6.4699525e-08
7.3622022e-08
8.2288888e-08
9.0696026e-08
9.8847374e-08
1.0676259e-07
1.1448071e-07
1.2206617e-07
1.2963240e-07
1.3736414e-07
1.4552634e-07
1.5445221e-07
1.6454521e-07
1.7628174e-07
1.9018163e-07
2.0680708e-07
2.2676925e-07
2.5070958e-07
2.7927032e-07
3.1303906e-07
3.5248858e-07
3.9793843e-07
4.4957488e-07
5.0754966e-07
5.7203270e-07
6.4319561e-07
7.2131007e-07
8.0685455e-07
9.0046172e-07
1.0027627e-06
1.1142541e-06
1.2354151e-06
1.3668754e-06
1.5093644e-06
1.6635974e-06
1.8302438e-06
2.0098354e-06
2.2025705e-06
2.4081152e-06
2.6255417e-06
2.8533644e-06
3.0894747e-06
3.3311433e-06
3.5750380e-06
3.8172542e-06
4.0535029e-06
4.2793802e-06
4.4905012e-06
4.6825652e-06
4.8514352e-06
4.9932292e-06
5.1044120e-06
5.1819015e-06
5.2231376e-06
5.2262034e-06
5.1900461e-06
5.1144813e-06
5.0000440e-06
4.8478279e-06
4.6594646e-06
4.4371277e-06
4.1835387e-06
3.9020218e-06
3.5962911e-06
3.2696490e-06
2.9247846e-06
2.5642789e-06
2.1904597e-06
1.8055454e-06
1.4123522e-06
1.0125208e-06
6.0572367e-07
1.9122563e-07
-2.3277375e-07
-6.6823655e-07
-1.1147410e-06
-1.5700993e-06
-2.0318422e-06
-2.4986506e-06
-2.9673973e-06
-3.4306486e-06
-3.8745305e-06
-4.2780956e-06
-4.6167350e-06
-4.8696633e-06
-5.0283877e-06
-5.1073759e-06
-5.1440979e-06
-5.1822028e-06
-5.2544907e-06
-5.3795467e-06
-5.5671606e-06
-5.8275213e-06
-6.1722142e-06
-6.6052187e-06
-7.1292006e-06
-7.7363138e-06
-8.3997375e-06
-9.0852675e-06
-9.7842952e-06
-1.0505978e-05
-1.1255121e-05
-1.2026492e-05
-1.2803087e-05
-1.3567659e-05
-1.4302992e-05
-1.4992477e-05
-1.5620522e-05
-1.6168808e-05
-1.6625169e-05
-1.6984680e-05
-1.7244578e-05
-1.7392258e-05
-1.7406728e-05
-1.7279359e-05
-1.7022529e-05
-1.6656514e-05
-1.6197041e-05
-1.5641266e-05
-1.4989769e-05
-1.4250053e-05
-1.3426321e-05
-1.2530301e-05
-1.1575289e-05
-1.0571157e-05
-9.5398787e-06
-8.4906417e-06
-7.4184497e-06
-6.3176063e-06
-5.1875226e-06
-4.0405328e-06
-2.8776600e-06
-1.6907878e-06
-4.7460897e-07
7.7559487e-07
2.0760213e-06
3.4332884e-06
4.8301123e-06
6.2443940e-06
7.6603883e-06
9.0631734e-06
1.0430064e-05
1.1770214e-05
1.3089745e-05
1.4381240e-05
1.5631900e-05
1.6831901e-05
1.7971966e-05
1.9043562e-05
2.0044310e-05
2.0964671e-05
2.1800981e-05
2.2516249e-05
2.3079615e-05
2.3523035e-05
2.3849815e-05
2.4022620e-05
2.4027049e-05
2.3876081e-05
2.3580909e-05
2.3162365e-05
2.2613365e-05
2.1910346e-05
2.1054990e-05
2.0048232e-05
1.8878666e-05
1.7573626e-05
1.6169325e-05
1.4687585e-05
1.3158805e-05
1.1605565e-05
1.0049301e-05
8.5059330e-06
6.9901951e-06
5.5179560e-06
4.1153708e-06
2.8150682e-06
1.6458307e-06
6.2902485e-07
-2.3139610e-07
-9.3760335e-07
-1.4893072e-06
-1.8601135e-06
-1.9907261e-06
-1.8180885e-06
-1.2571888e-06
-1.7936157e-07
1.5363556e-06
3.9852224e-06
7.1547819e-06
1.0850870e-05
1.4803451e-05
1.8743297e-05
2.2522627e-05
2.6142419e-05
2.9534386e-05
3.2348142e-05
3.4054768e-05
3.4241217e-05
3.2769142e-05
2.9716513e-05
2.5220820e-05
1.9283131e-05
1.1826054e-05
2.8300815e-06
-7.5638219e-06
-1.9030507e-05
-3.1053251e-05
-4.3118239e-05
-5.4872898e-05
-6.6157333e-05
-7.6863074e-05
-8.6783043e-05
-9.5656386e-05
-1.0319682e-04
-1.0915130e-04
-1.1340602e-04
-1.1593601e-04
-1.1671140e-04
-1.1570797e-04
-1.1294097e-04
-1.0842435e-04
-1.0219240e-04
-9.4274042e-05
-8.4666691e-05
-7.3321925e-05
-6.0228518e-05
-4.5554516e-05
-2.9529169e-05
-1.2379754e-05
5.6472147e-06
2.4177433e-05
4.2774488e-05
6.1103819e-05
7.8885459e-05
9.5844535e-05
1.1169383e-04
1.2607291e-04
1.3857768e-04
1.4873840e-04
1.5601449e-04
1.6001753e-04
1.6050263e-04
1.5729239e-04
1.5036805e-04
1.3996391e-04
1.2664586e-04
1.1124035e-04
9.4612784e-05
7.7498648e-05
6.0499338e-05
4.4160441e-05
2.9041201e-05
1.5628561e-05
4.1727287e-06
-5.3127863e-06
-1.2972079e-05
-1.9128587e-05
-2.4239479e-05
-2.8635036e-05
-3.2408868e-05
-3.5569485e-05
-3.8148751e-05
-4.0177664e-05
-4.1595018e-05
-4.2234302e-05
-4.1923141e-05
-4.0632188e-05
-3.8530912e-05
-3.5849438e-05
-3.2838384e-05
-2.9861407e-05
-2.7365493e-05
-2.5719345e-05
-2.4995687e-05
-2.4997315e-05
-2.5478566e-05
-2.6280085e-05
-2.7342222e-05
-2.8563623e-05
-2.9801203e-05
-3.0981348e-05
-3.2019736e-05
-3.2871080e-05
-3.3644885e-05
-3.4439470e-05
-3.5304173e-05
-3.6202791e-05
-3.7123925e-05
-3.8008901e-05
-3.8594279e-05
-3.8664890e-05
-3.8145514e-05
-3.7006581e-05
-3.5251965e-05
-3.2989148e-05
-3.0364495e-05
-2.7577591e-05
-2.4889616e-05
-2.2512149e-05
-2.0723152e-05
-1.9730469e-05
-1.9509709e-05
-1.9907074e-05
-2.0750990e-05
-2.1805292e-05
-2.2816651e-05
-2.3577250e-05
-2.3855104e-05
-2.3363545e-05
-2.1844516e-05
-1.9173887e-05
-1.5366894e-05
-1.0600941e-05
-5.1428749e-06
6.6715413e-07
6.4903717e-06
1.2069147e-05
1.7153219e-05
2.1522890e-05
2.5017729e-05
2.7422299e-05
2.8546339e-05
2.8260298e-05
2.6497112e-05
2.3408656e-05
1.9291158e-05
1.4525124e-05
9.5170238e-06
4.6509468e-06
2.5371928e-07
-3.4070627e-06
-6.1657408e-06
-7.9975174e-06
-8.9016982e-06
-8.8667970e-06
-7.8355141e-06
-5.9358042e-06
-3.5896562e-06
-1.0829461e-06
1.6372164e-06
4.6348812e-06
7.8852092e-06
1.1403590e-05
1.5182999e-05
1.9179352e-05
2.3274477e-05
2.7341568e-05
3.1356299e-05
3.5312219e-05
3.9221314e-05
4.3005986e-05
4.6599940e-05
5.0091125e-05
5.3704541e-05
5.7546350e-05
6.1524782e-05
6.5641399e-05
7.0078015e-05
7.4997646e-05
8.0322493e-05
8.5831350e-05
9.1255280e-05
9.6280059e-05
1.0057285e-04
1.0397115e-04
1.0650930e-04