-1.2080438e-11
8.4974552e-10
3.2492959e-09
6.8167938e-09
1.1310439e-08
1.6427046e-08
2.1937023e-08
2.7599736e-08
3.3219594e-08
3.8612927e-08
4.3627826e-08
4.8133816e-08
5.2025686e-08
5.5222221e-08
5.7664876e-08
5.9316512e-08
6.0159925e-08
6.0196186e-08
5.9442850e-08
5.7932072e-08
5.5708652e-08
5.2828065e-08
4.9354493e-08
4.5358900e-08
4.0917176e-08
3.6108364e-08
3.1013010e-08
2.5711635e-08
2.0283345e-08
1.4804608e-08
9.3481702e-09
3.9821471e-09
-1.2307291e-09
-6.2337035e-09
-1.0976438e-08
-1.5415306e-08
-1.9513545e-08
-2.3241292e-08
-2.6575492e-08
-2.9499713e-08
-3.2003864e-08
-3.4083846e-08
-3.5741129e-08
-3.6982285e-08
-3.7818482e-08
-3.8264957e-08
-3.8340461e-08
-3.8066721e-08
-3.7467884e-08
-3.6569995e-08
-3.5400481e-08
-3.3987675e-08
-3.2360357e-08
-3.0547348e-08
-2.8577129e-08
-2.6477513e-08
-2.4275347e-08
-2.1996271e-08
-1.9664507e-08
-1.7302694e-08
-1.4931769e-08
-1.2570871e-08
-1.0237294e-08
-7.9464664e-09
-5.7119540e-09
-3.5454999e-09
-1.4570777e-09
5.4503194e-10
2.4541500e-09
4.2650953e-09
5.9740708e-09
7.5785435e-09
9.0771195e-09
1.0469419e-08
1.1755949e-08
1.2937985e-08
1.4017444e-08
1.4996782e-08
1.5878877e-08
1.6666940e-08
1.7364418e-08
1.7974915e-08
1.8502120e-08
1.8949742e-08
1.9321460e-08
1.9620872e-08
1.9851463e-08
2.0016573e-08
2.0119379e-08
2.0162878e-08
2.0149878e-08
2.0082998e-08
1.9964671e-08
1.9797145e-08
1.9582498e-08
1.9322649e-08
1.9019372e-08
1.8674312e-08
1.8289004e-08
1.7864890e-08
1.7403334e-08
1.6905646e-08
1.6373090e-08
1.5806908e-08
1.5208330e-08
1.4578587e-08
1.3918927e-08
1.3230618e-08
1.2514962e-08
1.1773301e-08
1.1007019e-08
1.0217548e-08
9.4063688e-09
8.5750115e-09
7.7250550e-09
6.8581244e-09
5.9758879e-09
5.0800524e-09
4.1723591e-09
3.2545771e-09
2.3284980e-09
1.3959288e-09
4.5868548e-10
-4.8141418e-10
-1.4225574e-09
-2.3629432e-09
-3.3007895e-09
-4.2343392e-09
-5.1618666e-09
-6.0816830e-09
-6.9921426e-09
-7.8916468e-09
-8.7786495e-09
-9.6516604e-09
-1.0509249e-08
-1.1350047e-08
-1.2172753e-08
-1.2976132e-08
-1.3759016e-08
-1.4520311e-08
-1.5258993e-08
-1.5974107e-08
-1.6664772e-08
-1.7330178e-08
-1.7969585e-08
-1.8582325e-08
-1.9167795e-08
-1.9725465e-08
-2.0254866e-08
-2.0755597e-08
-2.1227320e-08
-2.1669757e-08
-2.2082691e-08
-2.2465961e-08
-2.2819462e-08
-2.3143144e-08
-2.3437007e-08
-2.3701103e-08
-2.3935529e-08
-2.4140431e-08
-2.4315997e-08
-2.4462457e-08
-2.4580083e-08
-2.4669183e-08
-2.4730106e-08
-2.4763232e-08
-2.4768976e-08
-2.4747784e-08
-2.4700134e-08
-2.4626531e-08
-2.4527506e-08
-2.4403619e-08
-2.4255451e-08
-2.4083606e-08
-2.3888710e-08
-2.3671409e-08
-2.3432366e-08
-2.3172261e-08
-2.2891790e-08
-2.2591665e-08
-2.2272606e-08
-2.1935351e-08
-2.1580642e-08
-2.1209233e-08
-2.0821887e-08
-2.0419370e-08
-2.0002456e-08
-1.9571920e-08
-1.9128543e-08
-1.8673105e-08
-1.8206388e-08
-1.7729172e-08
-1.7242235e-08
-1.6746354e-08
-1.6242299e-08
-1.5730837e-08
-1.5212729e-08
-1.4688727e-08
-1.4159576e-08
-1.3626013e-08
-1.3088765e-08
-1.2548546e-08
-1.2006061e-08
-1.1462003e-08
-1.0917051e-08
-1.0371870e-08
-9.8271121e-09
-9.2834134e-09
-8.7413954e-09
-8.2016634e-09
-7.6648062e-09
-7.1313959e-09
-6.6019873e-09
-6.0771175e-09
-5.5573057e-09
-5.0430529e-09
-4.5348415e-09
-4.0331353e-09
-3.5383791e-09
-3.0509986e-09
-2.5714003e-09
-2.0999716e-09
-1.6370803e-09
-1.1830752e-09
-7.3828538e-10
-3.0302087e-10
1.2242768e-10
5.3778875e-10
9.4280990e-10
1.3372576e-09
1.7209170e-09
2.0935920e-09
2.4551047e-09
2.8052953e-09
3.1440213e-09
3.4711567e-09
3.7865878e-09
4.0902111e-09
4.3819363e-09
4.6616776e-09
4.9293654e-09
5.1849175e-09
5.4283179e-09
5.6599172e-09
5.8812599e-09
6.0973372e-09
6.3237998e-09
6.5942743e-09
6.9603759e-09
7.4945320e-09
8.2930517e-09
9.4911606e-09
1.1267505e-08
1.3849327e-08
1.7543895e-08
2.2749189e-08
2.9975868e-08
3.9824032e-08
5.2532870e-08
6.7065449e-08
8.1120149e-08
9.0519024e-08
8.7176365e-08
6.0145531e-08
-3.6537202e-09
-1.2098313e-07
-3.1170235e-07
-5.9457016e-07
-9.8585461e-07
-1.4974317e-06
-2.1345300e-06
-2.8958457e-06
-3.7707106e-06
-4.7364508e-06
-5.7562203e-06
-6.7761442e-06
-7.7202572e-06
-8.5011265e-06
-9.0350258e-06
-9.2523680e-06
-9.1130611e-06
-8.6170652e-06
-7.7947091e-06
-6.6900613e-06
-5.3477837e-06
-3.7992246e-06
-2.0550796e-06
-1.1830665e-07
2.0007525e-06
4.2801736e-06
6.6897931e-06
9.1895128e-06
1.1731062e-05
1.4261059e-05
1.6715556e-05
1.9026290e-05
2.1127220e-05
2.2953526e-05
2.4451752e-05
2.5587142e-05
2.6347078e-05
2.6733919e-05
2.6760403e-05
2.6434789e-05
2.5749655e-05
2.4693638e-05
2.3261685e-05
2.1467162e-05
1.9343743e-05
1.6938137e-05
1.4306591e-05
1.1504541e-05
8.5743687e-06
5.5526914e-06
2.4756901e-06
-6.1127657e-07
-3.6516374e-06
-6.5816454e-06
-9.3311283e-06
-1.1836439e-05
-1.4041201e-05
-1.5900503e-05
-1.7395213e-05
-1.8542734e-05
-1.9381108e-05
-1.9951589e-05
-2.0283305e-05
-2.0391844e-05
-2.0296703e-05
-2.0029625e-05
-1.9620307e-05
-1.9095634e-05
-1.8476913e-05
-1.7772420e-05
-1.6973504e-05
-1.6074391e-05
-1.5097509e-05
-1.4079660e-05
-1.3059344e-05
-1.2086891e-05
-1.1183978e-05
-1.0331680e-05
-9.5243926e-06
-8.7664117e-06
-8.0548340e-06
-7.3913818e-06
-6.7865838e-06
-6.2487021e-06
-5.7740798e-06
-5.3497374e-06
-4.9585636e-06
-4.5899299e-06
-4.2335218e-06
-3.8664073e-06
-3.4613818e-06
-3.0046581e-06
-2.4722392e-06
-1.8382547e-06
-1.1001436e-06
-2.6179918e-07
6.7928894e-07
1.7084520e-06
2.7915732e-06
3.9011287e-06
5.0089588e-06
6.0911954e-06
7.1403158e-06
8.1462719e-06
9.0954031e-06
9.9747246e-06
1.0751674e-05
1.1394665e-05
1.1890830e-05
1.2214751e-05
1.2338276e-05
1.2246591e-05
1.1925541e-05
1.1347166e-05
1.0497128e-05
9.3721441e-06
7.9711747e-06
6.2902395e-06
4.3095279e-06
1.9896895e-06
-7.2139849e-07
-3.8983620e-06
-7.6382487e-06
-1.2027209e-05
-1.7114178e-05
-2.2892979e-05
-2.9278524e-05
-3.6091001e-05
-4.3093803e-05
-5.0008237e-05
-5.6541910e-05
-6.2408421e-05
-6.7350135e-05
-7.1159143e-05
-7.3668447e-05
-7.4739919e-05
-7.4284086e-05
-7.2273416e-05
-6.8724355e-05
-6.3697219e-05
-5.7300267e-05
-4.9656387e-05
-4.0875291e-05
-3.1046769e-05
-2.0246455e-05
-8.5598013e-06
3.9247398e-06
1.7060250e-05
3.0547955e-05
4.3989112e-05
5.7014963e-05
6.9306522e-05
8.0591675e-05
9.0678123e-05
9.9484161e-05
1.0700583e-04
1.1324332e-04
1.1817664e-04
1.2180958e-04
1.2420292e-04
1.2539864e-04
1.2544384e-04
1.2443883e-04
1.2244120e-04
1.1938756e-04
1.1515697e-04
1.0966113e-04
1.0289419e-04
9.4938088e-05
8.5945158e-05
7.6157862e-05
6.5873025e-05
5.5359534e-05
4.4820165e-05
3.4396477e-05
2.4155008e-05
1.4138415e-05
4.3894683e-06
-5.0784819e-06
-1.4249727e-05
-2.3157734e-05
-3.1884167e-05
-4.0478681e-05
-4.8964563e-05
-5.7338806e-05
-6.5556611e-05
-7.3521694e-05
-8.1126483e-05
-8.8248330e-05
-9.4722866e-05
-1.0041713e-04
-1.0532677e-04
-1.0950467e-04
-1.1300650e-04
-1.1589124e-04
-1.1817622e-04
-1.1981623e-04
-1.2070176e-04
-1.2068840e-04
-1.1965410e-04
-1.1750364e-04
-1.1416663e-04
-1.0962317e-04
-1.0387997e-04
-9.6939583e-05
-8.8834633e-05
-7.9691241e-05
-6.9701732e-05
-5.9049822e-05
-4.7899306e-05
-3.6429005e-05
-2.4857860e-05
-1.3407799e-05
-2.2547839e-06
8.4340126e-06
1.8459005e-05
2.7655504e-05
3.5908600e-05
4.3078998e-05
4.9025613e-05
5.3672019e-05
5.6988524e-05
5.8960453e-05
5.9632531e-05
5.9147236e-05
5.7732841e-05
5.5597423e-05
5.2866257e-05
4.9607781e-05
4.5882020e-05
4.1775176e-05
3.7360625e-05
3.2806966e-05
2.8348058e-05
2.4163525e-05
2.0363937e-05
1.6961768e-05
1.3924405e-05
1.1239043e-05
8.9233735e-06
7.0228487e-06
5.6203145e-06
4.7779452e-06
4.5241675e-06
4.8610721e-06
5.8320957e-06
7.4941049e-06
9.8804837e-06
-4.9883789e-11
8.6409229e-10
3.4657709e-09
7.6326425e-09
1.3715290e-08
2.2374515e-08
3.4694596e-08
5.2031733e-08
7.6012725e-08
1.0843197e-07
1.5115377e-07
2.0592449e-07
2.7417114e-07
3.5684509e-07
4.5437273e-07
5.6659895e-07
6.9274866e-07
8.3142795e-07
9.8070096e-07
1.1381493e-06
1.3009258e-06
1.4658222e-06
1.6293482e-06
1.7878600e-06
1.9376554e-06
2.0751215e-06
2.1968650e-06
2.2997125e-06
2.3807093e-06
2.4372234e-06
2.4670571e-06
2.4683650e-06
2.4395354e-06
2.3791906e-06
2.2862949e-06
2.1603555e-06
2.0015400e-06
1.8107385e-06
1.5895869e-06
1.3404438e-06
1.0664106e-06
7.7121875e-07
4.5888441e-07
1.3339019e-07
-2.0144843e-07
-5.4206010e-07
-8.8522671e-07
-1.2282245e-06
-1.5688707e-06
-1.9054314e-06
-2.2365614e-06
-2.5613122e-06
-2.8790295e-06
-3.1892576e-06
-3.4917267e-06
-3.7863313e-06
-4.0731873e-06
-4.3526840e-06
-4.6254165e-06
-4.8920978e-06
-5.1535633e-06
-5.4108485e-06
-5.6652050e-06
-5.9180407e-06
-6.1707707e-06
-6.4245742e-06
-6.6802222e-06
-6.9379918e-06
-7.1974805e-06
-7.4574685e-06
-7.7160076e-06
-7.9706390e-06
-8.2186392e-06
-8.4571251e-06
-8.6830153e-06
-8.8930050e-06
-9.0835772e-06
-9.2510069e-06
-9.3913536e-06
-9.5004196e-06
-9.5737109e-06
-9.6064838e-06
-9.5938866e-06
-9.5310403e-06
-9.4131500e-06
-9.2357712e-06
-8.9950671e-06
-8.6879882e-06
-8.3123917e-06
-7.8671105e-06
-7.3518773e-06
-6.7672982e-06
-6.1150026e-06
-5.3978207e-06
-4.6198324e-06
-3.7861843e-06
-2.9028980e-06
-1.9767300e-06
-1.0149294e-06
-2.4967955e-08
9.8564652e-07
2.0094737e-06
3.0391412e-06
4.0673429e-06
5.0868641e-06
6.0905852e-06
7.0716294e-06
8.0235583e-06
8.9404400e-06
9.8168222e-06
1.0647652e-05
1.1428264e-05
1.2154379e-05
1.2822162e-05
1.3428438e-05
1.3970876e-05
1.4448098e-05
1.4859716e-05
1.5206349e-05
1.5489672e-05
1.5712296e-05
1.5877484e-05
1.5988920e-05
1.6050588e-05
1.6066759e-05
1.6041910e-05
1.5980681e-05
1.5887861e-05
1.5768175e-05
1.5625889e-05
1.5464558e-05
1.5287013e-05
1.5095449e-05
1.4891540e-05
1.4676498e-05
1.4451137e-05
1.4215922e-05
1.3970757e-05
1.3714794e-05
1.3446560e-05
1.3164068e-05
1.2864818e-05
1.2545792e-05
1.2203575e-05
1.1834374e-05
1.1434130e-05
1.0998708e-05
1.0524077e-05
1.0006560e-05
9.4430662e-06
8.8312379e-06
8.1694301e-06
7.4567469e-06
6.6932165e-06
5.8800058e-06
5.0194619e-06
4.1150870e-06
3.1714910e-06
2.1943295e-06
1.1900525e-06
1.6563069e-07
-8.7164216e-07
-1.9143260e-06
-2.9548553e-06
-3.9855896e-06
-4.9989445e-06
-5.9876115e-06
-6.9448455e-06
-7.8646681e-06
-8.7418802e-06
-9.5719159e-06
-1.0350856e-05
-1.1075362e-05
-1.1742579e-05
-1.2350148e-05
-1.2896178e-05
-1.3379230e-05
-1.3798284e-05
-1.4152718e-05
-1.4442382e-05
-1.4667625e-05
-1.4829366e-05
-1.4929117e-05
-1.4968817e-05
-1.4950726e-05
-1.4877387e-05
-1.4751527e-05
-1.4576081e-05
-1.4354257e-05
-1.4089447e-05
-1.3785211e-05
-1.3445326e-05
-1.3073673e-05
-1.2674124e-05
-1.2250500e-05
-1.1806576e-05
-1.1346117e-05
-1.0872851e-05
-1.0390407e-05
-9.9022641e-06
-9.4116385e-06
-8.9214249e-06
-8.4342642e-06
-7.9525167e-06
-7.4780768e-06
-7.0122617e-06
-6.5557967e-06
-6.1088195e-06
-5.6709350e-06
-5.2416853e-06
-4.8220368e-06
-4.4172999e-06
-4.0412069e-06
-3.7197388e-06
-3.4951569e-06
-3.4277385e-06
-3.5940454e-06
-4.0852870e-06
-4.9997756e-06
-6.4340449e-06
-8.4724306e-06
-1.1171264e-05
-1.4543045e-05
-1.8534247e-05
-2.3017170e-05
-2.7796608e-05
-3.2607278e-05
-3.7126993e-05
-4.1026990e-05
-4.4027315e-05
-4.5917613e-05
-4.6586876e-05
-4.6055326e-05
-4.4413502e-05
-4.1726152e-05
-3.8030920e-05
-3.3370448e-05
-2.7801820e-05
-2.1402358e-05
-1.4253205e-05
-6.4289781e-06
2.0056081e-06
1.0972568e-05
2.0332503e-05
2.9871845e-05
3.9325836e-05
4.8401949e-05
5.6810591e-05
6.4304586e-05
7.0711160e-05
7.5939553e-05
7.9944356e-05
8.2710802e-05
8.4259621e-05
8.4634324e-05
8.3910036e-05
8.2184836e-05
7.9571681e-05
7.6196035e-05
7.2162739e-05
6.7565575e-05
6.2505156e-05
5.7074326e-05
5.1348149e-05
4.5410040e-05
3.9385074e-05
3.3426352e-05
2.7679371e-05
2.2271701e-05
1.7306352e-05
1.2836537e-05
8.8637058e-06
5.3725392e-06
2.3357663e-06
-2.9049766e-07
-2.5689947e-06
-4.5650315e-06
-6.3457665e-06
-7.9731357e-06
-9.4911894e-06
-1.0914361e-05
-1.2223797e-05
-1.3398085e-05
-1.4429817e-05
-1.5336399e-05
-1.6155494e-05
-1.6919961e-05
-1.7649048e-05
-1.8361767e-05
-1.9058924e-05
-1.9717267e-05
-2.0315353e-05
-2.0823052e-05
-2.1214014e-05
-2.1475818e-05
-2.1598108e-05
-2.1570580e-05
-2.1387764e-05
-2.1049415e-05
-2.0571228e-05
-1.9990008e-05
-1.9366819e-05
-1.8770320e-05
-1.8248665e-05
-1.7827011e-05
-1.7512223e-05
-1.7320535e-05
-1.7271356e-05
-1.7377655e-05
-1.7664149e-05
-1.8145197e-05
-1.8825434e-05
-1.9703134e-05
-2.0762532e-05
-2.1983782e-05
-2.3346248e-05
-2.4816571e-05
-2.6361057e-05
-2.7955714e-05
-2.9578429e-05
-3.1218544e-05
-3.2866104e-05
-3.4502142e-05
-3.6102313e-05
-3.7636753e-05
-3.9069687e-05
-4.0379829e-05
-4.1578475e-05
-4.2712477e-05
-4.3855757e-05
-4.5122807e-05
-4.6673461e-05
-4.8712138e-05
-5.1524378e-05
-5.5463870e-05
-6.0841585e-05
-6.7805861e-05
-7.6257087e-05
-8.5834551e-05
-9.5930103e-05
-1.0577215e-04
-1.1454796e-04
-1.2153414e-04
-1.2614360e-04
-1.2790961e-04
-1.2655191e-04
-1.2196856e-04
-1.1413344e-04
-1.0308279e-04
-8.8941994e-05
-7.1917040e-05
-5.2287260e-05
-3.0450078e-05
-6.8931899e-06
1.7994365e-05
4.3981604e-05
7.0907535e-05
9.8621769e-05
1.2692365e-04
1.5549277e-04
1.8378139e-04
2.1102416e-04
2.3637429e-04
2.5901867e-04
2.7827443e-04
2.9364041e-04
3.0485569e-04
3.1191799e-04
3.1500519e-04
3.1434702e-04
3.1017239e-04
3.0259610e-04
2.9156780e-04
2.7705022e-04
2.5914813e-04
2.3804680e-04
2.1395467e-04
1.8713449e-04
1.5794371e-04
1.2687143e-04
9.4537080e-05
6.1729013e-05
2.9303235e-05
-1.9413894e-06
-3.1492333e-05
-5.9198308e-05
-8.5163406e-05
-1.0956959e-04
-1.3255223e-04
-1.5424577e-04
-1.7478560e-04
-1.9429773e-04
-2.1275690e-04
-2.3005014e-04
-2.4599223e-04
-2.6021675e-04
-2.7220083e-04
-2.8140155e-04
-2.8743470e-04
-2.9000949e-04
-2.8887509e-04
-2.8391013e-04
-2.7514850e-04
-2.6275587e-04
-2.4709260e-04
-2.2875584e-04
-2.0847203e-04
-1.8682163e-04
-1.6420435e-04
-1.4103616e-04
-1.1778889e-04
-9.4972553e-05
-7.3104159e-05
-5.2658736e-05
-3.3960898e-05
-1.7064848e-05
-1.9192298e-06
1.1576629e-05
2.3492254e-05
3.3823463e-05
4.2425785e-05
4.9040735e-05
5.3546640e-05
5.6057525e-05
5.6853983e-05
5.6336119e-05
5.4979095e-05
5.3166675e-05
5.1113570e-05
4.8965219e-05
4.6829528e-05
4.4808561e-05
4.3103708e-05
4.1963395e-05
4.1517228e-05
4.1751761e-05
4.2555100e-05
4.3700824e-05
4.4983929e-05
4.6318011e-05
4.7711355e-05
4.9200940e-05
5.0828626e-05
5.2611926e-05
5.4564274e-05
5.6709438e-05
5.9061175e-05
6.1646693e-05
6.4540130e-05
6.7775931e-05
7.1306843e-05
7.5073069e-05
7.9016268e-05
8.3060367e-05
8.7077485e-05
9.0958671e-05
9.4657301e-05
9.8140927e-05
1.0140035e-04
1.0447806e-04
1.0749080e-04
1.1050755e-04
1.1355790e-04
1.1666973e-04
1.1984163e-04
1.2290273e-04
1.2542949e-04
1.2701798e-04
1.2735253e-04
1.2614664e-04
1.2311942e-04
1.1796920e-04
1.1045699e-04
1.0046340e-04
8.8008634e-05
7.3222894e-05
5.6422984e-05
3.7984848e-05
1.8251859e-05
-2.4179766e-06
-2.3682488e-05
-4.5152869e-05
-6.6307003e-05
-8.6670144e-05
-1.0594067e-04
-1.2389823e-04
-1.4029005e-04
-1.5488567e-04
-1.6752531e-04
-1.7811924e-04
-1.8657893e-04
-1.9271168e-04
-1.9622679e-04
-1.9692033e-04
-1.9464563e-04
-1.8936081e-04
-1.8116844e-04
-1.7028529e-04
-1.5715802e-04
-1.4245131e-04
-1.2681688e-04
-1.1085924e-04
-9.5222413e-05
-8.0421012e-05
-6.6648825e-05
-5.3867705e-05
-4.1994724e-05
-3.0944596e-05
-2.0606837e-05
-1.0877714e-05
-1.8111242e-06
6.4920125e-06
8.6875847e-11
-3.5127196e-09
-1.3518573e-08
-2.8701531e-08
-4.8757876e-08
-7.3573829e-08
-1.0375529e-07
-1.4021945e-07
-1.8435577e-07
-2.3777734e-07
-3.0225349e-07
-3.7951234e-07
-4.7110148e-07
-5.7827019e-07
-7.0182316e-07
-8.4199360e-07
-9.9840698e-07
-1.1700736e-06
-1.3554564e-06
-1.5525671e-06
-1.7590181e-06
-1.9720324e-06
-2.1883537e-06
-2.4040998e-06
-2.6148066e-06
-2.8155853e-06
-3.0012862e-06
-3.1667073e-06
-3.3067616e-06
-3.4166251e-06
-3.4917118e-06
-3.5275207e-06
-3.5196636e-06
-3.4640656e-06
-3.3572853e-06
-3.1967787e-06
-2.9811086e-06
-2.7099970e-06
-2.3842380e-06
-2.0056350e-06
-1.5769520e-06
-1.1021166e-06
-5.8648017e-07
-3.6865831e-08
5.3847137e-07
1.1300190e-06
1.7272220e-06
2.3188290e-06
2.8934057e-06
3.4398147e-06
3.9475687e-06
4.4070968e-06
4.8097865e-06
5.1481519e-06
5.4160089e-06
5.6084221e-06
5.7216956e-06
5.7536535e-06
5.7041547e-06
5.5753976e-06
5.3718008e-06
5.0997807e-06
4.7674467e-06
4.3842423e-06
3.9605223e-06
3.5070694e-06
3.0347085e-06
2.5540412e-06
2.0751623e-06
1.6074361e-06
1.1592797e-06
7.3786236e-07
3.4882211e-07
-3.9151731e-09
-3.1823971e-07
-5.9361303e-07
-8.3078682e-07
-1.0317356e-06
-1.1994219e-06
-1.3374944e-06
-1.4501551e-06
-1.5421461e-06
-1.6187257e-06
-1.6854618e-06
-1.7480719e-06
-1.8121879e-06
-1.8830338e-06
-1.9652232e-06
-2.0625753e-06
-2.1778545e-06
-2.3124478e-06
-2.4661670e-06
-2.6371450e-06
-2.8218896e-06
-3.0155096e-06
-3.2119865e-06
-3.4045242e-06
-3.5860993e-06
-3.7500877e-06
-3.8907678e-06
-4.0037041e-06
-4.0858090e-06
-4.1353443e-06
-4.1517883e-06
-4.1356502e-06
-4.0884794e-06
-4.0127020e-06
-3.9113248e-06
-3.7878273e-06
-3.6461007e-06
-3.4901723e-06
-3.3239203e-06
-3.1508709e-06
-2.9739631e-06
-2.7955008e-06
-2.6171326e-06
-2.4397707e-06
-2.2635558e-06
-2.0878037e-06
-1.9109997e-06
-1.7309855e-06
-1.5452017e-06
-1.3510600e-06
-1.1464428e-06
-9.3018647e-07
-7.0235340e-07
-4.6419340e-07
-2.1775543e-07
3.4744362e-08
2.9150556e-07
5.5148000e-07
8.1453703e-07
1.0814661e-06
1.3538530e-06
1.6339024e-06
1.9241546e-06
2.2270888e-06
2.5448233e-06
2.8790336e-06
3.2310496e-06
3.6019631e-06
3.9925195e-06
4.4030573e-06
4.8336652e-06
5.2841556e-06
5.7538375e-06
6.2413813e-06
6.7447901e-06
7.2613818e-06
7.7878428e-06
8.3203399e-06
8.8548098e-06
9.3871590e-06
9.9132955e-06
1.0429245e-05
1.0931284e-05
1.1416227e-05
1.1881666e-05
1.2326124e-05
1.2749224e-05
1.3151864e-05
1.3536310e-05
1.3906004e-05
1.4265266e-05
1.4618949e-05
1.4972019e-05
1.5329176e-05
1.5694523e-05
1.6071299e-05
1.6461421e-05
1.6864865e-05
1.7279377e-05
1.7700599e-05
1.8122415e-05
1.8537327e-05
1.8936872e-05
1.9311869e-05
1.9652557e-05
1.9948857e-05
2.0190537e-05
2.0367217e-05
2.0468347e-05
2.0483268e-05
2.0401483e-05
2.0213078e-05
1.9909080e-05
1.9481744e-05
1.8924762e-05
1.8233442e-05
1.7404861e-05
1.6438065e-05
1.5334255e-05
1.4096643e-05
1.2730080e-05
1.1240648e-05
9.6353229e-06
7.9217223e-06
6.1079400e-06
4.2025462e-06
2.2147017e-06
1.5415792e-07
-1.9688508e-06
-4.1436435e-06
-6.3592415e-06
-8.6044055e-06
-1.0867517e-05
-1.3136456e-05
-1.5398495e-05
-1.7640377e-05
-1.9848488e-05
-2.2009074e-05
-2.4108574e-05
-2.6133774e-05
-2.8071840e-05
-2.9910340e-05
-3.1637315e-05
-3.3241519e-05
-3.4712669e-05
-3.6041731e-05
-3.7221192e-05
-3.8245295e-05
-3.9110102e-05
-3.9813558e-05
-4.0355505e-05
-4.0737908e-05
-4.0964674e-05
-4.1041723e-05
-4.0976464e-05
-4.0779259e-05
-4.0467041e-05
-4.0059739e-05
-3.9585618e-05
-3.9080802e-05
-3.8585080e-05
-3.8144135e-05
-3.7815153e-05
-3.7657564e-05
-3.7723786e-05
-3.8048987e-05
-3.8632366e-05
-3.9430387e-05
-4.0364039e-05
-4.1343786e-05
-4.2271572e-05
-4.3067236e-05
-4.3666034e-05
-4.4001831e-05
-4.4026295e-05
-4.3703374e-05
-4.3002369e-05
-4.1913142e-05
-4.0441320e-05
-3.8596902e-05
-3.6385749e-05
-3.3802309e-05
-3.0824963e-05
-2.7429861e-05
-2.3611129e-05
-1.9384549e-05
-1.4791936e-05
-9.9049107e-06
-4.8123443e-06
3.9910941e-07
5.6515037e-06
1.0878917e-05
1.6023092e-05
2.1024287e-05
2.5822394e-05
3.0363667e-05
3.4599333e-05
3.8484825e-05
4.1977448e-05
4.5037115e-05
4.7627877e-05
4.9718557e-05
5.1284280e-05
5.2316260e-05
5.2826830e-05
5.2844876e-05
5.2412369e-05
5.1584203e-05
5.0423370e-05
4.8993169e-05
4.7357379e-05
4.5566905e-05
4.3666512e-05
4.1699216e-05
3.9694651e-05
3.7683953e-05
3.5707861e-05
3.3804835e-05
3.2004326e-05
3.0316720e-05
2.8730868e-05
2.7222473e-05
2.5743276e-05
2.4227079e-05
2.2653782e-05
2.1011087e-05
1.9253655e-05
1.7399815e-05
1.5547571e-05
1.3797970e-05
1.2221252e-05
1.0862852e-05
9.7223973e-06
8.7450128e-06
7.8624949e-06
7.0341189e-06
6.2259428e-06
5.3695624e-06
4.3993209e-06
3.3131760e-06
2.1582128e-06
9.9282738e-07
-1.0176156e-07
-1.0314154e-06
-1.7618464e-06
-2.3239447e-06
-2.7659641e-06
-3.1140811e-06
-3.3848018e-06
-3.6098754e-06
-3.7864617e-06
-3.8943749e-06
-3.9584404e-06
-4.0098614e-06
-4.0596400e-06
-4.1127474e-06
-4.1708639e-06
-4.2140543e-06
-4.2122312e-06
-4.1412289e-06
-3.9768962e-06
-3.6917662e-06
-3.2631337e-06
-2.6806795e-06
-1.9508069e-06
-1.0969260e-06
-1.3515102e-07
9.0688469e-07
1.9795074e-06
3.0159322e-06
3.9397584e-06
4.6864610e-06
5.1970181e-06
5.4129692e-06
5.2812556e-06
4.7478942e-06
3.7222542e-06
2.0887153e-06
-2.7952222e-07
-3.5383812e-06
-7.8567257e-06
-1.3369010e-05
-2.0153122e-05
-2.8217872e-05
-3.7487768e-05
-4.7793764e-05
-5.8900267e-05
-7.0517722e-05
-8.2229942e-05
-9.3427696e-05
-1.0333529e-04
-1.1115711e-04
-1.1622718e-04
-1.1808868e-04
-1.1649811e-04
-1.1142026e-04
-1.0298039e-04
-9.1404476e-05
-7.6953624e-05
-5.9964263e-05
-4.0846223e-05
-2.0014288e-05
2.1730725e-06
2.5385785e-05
4.9365685e-05
7.3958869e-05
9.9038774e-05
1.2448839e-04
1.5017251e-04
1.7588581e-04
2.0130086e-04
2.2586032e-04
2.4880391e-04
2.6931174e-04
2.8659489e-04
2.9991306e-04
3.0866573e-04
3.1241430e-04
3.1085908e-04
3.0385257e-04
2.9140451e-04
2.7373081e-04
2.5123526e-04
2.2447036e-04
1.9404469e-04
1.6055985e-04
1.2454844e-04
8.6468157e-05
4.6740715e-05
5.8038802e-06
-3.5857687e-05
-7.7693895e-05
-1.1914875e-04
-1.5961290e-04
-1.9836119e-04
-2.3460743e-04
-2.6757375e-04
-2.9655664e-04
-3.2096811e-04
-3.4035496e-04
-3.5442736e-04
-3.6308327e-04
-3.6639979e-04
-3.6459220e-04
-3.5802301e-04
-3.4720875e-04
-3.3270082e-04
-3.1502648e-04
-2.9467447e-04
-2.7204022e-04
-2.4740794e-04
-2.2106666e-04
-1.9335202e-04
-1.6461096e-04
-1.3520462e-04
-1.0547969e-04
-7.5786040e-05
-4.6495901e-05
-1.7950087e-05
9.5180418e-06
3.5529743e-05
5.9754524e-05
8.1954986e-05
1.0193013e-04
1.1950594e-04
1.3460376e-04
1.4723538e-04
1.5743020e-04
1.6520230e-04
1.7048583e-04
1.7315540e-04
1.7307883e-04
1.7018865e-04
1.6452683e-04
1.5629053e-04
1.4582376e-04
1.3357469e-04
1.2007284e-04
1.0588121e-04
9.1545156e-05
7.7536003e-05
6.4190639e-05
5.1670906e-05
4.0028468e-05
2.9241868e-05
1.9230366e-05
9.9691772e-06
1.5716247e-06
-5.7442780e-06
-1.1684720e-05
-1.5971211e-05
-1.8393360e-05
-1.8834224e-05
-1.7321412e-05
-1.4029471e-05
-9.2519552e-06
-3.3650166e-06
3.1913786e-06
9.9701909e-06
1.6563522e-05
2.2620683e-05
2.7908534e-05
3.2320487e-05
3.5860826e-05
3.8625348e-05
4.0771553e-05
4.2504990e-05
4.3995211e-05
4.5336088e-05
4.6536913e-05
4.7479810e-05
4.8002887e-05
4.7978450e-05
4.7299007e-05
4.5860529e-05
4.3568468e-05
4.0326536e-05
3.6072559e-05
3.0815629e-05
2.4636020e-05
1.7688963e-05
1.0218362e-05
2.5146396e-06
-5.1050673e-06
-1.2303491e-05
-1.8761548e-05
-2.4204523e-05
-2.8438842e-05
-3.1356802e-05
-3.2928221e-05
-3.3259626e-05
-3.2588026e-05
-3.1193429e-05
-2.9325677e-05
-2.7198144e-05
-2.5013524e-05
-2.2945913e-05
-2.1126903e-05
-1.9655476e-05
5.1910514e-12
-1.4286781e-09
-5.3509733e-09
-1.1075245e-08
-1.8031587e-08
-2.5442856e-08
-3.2555656e-08
-3.8526042e-08
-4.2544742e-08
-4.3828922e-08
-4.1713604e-08
-3.5674236e-08
-2.5355792e-08
-1.0595956e-08
8.5649856e-09
3.1905041e-08
5.9068620e-08
8.9588394e-08
1.2289031e-07
1.5832978e-07
1.9520656e-07
2.3272892e-07
2.6998329e-07
3.0593423e-07
3.3940231e-07
3.6906142e-07
3.9344877e-07
4.1100304e-07
4.2012331e-07
4.1920859e-07
4.0676230e-07
3.8149627e-07
3.4238646e-07
2.8874165e-07
2.2027658e-07
1.3713586e-07
3.9882805e-08
-7.0525306e-08
-1.9277068e-07
-3.2523220e-07
-4.6604748e-07
-6.1317653e-07
-7.6446960e-07
-9.1770047e-07
-1.0705855e-06
-1.2207906e-06
-1.3659169e-06
-1.5035129e-06
-1.6311380e-06
-1.7464135e-06
-1.8470685e-06
-1.9309970e-06
-1.9963438e-06
-2.0415980e-06
-2.0656398e-06
-2.0678238e-06
-2.0480428e-06
-2.0067269e-06
-1.9447966e-06
-1.8635931e-06
-1.7648097e-06
-1.6503775e-06
-1.5223328e-06
-1.3827341e-06
-1.2336244e-06
-1.0769989e-06
-9.1479766e-07
-7.4886924e-07
-5.8092361e-07
-4.1252090e-07
-2.4508210e-07
-7.9873029e-08
8.2073770e-08
2.4001416e-07
3.9347143e-07
5.4223542e-07
6.8638316e-07
8.2620897e-07
9.6209312e-07
1.0943952e-06
1.2233722e-06
1.3491073e-06
1.4714635e-06
1.5900345e-06
1.7041327e-06
1.8128006e-06
1.9148922e-06
2.0091985e-06
2.0944990e-06
2.1695999e-06
2.2333737e-06
2.2847815e-06
2.3229094e-06
2.3469864e-06
2.3564021e-06
2.3507483e-06
2.3298524e-06
2.2938187e-06
2.2430619e-06
2.1783341e-06
2.1007121e-06
2.0115512e-06
1.9124421e-06
1.8051944e-06
1.6918146e-06
1.5744710e-06
1.4554575e-06
1.3370789e-06
1.2214791e-06
1.1104822e-06
1.0055451e-06
9.0777279e-07
8.1793403e-07
7.3647967e-07
6.6357399e-07
5.9914045e-07
5.4289190e-07
4.9436383e-07
4.5292907e-07
4.1827918e-07
3.9192269e-07
3.7744130e-07
3.8216178e-07
4.2681558e-07
5.4945131e-07
8.0644177e-07
1.2793529e-06
2.0700698e-06
3.2807187e-06
5.0078782e-06
7.3382262e-06
1.0356101e-05
1.4146091e-05
1.8775620e-05
2.4251444e-05
3.0510384e-05
3.7415374e-05
4.4773433e-05
5.2379253e-05
6.0008126e-05
6.7411403e-05
7.4335800e-05
8.0496281e-05
8.5595166e-05
8.9360334e-05
9.1558374e-05
9.2027441e-05
9.0693682e-05
8.7535983e-05
8.2565673e-05
7.5817805e-05
6.7359461e-05
5.7302293e-05
4.5809765e-05
3.3097867e-05
1.9417385e-05
4.9938654e-06
-9.9964135e-06
-2.5351988e-05
-4.0831105e-05
-5.6189926e-05
-7.1198124e-05
-8.5652902e-05
-9.9386063e-05
-1.1223968e-04
-1.2399210e-04
-1.3439905e-04
-1.4325697e-04
-1.5044068e-04
-1.5590312e-04
-1.5958506e-04
-1.6135307e-04
-1.6110425e-04
-1.5886469e-04
-1.5473586e-04
-1.4882140e-04
-1.4124515e-04
-1.3223168e-04
-1.2205746e-04
-1.1100327e-04
-9.9344547e-05
-8.7306097e-05
-7.5086472e-05
-6.2901659e-05
-5.1002098e-05
-3.9611849e-05
-2.8858303e-05
-1.8785056e-05
-9.4138760e-06
-8.2305598e-07
6.9332195e-06
1.3902111e-05
2.0171114e-05
2.5777536e-05
3.0776526e-05
3.5277257e-05
3.9377029e-05
4.3152274e-05
4.6664890e-05
4.9980403e-05
5.3107309e-05
5.6055075e-05
5.8853001e-05
6.1525576e-05
6.4098531e-05
6.6549215e-05
6.8724464e-05
7.0310808e-05
7.0761173e-05
6.9248794e-05
6.4918732e-05
5.7118797e-05
4.5263964e-05
2.8683525e-05
6.5984134e-06
-2.1935491e-05
-5.7854789e-05
-1.0153119e-04
-1.5232503e-04
-2.0892727e-04
-2.6989116e-04
-3.3370542e-04
-3.9827732e-04
-4.6072839e-04
-5.1780570e-04
-5.6611692e-04
-6.0234433e-04
-6.2339781e-04
-6.2675120e-04
-6.1084572e-04
-5.7508323e-04
-5.1959312e-04
-4.4525809e-04
-3.5356360e-04
-2.4645233e-04
-1.2648152e-04
3.2589459e-06
1.3906216e-04
2.7718681e-04
4.1415415e-04
5.4656812e-04
6.7134887e-04
7.8600208e-04
8.8836264e-04
9.7636567e-04
1.0483630e-03
1.1034078e-03
1.1409895e-03
1.1607843e-03
1.1629048e-03
1.1480589e-03
1.1171386e-03
1.0712828e-03
1.0119888e-03
9.4087233e-04
8.5982691e-04
7.7096953e-04
6.7649484e-04
5.7863591e-04
4.7947140e-04
3.8099643e-04
2.8493967e-04
1.9288856e-04
1.0643745e-04
2.6704175e-05
-4.5985056e-05
-1.1193514e-04
-1.7157679e-04
-2.2540355e-04
-2.7389246e-04
-3.1770249e-04
-3.5749675e-04
-3.9365943e-04
-4.2642605e-04
-4.5600898e-04
-4.8264582e-04
-5.0635088e-04
-5.2678601e-04
-5.4367353e-04
-5.5696426e-04
-5.6678453e-04
-5.7324634e-04
-5.7639994e-04
-5.7626284e-04
-5.7284901e-04
-5.6638195e-04
-5.5710097e-04
-5.4527124e-04
-5.3112669e-04
-5.1484996e-04
-4.9654291e-04
-4.7635196e-04
-4.5438051e-04
-4.3058345e-04
-4.0536969e-04
-3.7938860e-04
-3.5285105e-04
-3.2544559e-04
-2.9665904e-04
-2.6642077e-04
-2.3475488e-04
-2.0157523e-04
-1.6689747e-04
-1.3053787e-04
-9.2183065e-05
-5.1718478e-05
-9.4056706e-06
3.3819084e-05
7.6689143e-05
1.1797073e-04
1.5630794e-04
1.9022566e-04
2.1854844e-04
2.4072609e-04
2.5658862e-04
2.6580078e-04
2.6798716e-04
2.6306021e-04
2.5124884e-04
2.3300164e-04
2.0872964e-04
1.7882453e-04
1.4372920e-04
1.0398768e-04
6.0450973e-05
1.4356725e-05
-3.2673258e-05
-7.8756762e-05
-1.2220501e-04
-1.6179872e-04
-1.9665443e-04
-2.2611386e-04
-2.4967799e-04
-2.6697084e-04
-2.7771221e-04
-2.8171941e-04
-2.7898170e-04
-2.6975261e-04
-2.5469049e-04
-2.3469325e-04
-2.1057780e-04
-1.8289447e-04
-1.5182785e-04
-1.1773089e-04
-8.1529558e-05
-4.4678177e-05
-8.8383397e-06
2.4761921e-05
5.5593302e-05
8.3533293e-05
1.0861405e-04
1.3086668e-04
1.5015189e-04
1.6635290e-04
1.7956788e-04
1.9004360e-04
1.9810990e-04
2.0401416e-04
2.0788184e-04
2.0980356e-04
2.0983725e-04
2.0799364e-04
2.0432157e-04
1.9912723e-04
1.9281625e-04
1.8559626e-04
1.7741276e-04
1.6801587e-04
1.5728348e-04
1.4539076e-04
1.3287598e-04
1.2054276e-04
1.0928786e-04
9.9743322e-05
9.1948540e-05
8.5516921e-05
7.9902786e-05
7.4731808e-05
6.9831618e-05
6.5067382e-05
6.0356725e-05
5.5752919e-05
5.1261553e-05
4.6712970e-05
4.1806560e-05
3.6371966e-05
3.0606779e-05
2.4974015e-05
1.9930839e-05
1.5803635e-05
1.2805794e-05
1.0894701e-05
9.8082849e-06
9.2283111e-06
8.8979624e-06
8.7321576e-06
8.8111944e-06
9.2497932e-06
1.0175807e-05
1.1684162e-05
1.3841639e-05
1.6626439e-05
2.0025587e-05
2.4201124e-05
2.9332355e-05
3.5472441e-05
4.2515065e-05
5.0323579e-05
5.8808624e-05
6.7956600e-05
7.7689506e-05
8.7843578e-05
9.8277648e-05
1.0878886e-04
1.1907788e-04
1.2872241e-04
1.3718741e-04
1.4391852e-04
1.4843832e-04
1.5053760e-04
1.5026819e-04
1.4765348e-04
1.4257707e-04
1.3499895e-04
1.2505230e-04
1.1295412e-04
9.8999206e-05
8.3581321e-05
6.7194648e-05
5.0349596e-05
3.3425264e-05
1.6574118e-05
-3.3484942e-07
-1.7683921e-05
-3.5881795e-05
-5.5092003e-05
-7.5186984e-05
-9.5719683e-05
-1.1606638e-04
-1.3557714e-04
-1.5363783e-04
-1.6982868e-04
-1.8379905e-04
-1.9521939e-04
-2.0379605e-04
-2.0927647e-04
-2.1157925e-04
-2.1083624e-04
-2.0740736e-04
-2.0170658e-04
-1.9409979e-04
-1.8495105e-04
-1.7456755e-04
-1.6313094e-04
-1.5084814e-04
-1.3808942e-04
-1.2523402e-04
-1.1254156e-04
-1.0024308e-04
-8.8598707e-05
-7.7870489e-05
-6.8195174e-05
-5.9556836e-05
-5.1865359e-05
-4.5047278e-05
-3.9144118e-05
-3.4206846e-05
-3.0293959e-05
-2.7477012e-05
-2.5763412e-05
-2.5065573e-05
-2.5167901e-05
-2.5767324e-05
-2.6479944e-05
-2.6868257e-05
-2.6521139e-05
-2.5134125e-05
-2.2480740e-05
-1.8415894e-05
-1.2913938e-05
-6.0882890e-06
1.8160079e-06
1.0395165e-05
1.9181191e-05
2.7771062e-05
3.5875060e-05
4.3263234e-05
4.9646093e-05
5.4723685e-05
5.8314093e-05
6.0377241e-05
6.0923028e-05
5.9926563e-05
5.7358871e-05
5.3300900e-05
4.8007502e-05
4.1840091e-05
3.5232766e-05
2.8635770e-05
2.2465918e-05
1.7088175e-05
1.2775206e-05
9.6212995e-06
7.5885999e-06
6.5698163e-06
6.3911281e-06
6.8798286e-06
7.9119564e-06
9.4474105e-06
1.1589893e-05
1.4516464e-05
1.8342666e-05
2.2831561e-11
2.0815998e-09
7.6473604e-09
1.5530774e-08
2.4450950e-08
3.2542809e-08
3.7704395e-08
3.7480280e-08
2.9307811e-08
1.0590176e-08
-2.1095768e-08
-6.7873362e-08
-1.3142205e-07
-2.1287373e-07
-3.1273897e-07
-4.3085825e-07
-5.6637545e-07
-7.1774612e-07
-8.8274625e-07
-1.0585087e-06
-1.2416052e-06
-1.4281221e-06
-1.6137392e-06
-1.7938217e-06
-1.9635287e-06
-2.1179390e-06
-2.2521529e-06
-2.3613558e-06
-2.4409244e-06
-2.4865576e-06
-2.4943897e-06
-2.4611000e-06
-2.3840451e-06
-2.2613550e-06
-2.0919296e-06
-1.8754193e-06
-1.6122409e-06
-1.3036203e-06
-9.5160452e-07
-5.5900739e-07
-1.2933400e-07
3.3331995e-07
8.2436448e-07
1.3388376e-06
1.8715453e-06
2.4171644e-06
2.9703372e-06
3.5257522e-06
4.0781841e-06
4.6225028e-06
5.1536794e-06
5.6667888e-06
6.1570358e-06
6.6197886e-06
7.0505919e-06
7.4451980e-06
7.7996412e-06
8.1103240e-06
8.3741110e-06
8.5883892e-06
8.7510852e-06
8.8606750e-06
8.9161839e-06
8.9172020e-06
8.8639125e-06
8.7571022e-06
8.5981313e-06
8.3888737e-06
8.1316516e-06
7.8291919e-06
7.4845836e-06
7.1012232e-06
6.6827291e-06
6.2328408e-06
5.7553232e-06
5.2539112e-06
4.7322634e-06
4.1938984e-06
3.6421212e-06
3.0799755e-06
2.5102538e-06
1.9355293e-06
1.3581827e-06
7.8043829e-07
2.0443313e-07
-3.6768929e-07
-9.3368205e-07
-1.4911728e-06
-2.0376757e-06
-2.5706260e-06
-3.0874587e-06
-3.5856912e-06
-4.0630335e-06
-4.5175089e-06
-4.9474806e-06
-5.3517444e-06
-5.7295439e-06
-6.0803589e-06
-6.4041612e-06
-6.6991525e-06
-6.9578487e-06
-7.1726851e-06
-7.3275721e-06
-7.3642855e-06
-7.2143815e-06
-6.7747633e-06
-5.8667672e-06
-4.3545434e-06
-2.1813440e-06
6.8764899e-07
4.2771076e-06
8.6733432e-06
1.4012327e-05
2.0316640e-05
2.7461940e-05
3.5228791e-05
4.3348084e-05
5.1592706e-05
5.9767467e-05
6.7613893e-05
7.4836407e-05
8.1130809e-05
8.6205074e-05
8.9815315e-05
9.1699956e-05
9.1697036e-05
8.9795307e-05
8.5967017e-05
8.0148092e-05
7.2310695e-05
6.2497481e-05
5.0887996e-05
3.7722162e-05
2.3237344e-05
7.6960201e-06
-8.6084059e-06
-2.5370334e-05
-4.2278616e-05
-5.9048559e-05
-7.5456590e-05
-9.1239228e-05
-1.0611258e-04
-1.1980541e-04
-1.3211877e-04
-1.4290650e-04
-1.5202829e-04
-1.5938797e-04
-1.6491509e-04
-1.6858707e-04
-1.7037690e-04
-1.7026947e-04
-1.6832024e-04
-1.6462730e-04
-1.5921733e-04
-1.5211229e-04
-1.4338085e-04
-1.3313595e-04
-1.2150224e-04
-1.0858426e-04
-9.4508239e-05
-7.9440520e-05
-6.3543084e-05
-4.7031349e-05
-3.0200538e-05
-1.3364106e-05
3.1924326e-06
1.9174923e-05
3.4286013e-05
4.8151311e-05
6.0349413e-05
7.0571834e-05
7.8329361e-05
8.2623537e-05
8.1712550e-05
7.3435813e-05
5.6437497e-05
3.0673636e-05
-3.7718473e-06
-4.7196384e-05
-1.0020960e-04
-1.6458668e-04
-2.4112181e-04
-3.2801578e-04
-4.2207418e-04
-5.1988422e-04
-6.1953202e-04
-7.1768983e-04
-8.0762169e-04
-8.8226702e-04
-9.3519889e-04
-9.6129223e-04
-9.5655910e-04
-9.1917770e-04
-8.4887490e-04
-7.4653313e-04
-6.1393987e-04
-4.5366733e-04
-2.6882170e-04
-6.3867964e-05
1.5535426e-04
3.8259168e-04
6.1196586e-04
8.3751454e-04
1.0526000e-03
1.2513601e-03
1.4290520e-03
1.5817853e-03
1.7064170e-03
1.8005341e-03
1.8630509e-03
1.8938472e-03
1.8928843e-03
1.8606580e-03
1.7991815e-03
1.7113577e-03
1.6000149e-03
1.4683493e-03
1.3194854e-03
1.1558224e-03
9.8052787e-04
7.9791098e-04
6.1238935e-04
4.2747015e-04
2.4627602e-04
7.1669379e-05
-9.4119402e-05
-2.4909426e-04
-3.9154273e-04
-5.2013623e-04
-6.3420117e-04
-7.3385538e-04
-8.1941761e-04
-8.9075432e-04
-9.4772378e-04
-9.9052340e-04
-1.0197481e-03
-1.0363928e-03
-1.0416235e-03
-1.0365164e-03
-1.0220303e-03
-9.9909165e-04
-9.6867006e-04
-9.3180557e-04
-8.8947658e-04
-8.4250071e-04
-7.9144298e-04
-7.3672927e-04
-6.7897759e-04
-6.1901197e-04
-5.5746827e-04
-4.9521430e-04
-4.3351370e-04
-3.7343121e-04
-3.1543498e-04
-2.5960843e-04
-2.0594352e-04
-1.5471199e-04
-1.0660918e-04
-6.2214709e-05
-2.1804509e-05
1.4445456e-05
4.6474569e-05
7.4143695e-05
9.7059713e-05
1.1469956e-04
1.2690965e-04
1.3398650e-04
1.3638944e-04
1.3473600e-04
1.2985973e-04
1.2249134e-04
1.1319774e-04
1.0245633e-04
9.0760992e-05
7.8526394e-05
6.5856463e-05
5.2852682e-05
3.9608273e-05
2.6075965e-05
1.2386215e-05
-1.0515067e-06
-1.3977266e-05
-2.6232794e-05
-3.7503163e-05
-4.7468251e-05
-5.5874486e-05
-6.2778533e-05
-6.8523608e-05
-7.3457733e-05
-7.7861630e-05
-8.2057166e-05
-8.6436014e-05
-9.1198969e-05
-9.6321188e-05
-1.0162652e-04
-1.0680796e-04
-1.1132866e-04
-1.1452524e-04
-1.1585859e-04
-1.1503421e-04
-1.1197693e-04
-1.0667294e-04
-9.9164500e-05
-8.9387958e-05
-7.7123277e-05
-6.2225608e-05
-4.4580579e-05
-2.4082510e-05
-7.4980411e-07
2.5169642e-05
5.3216683e-05
8.2857023e-05
1.1344769e-04
1.4429744e-04
1.7468341e-04
2.0392792e-04
2.3170867e-04
2.5781136e-04
2.8195017e-04
3.0376579e-04
3.2289972e-04
3.3885696e-04
3.5086123e-04
3.5822453e-04
3.6039818e-04
3.5689089e-04
3.4745939e-04
3.3214375e-04
3.1118740e-04
2.8513541e-04
2.5492600e-04
2.2158189e-04
1.8609491e-04
1.4941789e-04
1.1239571e-04
7.6022319e-05
4.1405901e-05
9.5097469e-06
-1.8982996e-05
-4.3466317e-05
-6.3222501e-05
-7.7663155e-05
-8.6561339e-05
-9.0086273e-05
-8.8624634e-05
-8.2560724e-05
-7.2406584e-05
-5.8807268e-05
-4.2391802e-05
-2.3782852e-05
-3.6948512e-06
1.7126838e-05
3.8046826e-05
5.8501243e-05
7.7928895e-05
9.5744814e-05
1.1144499e-04
1.2460422e-04
1.3478047e-04
1.4164164e-04
1.4509285e-04
1.4537032e-04
1.4279300e-04
1.3754810e-04
1.2983479e-04
1.1999420e-04
1.0844123e-04
9.5541894e-05
8.1604349e-05
6.6915266e-05
5.1774124e-05
3.6439778e-05
2.1040695e-05
5.6184915e-06
-9.8312219e-06
-2.5326504e-05
-4.0770258e-05
-5.5918140e-05
-7.0603895e-05
-8.4870763e-05
-9.8877628e-05
-1.1269941e-04
-1.2626316e-04
-1.3940121e-04
-1.5179149e-04
-1.6306097e-04
-1.7297116e-04
-1.8138352e-04
-1.8818469e-04
-1.9319878e-04
-1.9628851e-04
-1.9748198e-04
-1.9684793e-04
-1.9438574e-04
-1.9006670e-04
-1.8388400e-04
-1.7583784e-04
-1.6594962e-04
-1.5424229e-04
-1.4091403e-04
-1.2638261e-04
-1.1105143e-04
-9.5184768e-05
-7.9059206e-05
-6.3075191e-05
-4.7589884e-05
-3.2855470e-05
-1.9049602e-05
-6.2769852e-06
5.4487195e-06
1.6123794e-05
2.5782679e-05
3.4379879e-05
4.1783113e-05
4.7973855e-05
5.3103117e-05
5.7420520e-05
6.1193825e-05
6.4657181e-05
6.7983592e-05
7.1202577e-05
7.4142234e-05
7.6625505e-05
7.8567338e-05
7.9909433e-05
8.0560293e-05
8.0372287e-05
7.9167594e-05
7.6817860e-05
7.3264440e-05
6.8547691e-05
6.2745474e-05
5.5989233e-05
4.8496001e-05
4.0542725e-05
3.2458834e-05
2.4589362e-05
1.7202255e-05
1.0485898e-05
4.6753919e-06
1.2226535e-07
-2.8003192e-06
-3.8257611e-06
-2.8739389e-06
-1.0415843e-08
4.6052947e-06
1.0714148e-05
1.7880753e-05
2.5567352e-05
3.3240233e-05
4.0346208e-05
4.6390755e-05
5.0943477e-05
5.3482503e-05
5.3454367e-05
5.0370254e-05
4.3865026e-05
3.3766700e-05
2.0119677e-05
3.1543080e-06
-1.6789936e-05
-3.9304900e-05
-6.3986327e-05
-9.0421851e-05
-1.1809157e-04
-1.4627446e-04
-1.7407110e-04
-2.0047097e-04
-2.2449113e-04
-2.4528102e-04
-2.6212787e-04
-2.7449095e-04
-2.8196108e-04
-2.8419276e-04
-2.8090170e-04
-2.7196646e-04
-2.5748345e-04
-2.3775025e-04
-2.1320931e-04
-1.8439588e-04
-1.5190037e-04
-1.1635978e-04
-7.8484316e-05
-3.9036251e-05
1.2305144e-06
4.1595320e-05
8.1313425e-05
1.1961301e-04
1.5572206e-04
1.8893360e-04
2.1865856e-04
2.4436969e-04
2.6556140e-04
2.8180536e-04
2.9279309e-04
2.9835762e-04
2.9848068e-04
2.9330048e-04
2.8318579e-04
2.6872151e-04
2.5062181e-04
2.2960852e-04
2.0635784e-04
1.8143640e-04
1.5533359e-04
1.2854245e-04
1.0163815e-04
7.5321744e-05
5.0346004e-05
2.7391183e-05
6.9520826e-06
-1.0718099e-05
-1.1764353e-10
4.8469168e-09
1.8646991e-08
3.9594517e-08
6.7269406e-08
1.0148991e-07
1.4304619e-07
1.9309798e-07
2.5331971e-07
3.2550649e-07
4.1147884e-07
5.1281228e-07
6.3065000e-07
7.6552658e-07
9.1725312e-07
1.0848441e-06
1.2664704e-06
1.4594482e-06
1.6602458e-06
1.8644941e-06
2.0670522e-06
2.2621448e-06
2.4435242e-06
2.6046497e-06
2.7388890e-06
2.8397261e-06
2.9009562e-06
2.9168415e-06
2.8822771e-06
2.7929637e-06
2.6455501e-06
2.4377688e-06
2.1685422e-06
1.8380378e-06
1.4476464e-06
9.9988934e-07
4.9831940e-07
-5.2565090e-08
-6.4745814e-07
-1.2804207e-06
-1.9450524e-06
-2.6346384e-06
-3.3422589e-06
-4.0608604e-06
-4.7833210e-06
-5.5024935e-06
-6.2112422e-06
-6.9024775e-06
-7.5692122e-06
-8.2046294e-06
-8.8021109e-06
-9.3552713e-06
-9.8579941e-06
-1.0304502e-05
-1.0689474e-05
-1.1008154e-05
-1.1256414e-05
-1.1430812e-05
-1.1528698e-05
-1.1548261e-05
-1.1488525e-05
-1.1349348e-05
-1.1131395e-05
-1.0836173e-05
-1.0466010e-05
-1.0023982e-05
-9.5138166e-06
-8.9398346e-06
-8.3069300e-06
-7.6205547e-06
-6.8866876e-06
-6.1117702e-06
-5.3026094e-06
-4.4662330e-06
-3.6097565e-06
-2.7402781e-06
-1.8647884e-06
-9.9007307e-07
-1.2258071e-07
7.3166765e-07
1.5671455e-06
2.3788735e-06
3.1624766e-06
3.9142267e-06
4.6310153e-06
5.3103006e-06
5.9500992e-06
6.5489510e-06
7.1058550e-06
7.6201978e-06
8.0916903e-06
8.5202972e-06
8.9062292e-06
9.2499888e-06
9.5523527e-06
9.8143480e-06
1.0037245e-05
1.0222552e-05
1.0371978e-05
1.0487379e-05
1.0570683e-05
1.0623820e-05
1.0648716e-05
1.0647306e-05
1.0621534e-05
1.0573377e-05
1.0504836e-05
1.0417903e-05
1.0314535e-05
1.0196611e-05
1.0065863e-05
9.9237995e-06
9.7716393e-06
9.6103349e-06
9.4406514e-06
9.2632240e-06
9.0785783e-06
8.8871469e-06
8.6892666e-06
8.4851754e-06
8.2750018e-06
8.0587241e-06
7.8361355e-06
7.6068563e-06
7.3703944e-06
7.1262028e-06
6.8737153e-06
6.6123945e-06
6.3418187e-06
6.0617792e-06
5.7723169e-06
5.4737344e-06
5.1666093e-06
4.8517806e-06
4.5303104e-06
4.2034711e-06
3.8727507e-06
3.5398148e-06
3.2064571e-06
2.8745429e-06
2.5459669e-06
2.2226042e-06
1.9062000e-06
1.5983016e-06
1.3002269e-06
1.0130433e-06
7.3755811e-07
4.7430037e-07
2.2352899e-07
-1.4733863e-08
-2.4063451e-07
-4.5439108e-07
-6.5620204e-07
-8.4621640e-07
-1.0245114e-06
-1.1911056e-06
-1.3459943e-06
-1.4891369e-06
-1.6204648e-06
-1.7399040e-06
-1.8473518e-06
-1.9426173e-06
-2.0254109e-06
-2.0953879e-06
-2.1522428e-06
-2.1958080e-06
-2.2261524e-06
-2.2436645e-06
-2.2490824e-06
-2.2434885e-06
-2.2282686e-06
-2.2050343e-06
-2.1755507e-06
-2.1416741e-06
-2.1052835e-06
-2.0681674e-06
-2.0319495e-06
-1.9980823e-06
-1.9678785e-06
-1.9425661e-06
-1.9232901e-06
-1.9111045e-06
-1.9070068e-06
-1.9119951e-06
-1.9270796e-06
-1.9532520e-06
-1.9914302e-06
-2.0423764e-06
-2.1066161e-06
-2.1843812e-06
-2.2756005e-06
-2.3799245e-06
-2.4967746e-06
-2.6253892e-06
-2.7648533e-06
-2.9141059e-06
-3.0719664e-06
-3.2371336e-06
-3.4081767e-06
-3.5835373e-06
-3.7615541e-06
-3.9404860e-06
-4.1185446e-06
-4.2939150e-06
-4.4647227e-06
-4.6290900e-06
-4.7853649e-06
-4.9321932e-06
-5.0682129e-06
-5.1924387e-06
-5.3055914e-06
-5.4087690e-06
-5.5004859e-06
-5.5762503e-06
-5.6302695e-06
-5.6584469e-06
-5.6591629e-06
-5.6272483e-06
-5.5520084e-06
-5.4227385e-06
-5.2348562e-06
-4.9907262e-06
-4.6973837e-06
-4.3618451e-06
-3.9793296e-06
-3.5398023e-06
-3.0603331e-06
-2.5909215e-06
-2.1824062e-06
-1.8581221e-06
-1.6165791e-06
-1.4633716e-06
-1.4309650e-06
-1.5583367e-06
-1.8636707e-06
-2.3319720e-06
-2.9318725e-06
-3.6442549e-06
-4.4763729e-06
-5.4321081e-06
-6.4821088e-06
-7.5819210e-06
-8.6973440e-06
-9.8095575e-06
-1.0910460e-05
-1.1985200e-05
-1.3007269e-05
-1.3957842e-05
-1.4835416e-05
-1.5643071e-05
-1.6372294e-05
-1.7005305e-05
-1.7527418e-05
-1.7923104e-05
-1.8173199e-05
-1.8268205e-05
-1.8198390e-05
-1.7951435e-05
-1.7519525e-05
-1.6899017e-05
-1.6091261e-05
-1.5109830e-05
-1.3982827e-05
-1.2736258e-05
-1.1394766e-05
-9.9900485e-06
-8.5540604e-06
-7.1110766e-06
-5.6753104e-06
-4.2658640e-06
-2.8978875e-06
-1.5732270e-06
-2.8899030e-07
9.8231291e-07
2.2695915e-06
3.5762148e-06
4.8891115e-06
6.1938705e-06
7.4655309e-06
8.6806748e-06
9.8207158e-06
1.0858802e-05
1.1764152e-05
1.2510891e-05
1.3085174e-05
1.3503708e-05
1.3807276e-05
1.4059671e-05
1.4347699e-05
1.4713593e-05
1.5165571e-05
1.5738241e-05
1.6469395e-05
1.7377603e-05
1.8466784e-05
1.9708739e-05
2.1041876e-05
2.2395862e-05
2.3731097e-05
2.5020292e-05
2.6195727e-05
2.7179444e-05
2.7910151e-05
2.8342538e-05
2.8447309e-05
2.8204595e-05
2.7612467e-05
2.6679852e-05
2.5418981e-05
2.3850050e-05
2.1995477e-05
1.9893248e-05
1.7607757e-05
1.5197922e-05
1.2700590e-05
1.0142680e-05
7.5588177e-06
5.0167537e-06
2.5999873e-06
3.8059105e-07
-1.5777640e-06
-3.2013283e-06
-4.3986310e-06
-5.0774464e-06
-5.1689039e-06
-4.6151968e-06
-3.3327459e-06
-1.2166486e-06
1.8074216e-06
5.7802924e-06
1.0729426e-05
1.6613729e-05
2.3326254e-05
3.0756954e-05
3.8810396e-05
4.7395136e-05
5.6272698e-05
6.4986960e-05
7.3076290e-05
8.0115285e-05
8.5639776e-05
8.9174493e-05
9.0339225e-05
8.8849396e-05
8.4506923e-05
7.7275070e-05
6.7169450e-05
5.4089289e-05
3.8112535e-05
1.9530454e-05
-1.4217646e-06
-2.4416524e-05
-4.9084521e-05
-7.5191261e-05
-1.0234441e-04
-1.2986053e-04
-1.5711510e-04
-1.8365233e-04
-2.0896929e-04
-2.3252475e-04
-2.5380669e-04
-2.7224307e-04
-2.8723897e-04
-2.9831891e-04
-3.0513543e-04
-3.0736861e-04
-3.0482027e-04
-2.9739521e-04
-2.8498111e-04
-2.6759768e-04
-2.4544976e-04
-2.1884893e-04
-1.8821439e-04
-1.5403410e-04
-1.1682064e-04
-7.7110467e-05
-3.5444932e-05
7.6445384e-06
5.1599889e-05
9.5865057e-05
1.3990883e-04
1.8314405e-04
2.2486159e-04
2.6424571e-04
3.0045096e-04
3.3262580e-04
3.5991156e-04
3.8151871e-04
3.9687242e-04
4.0567327e-04
4.0787229e-04
4.0357353e-04
3.9297913e-04
3.7641599e-04
3.5442738e-04
3.2780634e-04
2.9753886e-04
2.6466012e-04
2.3010624e-04
1.9467408e-04
1.5908206e-04
1.2399714e-04
9.0038883e-05
5.7652345e-05
2.7087175e-05
-1.5143778e-06
-2.8076395e-05
-5.2585897e-05
-7.5116889e-05
-9.5763534e-05
-1.1458211e-04
-1.3159161e-04
-1.4681920e-04
-1.6033287e-04
-1.7220220e-04
-1.8243429e-04
-1.9096832e-04
-1.9772972e-04
-2.0268721e-04
-2.0588500e-04
-2.0738788e-04
-2.0724100e-04
-2.0545672e-04
-2.0202588e-04
-1.9696817e-04
-1.9036828e-04
-1.8236914e-04
-1.7309865e-04
-1.6267727e-04
-1.5120743e-04
-1.3871428e-04
-1.2520134e-04
-1.1071536e-04
-9.5357386e-05
-7.9283778e-05
-6.2723078e-05
-4.5950379e-05
-2.9287926e-05
-1.3097406e-05
2.2743351e-06
1.6526595e-05
2.9406932e-05
4.0694744e-05
5.0223985e-05
5.7883746e-05
6.3620278e-05
6.7463818e-05
6.9534870e-05
7.0025467e-05
6.9197749e-05
6.7364440e-05
6.4885828e-05
6.2128438e-05
5.9363589e-05
5.6761529e-05
5.4425367e-05
5.2381224e-05
5.0597932e-05
4.9003405e-05
4.7500070e-05
4.5995417e-05
4.4435719e-05
4.2766417e-05
4.0924786e-05
3.8925148e-05
3.6847885e-05
3.4745055e-05
3.2657060e-05
3.0618341e-05
2.8629263e-05
2.6670719e-05
2.4691197e-05
2.2596660e-05
2.0213348e-05
1.7369865e-05
1.3963745e-05
1.0036382e-05
5.8101364e-06
1.5854341e-06
-2.2862276e-06
-5.4231765e-06
-7.5089005e-06
-8.3530583e-06
-7.8983066e-06
-6.2332303e-06
-3.6492582e-06
-4.4188599e-07
3.2406230e-06
7.2574855e-06
1.1369229e-05
1.5197635e-05
1.8383579e-05
2.0726459e-05
2.2107212e-05
2.2347009e-05
2.1292293e-05
1.8933457e-05
1.5316494e-05
1.0523449e-05
4.6890410e-06
-1.9349840e-06
-9.0018837e-06
-1.6269310e-05
-2.3659630e-05
-3.1131638e-05
-3.8621709e-05
-4.6103696e-05
-5.3654605e-05
-6.1411996e-05
-6.9453207e-05
-7.7740031e-05
-8.6172296e-05
4.0725133e-10
1.2309140e-08
4.3874464e-08
8.6310880e-08
1.2790537e-07
1.5094110e-07
1.3389441e-07
5.1352718e-08
-1.2374540e-07
-4.1880468e-07
-8.5945760e-07
-1.4678750e-06
-2.2610517e-06
-3.2494009e-06
-4.4356629e-06
-5.8141762e-06
-7.3705072e-06
-9.0814330e-06
-1.0915252e-05
-1.2832395e-05
-1.4786318e-05
-1.6724647e-05
-1.8590505e-05
-2.0323946e-05
-2.1863451e-05
-2.3147475e-05
-2.4115975e-05
-2.4711876e-05
-2.4882503e-05
-2.4580937e-05
-2.3767235e-05
-2.2409433e-05
-2.0484361e-05
-1.7978235e-05
-1.4887041e-05
-1.1216695e-05
-6.9830324e-06
-2.2116027e-06
3.0627759e-06
8.7966429e-06
1.4938662e-05
2.1430511e-05
2.8207866e-05
3.5201464e-05
4.2338234e-05
4.9542474e-05
5.6737055e-05
6.3844596e-05
7.0788625e-05
7.7494694e-05
8.3891428e-05
8.9911527e-05
9.5492629e-05
1.0057804e-04
1.0511737e-04
1.0906710e-04
1.1239090e-04
1.1505987e-04
1.1705258e-04
1.1835507e-04
1.1896069e-04
1.1886990e-04
1.1808992e-04
1.1663433e-04
1.1452263e-04
1.1177963e-04
1.0843498e-04
1.0452259e-04
1.0008011e-04
9.5148301e-05
8.9770481e-05
8.3991897e-05
7.7859164e-05
7.1419654e-05
6.4720934e-05
5.7810231e-05
5.0733904e-05
4.3537013e-05
3.6262952e-05
2.8953122e-05
2.1646617e-05
1.4379952e-05
7.1868938e-06
9.8371387e-08
-6.8575809e-06
-1.3655842e-05
-2.0274108e-05
-2.6692838e-05
-3.2895131e-05
-3.8866601e-05
-4.4595426e-05
-5.0072304e-05
-5.5290491e-05
-6.0252105e-05
-6.4972959e-05
-6.9491250e-05
-7.3936691e-05
-7.8587714e-05
-8.3850258e-05
-9.0288719e-05
-9.8412265e-05
-1.0843784e-04
-1.2046360e-04
-1.3432771e-04
-1.4963566e-04
-1.6607480e-04
-1.8330895e-04
-2.0093196e-04
-2.1838883e-04
-2.3500070e-04
-2.5024707e-04
-2.6379324e-04
-2.7553099e-04
-2.8536748e-04
-2.9292961e-04
-2.9770328e-04
-2.9913103e-04
-2.9655987e-04
-2.8946141e-04
-2.7751489e-04
-2.6073918e-04
-2.3949339e-04
-2.1426054e-04
-1.8560290e-04
-1.5409449e-04
-1.2027411e-04
-8.4882788e-05
-4.8761483e-05
-1.2951140e-05
2.1560116e-05
5.4056651e-05
8.3874565e-05
1.1045264e-04
1.3320481e-04
1.5172204e-04
1.6582971e-04
1.7552844e-04
1.8115283e-04
1.8311699e-04
1.8158544e-04
1.7661086e-04
1.6822078e-04
1.5663250e-04
1.4241869e-04
1.2622481e-04
1.0838423e-04
8.9017331e-05
6.8381906e-05
4.6848148e-05
2.4770882e-05
2.5813295e-06
-1.9153760e-05
-3.9982627e-05
-5.9421709e-05
-7.7079870e-05
-9.2892780e-05
-1.0697719e-04
-1.1948187e-04
-1.3057378e-04
-1.3984508e-04
-1.4641914e-04
-1.4983380e-04
-1.4959323e-04
-1.4577321e-04
-1.3988233e-04
-1.3325069e-04
-1.2610152e-04
-1.1705653e-04
-1.0331345e-04
-8.2446762e-05
-5.3709211e-05
-1.7143247e-05
2.6553790e-05
7.5457198e-05
1.2799326e-04
1.8349773e-04
2.4187159e-04
3.0184358e-04
3.6066418e-04
4.1604288e-04
4.6560365e-04
5.0622575e-04
5.3512057e-04
5.5108984e-04
5.5536726e-04
5.4922662e-04
5.3369695e-04
5.1061978e-04
4.8048083e-04
4.4238203e-04
3.9564802e-04
3.4039169e-04
2.7729742e-04
2.0797028e-04
1.3451832e-04
5.9425937e-05
-1.5580553e-05
-9.0114702e-05
-1.6419967e-04
-2.3670927e-04
-3.0491212e-04
-3.6701098e-04
-4.2245165e-04
-4.7076989e-04
-5.1179765e-04
-5.4609697e-04
-5.7467131e-04
-5.9738919e-04
-6.1285762e-04
-6.2002266e-04
-6.1879630e-04
-6.0957952e-04
-5.9289692e-04
-5.6891659e-04
-5.3761317e-04
-4.9931856e-04
-4.5521219e-04
-4.0737623e-04
-3.5841641e-04
-3.1079429e-04
-2.6567336e-04
-2.2263829e-04
-1.8143591e-04
-1.4246243e-04
-1.0636592e-04
-7.3659347e-05
-4.4621955e-05
-1.9855875e-05
-1.5900556e-08
1.4612710e-05
2.4732901e-05
3.1441751e-05
3.5308947e-05
3.6467560e-05
3.5584876e-05
3.4355936e-05
3.4555585e-05
3.7504813e-05
4.4203501e-05
5.5067656e-05
6.9792375e-05
8.7865337e-05
1.0922297e-04
1.3411709e-04
1.6209490e-04
1.9186201e-04
2.2203877e-04
2.5118976e-04
2.7796705e-04
3.0193222e-04
3.2342319e-04
3.4283103e-04
3.6030059e-04
3.7568438e-04
3.8821982e-04
3.9679664e-04
4.0059535e-04
3.9954603e-04
3.9439400e-04
3.8642333e-04
3.7683086e-04
3.6582199e-04
3.5286567e-04
3.3777534e-04
3.2071598e-04
3.0201343e-04
2.8162393e-04
2.5928430e-04
2.3506495e-04
2.0907495e-04
1.8156829e-04
1.5297269e-04
1.2405008e-04
9.5902515e-05
6.9797391e-05
4.6740138e-05
2.7007422e-05
1.0169764e-05
-4.2711364e-06
-1.6350711e-05
-2.5903244e-05
-3.2820248e-05
-3.7050402e-05
-3.8503495e-05
-3.6999496e-05
-3.2465865e-05
-2.5022351e-05
-1.4794688e-05
-1.7664707e-06
1.3996597e-05
3.2076561e-05
5.1759753e-05
7.1962349e-05
9.1541836e-05
1.0964116e-04
1.2577913e-04
1.4002756e-04
1.5255481e-04
1.6352891e-04
1.7337862e-04
1.8235429e-04
1.9028427e-04
1.9686900e-04
2.0195349e-04
2.0556780e-04
2.0766009e-04
2.0790180e-04
2.0569181e-04
2.0038691e-04
1.9150333e-04
1.7870450e-04
1.6192762e-04
1.4165380e-04
1.1881820e-04
9.4355237e-05
6.9084861e-05
4.3588811e-05
1.7968307e-05
-8.0146366e-06
-3.4753931e-05
-6.2335561e-05
-9.0382384e-05
-1.1829255e-04
-1.4524757e-04
-1.7034311e-04
-1.9292211e-04
-2.1282626e-04
-2.3022303e-04
-2.4542530e-04
-2.5851450e-04
-2.6944771e-04
-2.7834503e-04
-2.8539686e-04
-2.9092936e-04
-2.9520052e-04
-2.9835628e-04
-3.0048141e-04
-3.0149936e-04
-3.0123802e-04
-2.9936714e-04
-2.9549403e-04
-2.8946414e-04
-2.8145286e-04
-2.7195663e-04
-2.6138539e-04
-2.4981128e-04
-2.3726309e-04
-2.2388397e-04
-2.0991879e-04
-1.9556567e-04
-1.8112905e-04
-1.6704356e-04
-1.5359522e-04
-1.4080915e-04
-1.2858979e-04
-1.1686200e-04
-1.0559990e-04
-9.4866790e-05
-8.4876693e-05
-7.5852390e-05
-6.7625365e-05
-5.9700237e-05
-5.1565832e-05
-4.2894683e-05
-3.3720104e-05
-2.4255089e-05
-1.4711883e-05
-5.1555724e-06
4.4760414e-06
1.4351626e-05
2.4752737e-05
3.5883019e-05
4.7727382e-05
6.0051755e-05
7.2412221e-05
8.4129651e-05
9.4536941e-05
1.0319472e-04
1.0977613e-04
1.1395271e-04
1.1543951e-04
1.1420651e-04
1.1056760e-04
1.0511097e-04
9.8481544e-05
9.1187268e-05
8.3566784e-05
7.5679722e-05
6.7434934e-05
5.8687910e-05
4.9344697e-05
3.9438541e-05
2.9075191e-05
1.8356429e-05
7.4339258e-06
-3.5261446e-06
-1.4376134e-05
-2.4971213e-05
-3.5119204e-05
-4.4621707e-05
-5.3290229e-05
-6.0895107e-05
-6.7077362e-05
-7.1452651e-05
-7.3811904e-05
-7.4191489e-05
-7.2833170e-05
-7.0038703e-05
-6.6109086e-05
-6.1329111e-05
-5.6052504e-05
-5.0662040e-05
-4.5486591e-05
-4.0754135e-05
-3.6429325e-05
-3.2404100e-05
-2.8572539e-05
-2.4767312e-05
-2.0784559e-05
-1.6532227e-05
-1.2016749e-05
-7.3101758e-06
-2.6003173e-06
1.8548281e-06
5.8034153e-06
9.1744958e-06
1.2130051e-05
1.4981882e-05
1.7997918e-05
2.1340498e-05
2.5010319e-05
2.8875774e-05
3.2764662e-05
3.6474721e-05
3.9885544e-05
4.2970905e-05
4.5688767e-05
4.7929228e-05
4.9451242e-05
4.9928582e-05
4.9078309e-05
4.6772268e-05
4.3083458e-05
3.8220741e-05
3.2350848e-05
2.5674110e-05
1.8442405e-05
1.0931297e-05
3.4482244e-06
-3.6911970e-06
-1.0169053e-05
-1.5684558e-05
-1.9950343e-05
-2.2712288e-05
-2.3799597e-05
-2.3154439e-05
-2.0865881e-05
-1.7103285e-05
-1.2030511e-05
-5.7799925e-06
1.4854134e-06
9.4808505e-06
1.7886013e-05
2.6389212e-05
3.4705527e-05
4.2621692e-05
4.9923651e-05
5.6345132e-05
6.1652538e-05
6.5594236e-05
6.7967285e-05
6.8662031e-05
6.7618638e-05
6.4764071e-05
5.9975045e-05
5.3186794e-05
4.4423956e-05
3.3776381e-05
2.1402190e-05
7.5470703e-06
-7.4701993e-06
-2.3333170e-05
-3.9720117e-05
-5.6230937e-05
-7.2217663e-05
-8.6855779e-05
-9.9351947e-05
-1.0893736e-04
-1.1489316e-04
-1.1666665e-04
-1.1399994e-04
-1.0687909e-04
-9.5418554e-05
-7.9824463e-05
-6.0410398e-05
-3.7560619e-05
-1.1710447e-05
1.6488077e-05
4.6116925e-05
7.6152870e-05
1.0560691e-04
1.3355439e-04
1.5906393e-04
1.8127775e-04
1.9943960e-04
2.1290300e-04
2.2120555e-04
2.2411888e-04
2.2165842e-04
2.1402467e-04
2.0155092e-04
1.8467498e-04
8.9530283e-14
5.7881137e-12
2.1346240e-11
4.3337506e-11
6.7774411e-11
8.8605419e-11
9.8550073e-11
8.8691055e-11
4.9119993e-11
-3.0898074e-11
-1.6235539e-10
-3.5609995e-10
-6.2234236e-10
-9.7021927e-10
-1.4073997e-09
-1.9397480e-09
-2.5710555e-09
-3.3028461e-09
-4.1342597e-09
-5.0620114e-09
-6.0804236e-09
-7.1815270e-09
-8.3552214e-09
-9.5894895e-09
-1.0870654e-08
-1.2183669e-08
-1.3512433e-08
-1.4840122e-08
-1.6149521e-08
-1.7423355e-08
-1.8644614e-08
-1.9796851e-08
-2.0864462e-08
-2.1832937e-08
-2.2689080e-08
-2.3421189e-08
-2.4019205e-08
-2.4474821e-08
-2.4781555e-08
-2.4934789e-08
-2.4931766e-08
-2.4771566e-08
-2.4455043e-08
-2.3984743e-08
-2.3364797e-08
-2.2600788e-08
-2.1699618e-08
-2.0669347e-08
-1.9519036e-08
-1.8258575e-08
-1.6898521e-08
-1.5449927e-08
-1.3924182e-08
-1.2332856e-08
-1.0687549e-08
-8.9997630e-09
-7.2807676e-09
-5.5414959e-09
-3.7924432e-09
-2.0435839e-09
-3.0430134e-10
1.4166679e-09
3.1112760e-09
4.7721937e-09
6.3928263e-09
7.9673198e-09
9.4905553e-09
1.0958135e-08
1.2366360e-08
1.3712199e-08
1.4993254e-08
1.6207722e-08
1.7354346e-08
1.8432372e-08
1.9441502e-08
2.0381843e-08
2.1253857e-08
2.2058317e-08
2.2796261e-08
2.3468943e-08
2.4077798e-08
2.4624400e-08
2.5110426e-08
2.5537628e-08
2.5907801e-08
2.6222762e-08
2.6484325e-08
2.6694287e-08
2.6854410e-08
2.6966413e-08
2.7031962e-08
2.7052664e-08
2.7030066e-08
2.6965652e-08
2.6860843e-08
2.6717002e-08
2.6535436e-08
2.6317402e-08
2.6064110e-08
2.5776731e-08
2.5456405e-08
2.5104245e-08
2.4721343e-08
2.4308780e-08
2.3867628e-08
2.3398959e-08
2.2903847e-08
2.2383373e-08
2.1838633e-08
2.1270734e-08
2.0680801e-08
2.0069979e-08
1.9439432e-08
1.8790343e-08
1.8123916e-08
1.7441374e-08
1.6743955e-08
1.6032916e-08
1.5309525e-08
1.4575062e-08
1.3830813e-08
1.3078071e-08
1.2318128e-08
1.1552274e-08
1.0781796e-08
1.0007968e-08
9.2320538e-09
8.4553001e-09
7.6789346e-09
6.9041623e-09
6.1321628e-09
5.3640874e-09
4.6010566e-09
3.8441579e-09
3.0944435e-09
2.3529283e-09
1.6205889e-09
8.9836154e-10
1.8714154e-10
-5.1221813e-10
-1.1989077e-09
-1.8721643e-09
-2.5312731e-09
-3.1755562e-09
-3.8043807e-09
-4.4171239e-09
-5.0132275e-09
-5.5922336e-09
-6.1539634e-09
-6.6981555e-09
-7.2231786e-09
-7.7201499e-09
-8.1701386e-09
-8.5572560e-09
-8.8841607e-09
-9.1947817e-09
-9.5772193e-09
-1.0167225e-08
-1.1154772e-08
-1.2768692e-08
-1.5286886e-08
-1.9054489e-08
-2.4459135e-08
-3.1852993e-08
-4.1461292e-08
-5.3313372e-08
-6.7236242e-08
-8.2943606e-08
-1.0019252e-07
-1.1886371e-07
-1.3899923e-07
-1.6089421e-07
-1.8504390e-07
-2.1197875e-07
-2.4213142e-07
-2.7577508e-07
-3.1311896e-07
-3.5443117e-07
-3.9988128e-07
-4.4931964e-07
-5.0221925e-07
-5.5764643e-07
-6.1420909e-07
-6.6999402e-07
-7.2261392e-07
-7.6932978e-07
-8.0721058e-07
-8.3329638e-07
-8.4470905e-07
-8.3874582e-07
-8.1298922e-07
-7.6553129e-07
-6.9515097e-07
-6.0128701e-07
-4.8393040e-07
-3.4357165e-07
-1.8119105e-07
1.6812988e-09
2.0295996e-07
4.2002735e-07
6.4973694e-07
8.8858676e-07
1.1329058e-06
1.3789640e-06
1.6230066e-06
1.8613768e-06
2.0906660e-06
2.3078544e-06
2.5104294e-06
2.6961441e-06
2.8627892e-06
3.0084520e-06
3.1314765e-06
3.2304371e-06
3.3049574e-06
3.3552847e-06
3.3811616e-06
3.3825258e-06
3.3593203e-06
3.3110178e-06
3.2385844e-06
3.1445232e-06
3.0316038e-06
2.9014425e-06
2.7553015e-06
2.5979527e-06
2.4402547e-06
2.3003758e-06
2.2028950e-06
2.1735097e-06
2.2320246e-06
2.3824760e-06
2.6055068e-06
2.8646730e-06
3.1221937e-06
3.3503382e-06
3.5325842e-06
3.6529097e-06
3.6893884e-06
3.6257678e-06
3.4541362e-06
3.1750891e-06
2.8068589e-06
2.3810831e-06
1.9110821e-06
1.3824109e-06
7.7694002e-07
9.3495559e-08
-6.5404515e-07
-1.4551846e-06
-2.3123947e-06
-3.2289254e-06
-4.2037916e-06
-5.2250553e-06
-6.2648884e-06
-7.3019305e-06
-8.3306133e-06
-9.3507016e-06
-1.0352580e-05
-1.1314546e-05
-1.2221146e-05
-1.3062462e-05
-1.3838109e-05
-1.4546594e-05
-1.5177331e-05
-1.5717062e-05
-1.6159737e-05
-1.6506456e-05
-1.6755015e-05
-1.6912228e-05
-1.6993784e-05
-1.7003335e-05
-1.6939759e-05
-1.6796873e-05
-1.6566052e-05
-1.6238877e-05
-1.5805819e-05
-1.5264272e-05
-1.4620319e-05
-1.3869834e-05
-1.2993981e-05
-1.1974124e-05
-1.0817278e-05
-9.5590877e-06
-8.2294317e-06
-6.8439881e-06
-5.4095731e-06
-3.9335652e-06
-2.4140950e-06
-8.6407022e-07
7.0182012e-07
2.2854044e-06
3.8934512e-06
5.5222611e-06
7.1558577e-06
8.7781283e-06
1.0387623e-05
1.1969991e-05
1.3500108e-05
1.4969161e-05
1.6353102e-05
1.7603244e-05
1.8685398e-05
1.9600745e-05
2.0363309e-05
2.0969212e-05
2.1393966e-05
2.1620028e-05
2.1651833e-05
2.1493843e-05
2.1151025e-05
2.0650655e-05
2.0008002e-05
1.9232558e-05
1.8358289e-05
1.7422812e-05
1.6460980e-05
1.5503870e-05
1.4566501e-05
1.3662919e-05
1.2809473e-05
1.2028278e-05
1.1337788e-05
1.0758602e-05
1.0304487e-05
9.9782531e-06
9.7635610e-06
9.6555102e-06
9.6979788e-06
9.9633070e-06
1.0549674e-05
1.1596177e-05
1.3256550e-05
1.5693693e-05
1.9027089e-05
2.3194124e-05
2.7970996e-05
3.3075544e-05
3.8276020e-05
4.3515854e-05
4.8764130e-05
5.3743859e-05
5.7919743e-05
6.0743266e-05
6.1899743e-05
6.1337872e-05
5.9076372e-05
5.5000554e-05
4.8877977e-05
4.0567685e-05
3.0170581e-05
1.8000730e-05
4.4796613e-06
-9.9838446e-06
-2.5063515e-05
-4.0526845e-05
-5.6179486e-05
-7.1801913e-05
-8.7176359e-05
-1.0218026e-04
-1.1665482e-04
-1.3042309e-04
-1.4333911e-04
-1.5522548e-04
-1.6591347e-04
-1.7523313e-04
-1.8304172e-04
-1.8920110e-04
-1.9349984e-04
-1.9561803e-04
-1.9521579e-04
-1.9201007e-04
-1.8573233e-04
-1.7612370e-04
-1.6301618e-04
-1.4637167e-04
-1.2626195e-04
-1.0286045e-04
-7.6496245e-05
-4.7676540e-05
-1.7018800e-05
1.4866187e-05
4.7476190e-05
8.0292149e-05
1.1268338e-04
1.4391132e-04
1.7321562e-04
1.9989328e-04
2.2317286e-04
2.4228997e-04
2.5671268e-04
2.6620045e-04
2.7059904e-04
2.6981792e-04
2.6404577e-04
2.5390625e-04
2.4030315e-04
2.2409339e-04
2.0592301e-04
1.8631624e-04
1.6577975e-04
1.4487487e-04
1.2403460e-04
1.0343679e-04
8.3129046e-05
6.3089206e-05
4.3364490e-05
2.4156087e-05
5.7703360e-06
-1.1417337e-05
-2.6978558e-05
-4.0569326e-05
-5.2040055e-05
-6.1432712e-05
-6.8937647e-05
-7.4874517e-05
-7.9543833e-05
-8.3099880e-05
-8.5781661e-05
-8.7915611e-05
-8.9659781e-05
-9.0865682e-05
-9.1340237e-05
-9.1040365e-05
-9.0016367e-05
-8.8341118e-05
-8.6059435e-05
-8.3059970e-05
-7.9230591e-05
-7.4610661e-05
-6.9256698e-05
-6.3272705e-05
-5.6982877e-05
-5.0750086e-05
-4.4805302e-05
-3.9358648e-05
-3.4546694e-05
-3.0442805e-05
-2.7144394e-05
-2.4678720e-05
-2.2954211e-05
-2.1860210e-05
-2.1340865e-05
-2.1303865e-05
-2.1635604e-05
-2.2303768e-05
-2.3269535e-05
-2.4574088e-05
-2.6392065e-05
-2.8975031e-05
-3.2544727e-05
-3.7364460e-05
-4.3605236e-05
-5.1283600e-05
-6.0312648e-05
-7.0367000e-05
-8.0958689e-05
-9.1516191e-05
-1.0133752e-04
-1.0964862e-04
-1.1585964e-04
-1.1947860e-04
-1.2002758e-04
-1.1730249e-04
-1.1139274e-04
-1.0261985e-04
-9.1512315e-05
-7.8586990e-05
-6.4110041e-05
-4.8338138e-05
-3.1667932e-05
-1.4497204e-05
2.8677348e-06
2.0247961e-05
3.7495886e-05
5.4240202e-05
7.0023971e-05
8.4364327e-05
9.6810420e-05
1.0713945e-04
1.1520989e-04
1.2105746e-04
1.2503686e-04
1.2753065e-04
1.2877382e-04
1.2904733e-04
1.2879746e-04
1.2829101e-04
1.2751982e-04
1.2649664e-04
1.2527245e-04
1.2392616e-04
1.2249658e-04
1.2094950e-04
1.1914499e-04
1.1684806e-04
1.1399672e-04
1.1068661e-04
1.0693659e-04
1.0256184e-04
9.7338350e-05
9.1022317e-05
8.3473063e-05
7.4738004e-05
6.4911814e-05
5.4076220e-05
4.2360818e-05
2.9917499e-05
1.6889494e-05
3.3464806e-06
-1.0618041e-05
-2.4698816e-05