5.165544995453909483e-06
5.222057560774336920e-06
5.152954050305519294e-06
4.963748310491084847e-06
4.663496767184056165e-06
4.264415488983930892e-06
3.781384330687329153e-06
3.231357211070363020e-06
2.632701480420054734e-06
2.004492372096660329e-06
1.365790567852166703e-06
7.349318353616709087e-07
1.288574581636126665e-07
-4.374872407464409314e-07
-9.516615454495395285e-07
-1.404124055941564943e-06
-1.788496914654151617e-06
-2.101688333808279982e-06
-2.343868093216277900e-06
-2.518296889454571384e-06
-2.631016700671108761e-06
-2.690415424951681483e-06
-2.706684694191064820e-06
-2.691194712466652096e-06
-2.655813993906791852e-06
-2.612204789060573086e-06
-2.571126641848359625e-06
-2.541780811586426232e-06
-2.531227181291467670e-06
-2.543902767383308548e-06
-2.581267118756090943e-06
-2.641594873978789531e-06
-2.719929716368426092e-06
-2.808207157063980298e-06
-2.895546253803852502e-06
-2.968702834068527888e-06
-3.012669348600544408e-06
-3.011399452310066366e-06
-2.948629102668268264e-06
-2.808760667527587862e-06
-2.577772497302086028e-06
-2.244113847455769134e-06
-1.799544087868421199e-06
-1.239875894493785259e-06
-5.655846061429478133e-07
2.177499053293206135e-07
1.099196780911586773e-06
2.062443975614662485e-06
3.085996946282634895e-06
4.143609835239633894e-06
5.204943267900740195e-06
6.236433296734608585e-06
7.202346732272619420e-06
8.065989491902529314e-06
8.791027039812913320e-06
9.342869825154762306e-06
9.690072141787192014e-06
9.805690263395200931e-06
9.668545212883256258e-06
9.264337186060636094e-06
8.586562463456068773e-06
7.637189520739972652e-06
6.427058812646615567e-06
4.975980102207818169e-06
3.312511909348941096e-06
1.473419272769998451e-06
-4.971818775081770877e-07
-2.548973316568114155e-06
-4.626844003228013606e-06
-6.672517613622148565e-06
-8.626345931362092780e-06
-1.042920829345323498e-05
-1.202445179532090052e-05
-1.335980383090138292e-05
-1.438918795817189852e-05
-1.507437611287748272e-05
-1.538641481735155472e-05
-1.530677011759136669e-05
-1.482814530021338027e-05
-1.395493666862213260e-05
-1.270330538990691898e-05
-1.110085718882172446e-05
-9.185935941671608446e-06
-7.006551460956078770e-06
-4.618975403886012536e-06
-2.086051742324307198e-06
5.247209062048253322e-07
3.143269012785347638e-06
5.699113545414047173e-06
8.123553075974570444e-06
1.035178393576452897e-05
1.232488306573595667e-05
1.399158440473616033e-05
1.530978754874304915e-05
1.624774766681325603e-05
1.678490785155850368e-05
1.691234871711424300e-05
1.663284458397863038e-05
1.596053042121315334e-05
1.492019825543934246e-05
1.354625542057267291e-05
1.188138926835523450e-05
9.974993304240642545e-06
7.881417753889452321e-06
5.658112998148279910e-06
3.363736944497707085e-06
1.056297153230305821e-06
-1.208604550781736816e-06
-3.379363015801338039e-06
-5.409742461048356933e-06
-7.259987363311963880e-06
-8.897639771906636652e-06
-1.029804418229083711e-05
-1.144453451526302853e-05
-1.232831111930331189e-05
-1.294802847301464669e-05
-1.330912587814019945e-05
-1.342294342000441835e-05
-1.330567342261388869e-05
-1.297720321990389168e-05
-1.245990808509691870e-05
-1.177745350167599676e-05
-1.095366363378606897e-05
-1.001150798851648210e-05
-8.972251094718974583e-06
-7.854800889101016197e-06
-6.675280821697819679e-06
-5.446838958367941967e-06
-4.179695102695547245e-06
-2.881414741031081090e-06
-1.557386987909634003e-06
-2.114732043880385012e-07
1.153215940410388352e-06
2.533464083435858396e-06
3.925067129735989041e-06
5.321981230610022887e-06
6.715555774751035738e-06
8.093903057709510472e-06
9.441450429367354599e-06
1.073871255892213111e-05
1.196231134459132162e-05
1.308525936187426184e-05
1.407751009227654787e-05
1.490676505763612506e-05
1.553951498517378287e-05
1.594227982943801367e-05
1.608300144069786720e-05
1.593253340826146847e-05
1.546616556468674071e-05
1.466511616723591507e-05
1.351792312583441440e-05
1.202166695398143199e-05
1.018296238632593689e-05
8.018662712297385892e-06
5.556230574827367808e-06
2.833740919190574327e-06
-1.005045083816111871e-07
-3.188756760329346448e-06
-6.364983445690466556e-06
-9.556391119609750399e-06
-1.268526583651420540e-05
-1.567107772957296080e-05
-1.843278366378198131e-05
-2.089125256194834525e-05
-2.297173134220072837e-05
-2.460626584130943666e-05
-2.573599081427918427e-05
-2.631320614815315433e-05
-2.630316272055748265e-05
-2.568549065051295102e-05
-2.445521468305048664e-05
-2.262331565913728714e-05
-2.021681289209817863e-05
-1.727835917291290770e-05
-1.386535738641125530e-05
-1.004862464974576483e-05
-5.910645808060844856e-06
-1.543472405024606180e-06
2.953664679858974920e-06
7.476951344501834250e-06
1.192071119914114674e-05
1.618016432375697807e-05
2.015413714706966512e-05
2.374764036223438751e-05
2.687423853563007122e-05
2.945814460150537244e-05
3.143598430830639093e-05
3.275818932730691134e-05
3.338999251429364029e-05
3.331201406085601097e-05
3.252044231035132970e-05
3.102682718968628582e-05
2.885751690614682424e-05
2.605277922218165982e-05
2.266565676086178355e-05
1.876061101604912425e-05
1.441201181681781531e-05
9.702527931792154166e-06
4.721470536482503296e-06
-4.368651802219170263e-07
-5.674823408674756256e-06
-1.089294905017130752e-05
-1.599147048707764867e-05
-2.087169793227938716e-05
-2.543734149375139532e-05
-2.959576168543624427e-05
-3.325917162916894695e-05
-3.634581409661906810e-05
-3.878113746929846378e-05
-4.049899242683029468e-05
-4.144286567488373983e-05
-4.156715852836964116e-05
-4.083850717490536257e-05
-3.923712862481848246e-05
-3.675816244567524778e-05
-3.341296418587042470e-05
-2.923029280811324879e-05
-2.425732244970847979e-05
-1.856039939947582186e-05
-1.222545930478193239e-05
-5.358018156032452789e-06
1.917345851043222223e-06
9.458093603709320535e-06
1.710546930573659922e-05
2.468692803503824869e-05
3.201926285152924506e-05
3.891241950513690958e-05
4.517395553891099928e-05
5.061406743093975876e-05
5.505107580675862831e-05
5.831722627959461434e-05
6.026463377234749348e-05
6.077117286818914204e-05
5.974609741488196094e-05
5.713516071937005099e-05
5.292500442220342678e-05
4.714659045680454270e-05
3.987746693354128201e-05
3.124268543586102053e-05
2.141422367930084569e-05
1.060881291726261253e-05
-9.158774007011367743e-07
-1.286668610914470149e-05
-2.492196333687998717e-05
-3.673999092111275805e-05
-4.796861765231937144e-05
-5.825584710686747107e-05
-6.726106264447088772e-05
-7.466653004035610837e-05
-8.018878552858518414e-05
-8.358949775956892991e-05
-8.468538788065980809e-05
-8.335680361808893652e-05
-7.955457119430435682e-05
-7.330479281376846724e-05
-6.471131632273306007e-05
-5.395567591752281980e-05
-4.129438626000606419e-05
-2.705356430602329633e-05
-1.162095032062784156e-05
4.564501658467915362e-06
2.102519703301576035e-05
3.725928004415027386e-05
5.275638102127834511e-05
6.701422560301228384e-05
7.955554899466635711e-05
8.994472636066118496e-05
9.780351952531814988e-05
1.028253514669311803e-04
1.047875539847980696e-04
1.035610898422522020e-04
9.911732719930697552e-05
9.153153897662145977e-05
8.098290989845995439e-05
6.775095558682718978e-05
5.220838684647524869e-05
3.481058340686666740e-05
1.608196991264939946e-05
-3.400292104463973757e-06
-2.302477408168734487e-05
-4.216579858332053846e-05
-6.020432211165066783e-05
-7.654895321996318057e-05
-9.065635744323120339e-05
-1.020503090979657019e-04
-1.103386863482772300e-04
-1.152277692520294663e-04
-1.165332889455167277e-04
-1.141877868935486083e-04
-1.082439724785911716e-04
-9.887391045794574336e-05
-8.636402159592786090e-05
-7.110603432216414956e-05
-5.358417667812045114e-05
-3.435904016104261710e-05
-1.404867463167837327e-05
6.692418913954780590e-06
2.719564749374566549e-05
4.680123128608322975e-05
6.488082349002653759e-05
8.085902004524484854e-05
9.423297251506685128e-05
1.045893859030554802e-04
1.116182795136606447e-04
1.151230097793542627e-04
1.150261947821446841e-04
1.113713355296938200e-04
1.043200927678199870e-04
9.414534374796660189e-05
8.122030432782131014e-05
6.600415153935575759e-05
4.902471417142234154e-05
3.085890861526418606e-05
1.211167982162265220e-05
-6.605740632265998130e-06
-2.469742784695404334e-05
-4.160339069336901549e-05
-5.681846190412053339e-05
-6.990875800571668872e-05
-8.052512102497809019e-05
-8.841308188263025591e-05
-9.341903073339405492e-05
-9.549243602253987794e-05
-9.468411510566278420e-05
-9.114071818492113181e-05
-8.509573747154467187e-05
-7.685748877230584510e-05
-6.679462756683317401e-05
-5.531985122192069213e-05
-4.287249954950446982e-05
-2.990079528160738214e-05
-1.684446348634282149e-05
-4.118435050444054602e-06
7.901723932830163519e-06
1.889210444269493860e-05
2.859002745636947613e-05
3.680058510706409069e-05
4.339997779615187626e-05
4.833562013511413520e-05
5.162313196111066214e-05
5.334046576854745668e-05
5.361954295569851817e-05
5.263587346603565203e-05
5.059671281055538774e-05
4.772836401131853211e-05
4.426325750447886013e-05
4.042743836112413093e-05
3.642905744460700680e-05
3.244840280197605083e-05
2.862992263819204975e-05
2.507658598679758693e-05
2.184680699175123208e-05
1.895402942086055214e-05
1.636893582888195362e-05
1.402411696194752761e-05
1.182091756788746825e-05
9.638070161716429533e-06
7.341643041053668750e-06
4.795766517348426454e-06
1.873564519994232752e-06
-1.532290978787937807e-06
-5.499967489587951805e-06
-1.007032183981935708e-05
-1.524066361484280877e-05
-2.096079284524799040e-05
-2.713156442534673336e-05
-3.360611114401220974e-05
-4.019372983333803766e-05
-4.666630693983838367e-05
-5.276703668017803094e-05
-5.822107241668577027e-05
-6.274765500269453974e-05
-6.607318488477222150e-05
-6.794465109142406017e-05
-6.814280238175015280e-05
-6.649444531448418490e-05
-6.288328106007292121e-05
-5.725874617971224315e-05
-4.964240002338268087e-05
-4.013149979767636875e-05
-2.889951979410558398e-05
-1.619349888111868595e-05
-2.328234635939211694e-06
1.232252236643210560e-05
2.733759034397359493e-05
4.226219052948788067e-05
5.662358568538031092e-05
6.994793019567088256e-05
8.177767810611306335e-05
9.168886097925515576e-05
9.930754100240771112e-05
1.043247670281851339e-04
1.065094116779657983e-04
1.057183447489708867e-04
1.019034991877839670e-04
9.511550683701017314e-05
8.550371695966183037e-05
7.331255535676436540e-05
5.887432945758343987e-05
4.259872871379326114e-05
2.495940371999558124e-05
6.478125912306214104e-06
-1.229287247312402093e-05
-3.078970531874366970e-05
-4.845606839122970974e-05
-6.476217109797809883e-05
-7.922264746859414199e-05
-9.141277533897504176e-05
-1.009824055912912416e-04
-1.076670999031910370e-04
-1.112960914563551569e-04
-1.117968133144517547e-04
-1.091958780745848855e-04
-1.036165339526801718e-04
-9.527276051244855414e-05
-8.446029581825827723e-05
-7.154500051080361889e-05
-5.694905865363701430e-05
-4.113558674501842821e-05
-2.459226866616127978e-05
-7.814653993828083324e-06
8.710250541508837583e-06
2.451950069420994285e-05
3.918830754682715536e-05
5.234224371335314977e-05
6.366719688156055970e-05
7.291680928940487720e-05
7.991725189604318227e-05
8.456929265075409017e-05
8.684772468650607958e-05
8.679831822348817400e-05
8.453254581349038893e-05
8.022040139856682472e-05
7.408168744201475532e-05
6.637617986344255627e-05
5.739309714748864588e-05
4.744029807608951343e-05
3.683361330829846604e-05
2.588668168466115485e-05
1.490161547009354905e-05
4.160762754378695123e-06
-6.080227232804471588e-06
-1.559789623495294074e-05
-2.420495360393676578e-05
-3.175272896173647694e-05
-3.813215181340748740e-05
-4.327336135574024947e-05
-4.714409336155716787e-05
-4.974702485693885076e-05
-5.111628067299888378e-05
-5.131331855470602549e-05
-5.042241149614438229e-05
-4.854593811912446681e-05
-4.579967555385955650e-05
-4.230826598439167284e-05
-3.820099946346894380e-05
-3.360802365826623091e-05
-2.865705793890891984e-05
-2.347065675745864226e-05
-1.816403732882822453e-05
-1.284346028703921549e-05
-7.605129731656158940e-06
-2.534561238939626827e-06
2.293646603960966621e-06
6.815709587605249054e-06
1.097829987789594473e-05
1.473800725156023639e-05
1.806068931868923255e-05
2.092077236666553793e-05
2.330055391546073082e-05
2.518954606706701418e-05
2.658388629838946636e-05
2.748583048015703731e-05
2.790333230832052323e-05
2.784970421252844688e-05
2.734334704308829649e-05
2.640752944995533331e-05
2.507019317781451984e-05
2.336375791930178191e-05
2.132489907500509648e-05
1.899427354790294501e-05
1.641617209026718704e-05
1.363808135683704944e-05
1.071014450270917159e-05
7.684515670151483539e-06
4.614610699645005208e-06
1.554263502692753142e-06
-1.443195680093213863e-06
-4.325917936909595864e-06
-7.044542284210477233e-06
-9.553200751476050454e-06
-1.181048919229476960e-05
-1.378036991978505392e-05
-1.543297255467689246e-05
-1.674526159031614679e-05
-1.770154321734508738e-05
-1.829378954129909596e-05
-1.852176491196764254e-05
-1.839294626906893719e-05
-1.792223697832625020e-05
-1.713148134044868592e-05
-1.604879442394671027e-05
-1.470772867609454758e-05
-1.314630457400192329e-05
-1.140593719992205241e-05
-9.530293953773918362e-06
-7.564120572870521816e-06
-5.552073169432427405e-06
-3.537593117018365513e-06
-1.561859355344186201e-06
3.371508613328740730e-07
2.125466399551058460e-06
1.142584318412934648e-06
9.785205341616591842e-07
7.966138103275692809e-07
6.020593305485540851e-07
4.003134267083064763e-07
1.969023858596348839e-07
-2.771964227363913976e-09
-1.936223802021935543e-07
-3.710545133605324701e-07
-5.311261661993939190e-07
-6.706808438469569872e-07
-7.874498232467140889e-07
-8.801180988004721333e-07
-9.483509234401884692e-07
-9.927792012916786409e-07
-1.014943645762128530e-06
-1.017199331592005711e-06
-1.002583973056923295e-06
-9.746548829024108862e-07
-9.373010382337580801e-07
-8.945379344466669808e-07
-8.502938866380811296e-07
-8.081970889852369297e-07
-7.713730268831840187e-07
-7.422617281676849410e-07
-7.224638275467774867e-07
-7.126235075675520978e-07
-7.123550917862367218e-07
-7.202184394077315665e-07
-7.337463791362029605e-07
-7.495252908943361669e-07
-7.633276767496798313e-07
-7.702932451860373564e-07
-7.651527599432384682e-07
-7.424867723941755337e-07
-6.970094595773143258e-07
-6.238662177682288424e-07
-5.189324936835254585e-07
-3.791006388170135551e-07
-2.025413973346009877e-07
1.107298452551557645e-08
2.603960997984968076e-07
5.422957560702498844e-07
8.518119657126426303e-07
1.182190675697823898e-06
1.524996531105190295e-06
1.870304860943315989e-06
2.206969809304636105e-06
2.522962235709349160e-06
2.805767809291634612e-06
3.042832757536490379e-06
3.222042133239398272e-06
3.332213355700584655e-06
3.363586271760968614e-06
3.308290157382926999e-06
3.160768005185137860e-06
2.918139153922725189e-06
2.580482818147858324e-06
2.151027344079668861e-06
1.636232992854097767e-06
1.045759645587958442e-06
3.923149181992974787e-07
-3.086173751929607497e-07
-1.039163826242120772e-06
-1.779553857448863814e-06
-2.508704227902060435e-06
-3.204877738776400500e-06
-3.846394649691980704e-06
-4.412372406017462805e-06
-4.883467206092151854e-06
-5.242589820997632359e-06
-5.475567998975149108e-06
-5.571728784579224601e-06
-5.524376160417603251e-06
-5.331142535014868296e-06
-4.994196669096808309e-06
-4.520295528326402057e-06
-3.920673109406596325e-06
-3.210765312134597967e-06
-2.409776200230963282e-06
-1.540097268518404621e-06
-6.265973644324379865e-07
3.041935500695032748e-07
1.224978801492752728e-06
2.108635715068983721e-06
2.929168043421583609e-06
3.662634072057474808e-06
4.288014286643905775e-06
4.787983841574118806e-06
5.149557844992590236e-06
5.364581607996774123e-06
5.430043374138138051e-06
5.348193474696588604e-06
5.126461121873234069e-06
4.777167891067247925e-06
4.317045057753380528e-06
3.766570025957255302e-06
3.149144786642596984e-06
2.490146352012459956e-06
1.815885119415807593e-06
1.152511850006431073e-06
5.249171686669006594e-07
-4.433097753499508630e-08
-5.359667429381263526e-07
-9.348796644594311633e-07
-1.230802742566825267e-06
-1.418801961942012756e-06
-1.499541145642703683e-06
-1.479304602612383363e-06
-1.369769600559226657e-06
-1.187530917044389911e-06
-9.533901948426284337e-07
-6.914331330467152179e-07
-4.279272550633303667e-07
-1.900816901291034464e-07
-4.717694606089930203e-09
1.030958249359544750e-07
1.113840318153112391e-07
2.526133088299172891e-09
-2.356242263172925255e-07
-6.088123971751562192e-07
-1.115698278403670563e-06
-1.747454108028923389e-06
-2.487674478379092857e-06
-3.312616805846792526e-06
-4.191777527721367716e-06
-5.088795621017472156e-06
-5.962661170042588883e-06
-6.769193206386409281e-06
-7.462738467829892837e-06
-7.998031614591932911e-06
-8.332148305464830103e-06
-8.426475814014484537e-06
-8.248621915679641534e-06
-7.774181860809801494e-06
-6.988285514008817868e-06
-5.886852211429952113e-06
-4.477489461832426397e-06
-2.779983063149422259e-06
-8.263401698849723511e-07
1.339637139193482225e-06
3.663252743788894228e-06
6.080278423836302964e-06
8.518744982998900211e-06
1.090111277437395369e-05
1.314675525834684408e-05
1.517467464308933252e-05
1.690635673166790442e-05
1.826866338279444199e-05
1.919665593145597802e-05
1.963624182605036122e-05
1.954653978710329607e-05
1.890186598663876649e-05
1.769325492979095931e-05
1.592944357109303988e-05
1.363726524170522553e-05
1.086142058464679438e-05
7.663615156847533664e-06
4.121076829580790096e-06
3.244897093662200606e-07
-3.624595912614143765e-06
-7.616797008328535087e-06
-1.153827560810185546e-05
-1.527434679863649630e-05
-1.871319174064322828e-05
-2.174954407030855194e-05
-2.428821654157122250e-05
-2.624733837371899588e-05
-2.756118245889224266e-05
-2.818247511868463863e-05
-2.808409903874370200e-05
-2.726012172708281340e-05
-2.572610654009721700e-05
-2.351869006529689742e-05
-2.069443740269757352e-05
-1.732801454497435659e-05
-1.350974349740311837e-05
-9.342629906169691177e-06
-4.938973754433037905e-06
-4.166902335417557143e-07
4.104520545791832374e-06
8.507010324966686308e-06
1.267888113882835909e-05
1.651740644679210065e-05
1.993204761401966562e-05
2.284695543942672735e-05
2.520286820883409749e-05
2.695834340976055015e-05
2.809028872586005765e-05
2.859378803264262816e-05
2.848124853762595262e-05
2.778092460688791495e-05
2.653490089261004425e-05
2.479664088911181797e-05
2.262822584802541543e-05
2.009742208982556578e-05
1.727472145091072861e-05
1.423049948917571413e-05
1.103242896780958750e-05
7.743272182496342817e-06
4.419155442139843356e-06
1.108403362694473385e-06
-2.149019333352851292e-06
-5.321443890256912041e-06
-8.384831582924069074e-06
-1.132156064506387435e-05
-1.411875392751698876e-05
-1.676626450250577954e-05
-1.925446024399362802e-05
-2.157196506582762329e-05
-2.370352286746251237e-05
-2.562814968253273196e-05
-2.731772977494157029e-05
-2.873619261089768078e-05
-2.983938038187569994e-05
-3.057568115771103705e-05
-3.088746227571428080e-05
-3.071329400651055249e-05
-2.999090693932862607e-05
-2.866078014349020058e-05
-2.667021334169769178e-05
-2.397769745805741770e-05
-2.055736626054894162e-05
-1.640328941356762702e-05
-1.153335568360093414e-05
-5.992495381926717451e-06
1.449960682504659670e-07
6.774246255801493122e-06
1.375988112375086293e-05
2.093751483664119028e-05
2.811672394000084841e-05
3.508551084075377897e-05
4.161619226867792375e-05
4.747257727337373144e-05
5.241822956826378422e-05
5.622554387959425909e-05
5.868530866262074960e-05
5.961638124886385203e-05
5.887506897635873108e-05
5.636379339039151364e-05
5.203861580879931776e-05
4.591522233437047478e-05
3.807300491324980599e-05
2.865693161890801947e-05
1.787697249073390667e-05
6.004934716163933095e-06
-6.631340182484052865e-06
-1.965635771139656471e-05
-3.265776028822335841e-05
-4.519924579920352658e-05
-5.683523069969007832e-05
-6.712677948142215141e-05
-7.565824299459827885e-05
-8.205398753220422643e-05
-8.599455823623476159e-05
-8.723160705027630391e-05
-8.560092898829207509e-05
-8.103299165194041936e-05
-7.356041123573609094e-05
-6.332192210037516727e-05
-5.056250374058928208e-05
-3.562946505575596330e-05
-1.896443673057143903e-05
-1.091382762220839472e-06
1.739909454838402876e-05
3.586872213988813956e-05
5.365321279467710492e-05
7.008589445795884872e-05
8.452248571437587991e-05
9.636610882636750569e-05
1.050915824920114670e-04
1.102680234388104445e-04
1.115788111592772882e-04
1.088380340737410521e-04
1.020026372184111379e-04
9.117962867487343316e-05
7.662787024918622726e-05
5.875417169014219253e-05
3.810362000385454905e-05
1.534429825418237933e-05
-8.753226853386758847e-06
-3.334105121322738933e-05
-5.752291382195160374e-05
-8.038603460024966647e-05
-1.010346880777543963e-04
-1.186242866526574023e-04
-1.323946873219010337e-04
-1.417014246536893733e-04
-1.460436122480108590e-04
-1.450873450247811404e-04
-1.386835732936565388e-04
-1.268796023063123175e-04
-1.099235914791844761e-04
-8.826167790333658866e-05
-6.252762025170101280e-05
-3.352514178535019276e-05
-2.203433966073802952e-06
3.037344599737404075e-05
6.306230035111912526e-05
9.468043731960753715e-05
1.240478602367287605e-04
1.500304915629862505e-04
1.715828490967956799e-04
1.877885747735337117e-04
1.978972596702501387e-04
2.013561119461930666e-04
1.978351746779779120e-04
1.872450127744923476e-04
1.697460452416549564e-04
1.457489922300910738e-04
1.159062254392576459e-04
8.109414426735078491e-05
4.238703623739088126e-05
1.023205835058990651e-06
-4.163554168236235979e-05
-8.414970759876653757e-05
-1.250516228096876042e-04
-1.628969451188368102e-04
-1.963162858239369559e-04
-2.240650850238386270e-04
-2.450698895612464902e-04
-2.584692918443714724e-04
-2.636479590499870413e-04
-2.602624147273836569e-04
-2.482575203549336668e-04
-2.278729326113758781e-04
-1.996391710495114323e-04
-1.643633072734203835e-04
-1.231046665811953982e-04
-7.714130211534632941e-05
-2.792834601568427945e-05
2.295035117274817066e-05
7.383562436674785180e-05
1.230495749680021310e-04
1.689533325339602000e-04
2.100039425725904287e-04
2.448083427557064175e-04
2.721724812200066552e-04
2.911437934817038458e-04
3.010454831027558264e-04
3.015013375864654269e-04
2.924501450498953603e-04
2.741491471722625568e-04
2.471663562799213620e-04
2.123619648367509622e-04
1.708594696259936770e-04
1.240075063433854674e-04
7.333372941979229159e-05
2.049236384736058565e-05
-3.279271069834564019e-05
-8.478731724204406281e-05
-1.338066621971211790e-04
-1.782732061461757376e-04
-2.167706539079275344e-04
-2.480921311900319780e-04
-2.712808248014064185e-04
-2.856616376543067316e-04
-2.908627387757866615e-04
-2.868262598907808333e-04
-2.738077896386058481e-04
-2.523647290261090510e-04
-2.233339817266409371e-04
-1.877998445320373431e-04
-1.470533215166648709e-04
-1.025443967550854500e-04
-5.582905321125413220e-05
-8.513010360395692239e-06
3.780573633036265785e-05
8.159345831512860876e-05
1.214342499491217738e-04
1.560786524620820352e-04
1.844855986696959226e-04
2.058561946642763186e-04
2.196581730116861034e-04
2.256402122843382077e-04
2.238357061531994732e-04
2.145559670096093313e-04
1.983732488232700457e-04
1.760943559439042457e-04
1.487259536226478854e-04
1.174329987160116072e-04
8.349195434288552396e-05
4.824063171470943824e-05
1.302660990478251473e-05
-2.084378361260694873e-05
-5.215399314132746411e-05
-7.982143585664109632e-05
-1.029357521542124108e-04
-1.207897233300880173e-04
-1.329017755430053789e-04
-1.390293287532880879e-04
-1.391726145776971796e-04
-1.335689634549783200e-04
-1.226779340724339475e-04
-1.071580114999234022e-04
-8.783592076197038702e-05
-6.566987727996172609e-05
-4.170831461929990630e-05
-1.704578559166590115e-05
7.222180246275282096e-06
3.004346377748165237e-05
5.045124396178338731e-05
6.760176378382885907e-05
8.080653672583854963e-05
8.955779538366128779e-05
9.354626844232774888e-05
9.267068984334693449e-05
8.703878118153416212e-05
7.695979117857203145e-05
6.292901037952730906e-05
4.560499172630544628e-05
2.578048689456924935e-05
4.348344420987501640e-06
-1.773620018843605675e-05
-3.949528774385995569e-05
-5.996863783440007593e-05
-7.825258264538062763e-05
-9.353639436854076044e-05
-1.051344980444697742e-04
-1.125133452466733029e-04
-1.153119534543775918e-04
-1.133553805202484367e-04
-1.066606916170254895e-04
-9.543527626916806174e-05
-8.006767471120332120e-05
-6.111136452497344367e-05
-3.926222860218300499e-05
-1.533066312709598344e-05
9.790519498347984755e-06
3.516109002370601663e-05
5.982990683954421136e-05
8.287149032149546861e-05
1.034212504010425637e-04
1.207080241291613666e-04
1.340827042082510872e-04
1.430419088306139304e-04
1.472458503724665118e-04
1.465297968631898873e-04
1.409087759753728248e-04
1.305754362059401998e-04
1.158912435970533281e-04
9.737144515526475498e-05
7.566446312003807285e-05
5.152658858958869699e-05
2.579301031099880148e-05
-6.536620656506366236e-07
-2.691614536015458171e-05
-5.211523972101805190e-05
-7.542135651102902655e-05
-9.608364837594777488e-05
-1.134556858658488737e-04
-1.270167770855861237e-04
-1.363882116162605756e-04
-1.413439195586891142e-04
-1.418152620264462186e-04
-1.378899013054013598e-04
-1.298049277637599880e-04
-1.179346374276567591e-04
-1.027735508260716580e-04
-8.491543321965374985e-05
-6.502921245901007829e-05
-4.383278828133095357e-05
-2.206578249234797908e-05
-4.622921762674567919e-07
2.027532111757004632e-05
3.950064174073339359e-05
5.664454936476245021e-05
7.123298167286960564e-05
8.290054435126536678e-05
9.139958059604350211e-05
9.660450125754970786e-05
9.851136824650242978e-05
9.723290995412300431e-05
9.298932078327422498e-05
8.609535083644440415e-05
7.694432075554415553e-05
6.598979632259988277e-05
5.372572474871330510e-05
4.066586782931157749e-05
2.732336563515611660e-05
1.419122886980130182e-05
1.724491059448786043e-06
-9.675342305832379248e-06
-1.967302642119316117e-05
-2.800910260356505088e-05
-3.450597074346644147e-05
-3.907041146314493846e-05
-4.169260808762763511e-05
-4.244185845250357698e-05
-4.145929312700312279e-05
-3.894802499637510100e-05
-3.516124159489622655e-05
-3.038881358613608458e-05
-2.494302911478961453e-05
-1.914407426256189480e-05
-1.330586522986804013e-05
-7.722799614755510684e-06
-2.657934563596417617e-06
1.666978305334278860e-06
5.079263741594969799e-06
7.460664773114204182e-06
8.750129492550614747e-06
8.944026034099836000e-06
8.093875075275332322e-06
6.301787645369509155e-06
3.713883314985586744e-06
5.120369273436693719e-07
-3.095641546263741702e-06
-6.885151420920071027e-06
-1.062730865322537581e-05
-1.409835545317799261e-05
-1.709003077644792934e-05
1.061972154639668857e-06
3.974592523237777342e-05
7.737376368753693453e-05
1.127621167774756582e-04
1.447867922255333497e-04
1.724246957276198439e-04
1.947931262812055073e-04
2.111848461851449600e-04
2.210974331637410016e-04
2.242555937364549396e-04
2.206253472706893736e-04
2.104192721970533551e-04
1.940923303848390456e-04
1.723281413720823018e-04
1.460159520447713508e-04
1.162189252646405040e-04
8.413473795025453762e-05
5.104982017872795842e-05
1.828886740784327759e-05
-1.283849561245709514e-05
-4.109184016236005588e-05
-6.535268421081274288e-05
-8.467368246202457637e-05
-9.832213461407845437e-05
-1.058158429975487495e-04
-1.069495879588089679e-04
-1.018108051936760872e-04
-9.078343413431333876e-05
-7.453934773045905017e-05
-5.401725608702905913e-05
-3.038948173108017682e-05
-5.017513469823628870e-06
2.060226135949023323e-05
4.490079033108483142e-05
6.630429946903166575e-05
8.330536629370562920e-05
9.453430746870543030e-05
9.882793551027817898e-05
9.529272147897204664e-05
8.335950138890982765e-05
6.282708401160127815e-05
3.389245287626249897e-05
-2.834303103931717655e-06
-4.633166108134514341e-05
-9.518565788450066511e-05
-1.476262607104368129e-04
-2.015804743143420391e-04
-2.547408446413418847e-04
-3.046473429887298781e-04
-3.487799902823084282e-04
-3.846590347004336390e-04
-4.099490524526632537e-04
-4.225630226919023253e-04
-4.207622509144476742e-04
-4.032479934633316433e-04
-3.692407759665512768e-04
-3.185437016774097683e-04
-2.515865063285294373e-04
-1.694477224515942952e-04
-7.385305016308142440e-05
3.285113051296724234e-05
1.477492572738727764e-04
2.674322884592768203e-04
3.880958432789495213e-04
5.056580779996181331e-04
6.158937307033636541e-04
7.145800045956770619e-04
7.976493339582682585e-04
8.613436170214021619e-04
9.023642303053028323e-04
9.180120768212538451e-04
9.063120758007827977e-04
8.661168761490481687e-04
7.971851631416609386e-04
7.002307127830380328e-04
5.769393064486171875e-04
4.299517174629735030e-04
2.628121822711706676e-04
7.988302858715089672e-05
-1.137725947974885731e-04
-3.125367048774561852e-04
-5.104068528328736896e-04
-7.011855153736964129e-04
-8.786822997513355025e-04
-1.036922112383832943e-03
-1.170352039984946498e-03
-1.274039551810470178e-03
-1.343854763650293837e-03
-1.376629909867264304e-03
-1.370289839765421276e-03
-1.323948268852346991e-03
-1.237965644321456157e-03
-1.113965788834554065e-03
-9.548099215138356561e-04
-7.645281680728307138e-04
-5.482102072129858492e-04
-3.118581998131433886e-04
-6.220655344130863085e-05
1.934856676392384582e-04
4.476628175721562809e-04
6.927135416800786873e-04
9.212162162666174452e-04
1.126180480478779656e-03
1.301276453401693442e-03
1.441043610864358370e-03
1.541071977674812396e-03
1.598149247545290787e-03
1.610368640722063989e-03
1.577193703697595158e-03
1.499477791586173274e-03
1.379437591184513954e-03
1.220581679264027067e-03
1.027596703840607303e-03
8.061952645539209811e-04
5.629308948265051085e-04
3.049866643448466419e-04
3.994478659911194574e-05
-2.244547962603682585e-04
-4.805585877127422582e-04
-7.210382158170297378e-04
-9.391156639017227917e-04
-1.128767678873549528e-03
-1.284902817049471142e-03
-1.403505644245434981e-03
-1.481743842652477952e-03
-1.518035340967380242e-03
-1.512074022913024096e-03
-1.464814027641997678e-03
-1.378414078314103581e-03
-1.256144610780166081e-03
-1.102261677172413409e-03
-9.218526294351624345e-04
-7.206594123538402142e-04
-5.048858907660618792e-04
-2.809959878071400423e-04
-5.550951560295467289e-05
1.651975593755357569e-04
3.750820441183296472e-04
5.686058470426205280e-04
7.408866725122776990e-04
8.878229536585477725e-04
1.006189908634781780e-03
1.093704686773333545e-03
1.149059679665885656e-03
1.171924167795687253e-03
1.162915517813546641e-03
1.123542104598185308e-03
1.056120976944810441e-03
9.636739926061127157e-04
8.498066993279174489e-04
7.185746210423325049e-04
5.743418161704672790e-04
4.216366080078619120e-04
2.650092515327476706e-04
1.088960084251846313e-04
-4.250633037874404540e-05
-1.853519856883168782e-04
-3.162409483930904821e-04
-4.322948163270701281e-04
-5.312123149584879831e-04
-6.113038602409328476e-04
-6.715052572339888590e-04
-7.113713206142508903e-04
-7.310508303199987536e-04
-7.312447778799119943e-04
-7.131503012158635184e-04
-6.783930375365426757e-04
-6.289508400832345041e-04
-5.670719043304245019e-04
-4.951903361691208138e-04
-4.158420756517240691e-04
-3.315838757212029504e-04
-2.449177400040129684e-04
-1.582228636345836786e-04
-7.369671378272584427e-05
6.693549993700049789e-06
8.124856335690584883e-05
1.485628424823086120e-04
2.075395767158779272e-04
2.573946220490812807e-04
2.976505244103855568e-04
3.281216798268915156e-04
3.488919530298042614e-04
3.602862239041487746e-04
3.628374116703482781e-04
3.572505418367363773e-04
3.443653754250791134e-04
3.251190205191628276e-04
3.005098011218278577e-04
2.715634770495448883e-04
2.393027013955205417e-04
2.047203797214066127e-04
1.687573683426365405e-04
1.322847278480892359e-04
9.609054111698827716e-05
6.087112014808238123e-05
2.722626938724519033e-05
-4.341850340748354192e-06
-3.342680112782166202e-05
-5.971348615630682358e-05
-8.297191949122903574e-05
-1.030497456705826488e-04
-1.198640655317402884e-04
-1.333930610220842921e-04
-1.436678314991469258e-04
-1.507647627130712846e-04
-1.547986530718953270e-04
-1.559167258343340727e-04
-1.542935659206417912e-04
-1.501269404505860782e-04
-1.436343963748733677e-04
-1.350504791874807952e-04
-1.246243849415117630e-04
-1.126178436893404325e-04
-9.930303538324347580e-05
-8.496035802356451659e-05
-6.987590032839873899e-05
-5.433851415152346731e-05
-3.863643133422241591e-05
-2.305342191632487323e-05
-7.864542508438188226e-06
6.668427916345232432e-06
2.030172576218665728e-05
3.281434274682076737e-05
4.401257568608158061e-05
5.373418477451941296e-05
6.185196215030041905e-05
6.827652747311659847e-05
7.295819295916519524e-05
7.588777512343047491e-05
7.709627244201825412e-05
7.665337537507584380e-05
7.466482570951946454e-05
7.126869360535694267e-05
6.663069011260400252e-05
6.093867708645464402e-05
5.439657264837626064e-05
4.721787681780791350e-05
3.961905768138026271e-05
3.181304304777018434e-05
2.400305607413215440e-05
1.637701649768097054e-05
9.102702849729807572e-06
2.323836511210490736e-06
-3.842792933524946512e-06
-9.309088031416935707e-06
-1.401626555389773871e-05
-1.793436541324272955e-05
-2.106071778014243317e-05
-2.341748127940923910e-05
-2.504840018570362762e-05
-2.601495590320278961e-05
-2.639210675677654928e-05
-2.626381954652868617e-05
-2.571859615354681953e-05
-2.484518917011786383e-05
-2.372868309509998261e-05
-2.244709323972328516e-05
-2.106860416790335444e-05
-1.964953447409090525e-05
-1.823307674794481486e-05
-1.684882279742728656e-05
-1.551304656969334497e-05
-1.422968242949382699e-05
-1.299190611835154962e-05
-1.178420120892784657e-05
-1.058477610284090783e-05
-9.368186036797475697e-06
-8.108011359893441393e-06
-6.779447547252142700e-06
-5.361673653251572899e-06
-3.839883271462091470e-06
-2.206884302162544789e-06
-4.641996484364194667e-07
1.377370895480587564e-06
3.297738249570413098e-06
5.268043467396719341e-06
7.251665193415167068e-06
9.205648934611549588e-06
1.108247416132604919e-05
1.283206276420076159e-05
1.440392528921770526e-05
1.574933942070277771e-05
1.682345806699838596e-05
1.758725187335396359e-05
1.800920275546613009e-05
1.806668054798166292e-05
1.774695308318148765e-05
1.704779956807137416e-05
1.597771651774847730e-05
1.455572348387819612e-05
1.281079168885524466e-05
1.078093227553059145e-05
8.511992249259028745e-06
6.056215245335485040e-06
3.470630738173359877e-06
8.153389023794084319e-07
-1.848241113952971251e-06
-4.459094097755318212e-06
-6.958242412606014636e-06
-9.290237243674279841e-06
-1.140446377988592937e-05
-1.325622783265905980e-05
-1.480760349806253569e-05
-1.602803364283498768e-05
-1.689468649487925125e-05
-1.739258192945563778e-05
-1.751450982733878856e-05
-1.726076993204564381e-05
-1.663876781366847233e-05
-1.566250470581007011e-05
-1.435199989659969384e-05
-1.273268279845936518e-05
-1.083478774162881895e-05
-8.692778187413980348e-06
-6.344818970425803253e-06
-3.832306012278048652e-06
-1.199453342443299415e-06
1.507072174322094025e-06
4.238486618933332586e-06
6.944220671953508866e-06
9.572277711222700167e-06
1.206965186357154672e-05
1.438283985242598293e-05
1.645847782048608305e-05
1.824412842788635078e-05
1.968923453437666158e-05
2.074624410384729817e-05
2.137189735936221812e-05
2.152865263377458604e-05
2.118621279930595430e-05
2.032310043619990630e-05
1.892821765329782936e-05
1.700231634237604200e-05
1.455929740455693856e-05
1.162725396214016544e-05
8.249174457456187094e-06
4.483227214239407460e-06
4.025584618727291230e-07
-3.905449373289082362e-06
-8.340493641452277618e-06
-1.279125425373787052e-05
-1.713787114614086243e-05
-2.125495779818974915e-05
-2.501508503139507567e-05
-2.829264288733756910e-05
-3.096796416910405688e-05
-3.293157264831417789e-05
-3.408840321354858526e-05
-3.436183131520598953e-05
-3.369734562591987850e-05
-3.206570130782882520e-05
-2.946540184215660590e-05
-2.592437496641621797e-05
-2.150073248662678080e-05
-1.628253376801054562e-05
-1.038650732732857467e-05
-3.955722700674610770e-06
2.843755795172079443e-06
9.827162003598237380e-06
1.679615742762692387e-05
2.354465100342598843e-05
2.986513100159104419e-05
3.555530494007540926e-05
4.042482461865864665e-05
4.430186267288920021e-05
4.703930485355614416e-05
4.852032872450326196e-05
4.866315456836729948e-05
4.742477767836647903e-05
4.480352225308424830e-05
4.084029479547055474e-05
3.561845791949147299e-05
2.926229225853850866e-05
2.193406314276315393e-05
1.382975821437438556e-05
5.173610426869193261e-06
-3.788433937342905815e-06
-1.279610234874345926e-05
-2.158280466718535574e-05
-2.988400400912222783e-05
-3.744567356443719507e-05
-4.403255559089982606e-05
-4.943594117866287498e-05
-5.348070166117565032e-05
-5.603132438813505261e-05
-5.699673621885334505e-05
-5.633373658691599099e-05
-5.404890724276539842e-05
-5.019891642047919834e-05
-4.488918940131525931e-05
-3.827097318190018259e-05
-3.053687809729832445e-05
-2.191503182401122960e-05
-1.266202939082503312e-05
-3.054905049440863037e-06
6.617613291421907114e-06
1.606428009608017028e-05
2.500063507810205006e-05
3.315812303655180928e-05
4.029272516492084157e-05
4.619281119492094914e-05
5.068594646650994955e-05
5.364442184516196837e-05
5.498931634915590785e-05
5.469295115864340170e-05
5.277964784912287624e-05
4.932476144137657576e-05
4.445201813527935742e-05
3.832924622234948738e-05
3.116264454751862677e-05
2.318978403791335975e-05
1.467158236999568146e-05
5.883528118019779290e-06
-2.893542674561255804e-06
-1.138279866821631308e-05
-1.932057080306028948e-05
-2.646499908177135334e-05
-3.260387095492487948e-05
-3.756138301470702905e-05
-4.120359660362886368e-05
-4.344240502085711873e-05
-4.423788359563468549e-05
-4.359895210229892954e-05
-4.158233975213625135e-05
-3.828990410835472980e-05
-3.386441438714240436e-05
-2.848396434899072891e-05
-2.235522816356100734e-05
-1.570581245917920764e-05
-8.775987884626312266e-06
-1.810102911101377893e-06
4.952009386626349670e-06
1.128332447355818050e-05
1.697732737255756350e-05
2.185485514994158935e-05
2.576984942345403971e-05
2.861383018805296516e-05
3.031895115131609839e-05
3.085955013370195014e-05
3.025216403149053317e-05
2.855403420229778448e-05
2.586018262749383286e-05
2.229918969327082743e-05
1.802784911356957562e-05
1.322491296006441241e-05
8.084168841052524068e-06
2.807111118876396695e-06
-2.404521912238717060e-06
-7.356072983790313616e-06
-1.186689094196221239e-05
-1.577661321858515593e-05
-1.895059071624581582e-05
-2.128427531933385763e-05
-2.270643138599474513e-05
-2.318107800657901046e-05
-2.270811672478273934e-05
-2.132264796425284412e-05
-1.909302676837263573e-05
-1.611775290976062144e-05
-1.252133038320342139e-05
-8.449265431470866678e-06
-4.062399539128704515e-06
4.692064723086065723e-07
4.972609485692292774e-06
9.278311152423901419e-06
1.322634868690638677e-05
1.667193571808581266e-05
1.949045938914973844e-05
2.158166628960460405e-05
2.287290179345270781e-05
2.332130376855776180e-05
2.291489099595578205e-05
2.167252747629818668e-05
1.964278460546959015e-05
1.690176251664669323e-05
1.354996828302461574e-05
9.708380796644212906e-06
5.513858803474584521e-06
1.114068881386113762e-06
-3.337876465358222003e-06
-7.688874159592568315e-06
-1.179118369341012901e-05
-1.550748997367776624e-05
-1.871550185575472018e-05
-2.131193248295578342e-05
-2.321573302992811240e-05
-2.437048123413055337e-05
-2.474585891360947751e-05
-2.433818713420301378e-05
-2.317002242726678681e-05
-2.128885113936886792e-05
-1.876495036815818538e-05
-1.568851190413210304e-05
-1.216614927421942144e-05
-8.316926685370874296e-06
-4.268061854913542569e-06
-1.504620268377407602e-07
3.905746192967257834e-06
7.775537024427113796e-06
1.134300947627730983e-05
1.450498366610183017e-05
1.717405717411460642e-05
1.928103167206451452e-05
2.077664518781410281e-05
2.163257204498177981e-05
2.184167972359476182e-05
2.141755859848811850e-05
2.039336575769205010e-05
1.882004700651911924e-05
1.676402096898057422e-05
1.430442529149739993e-05
5.884840067653183255e-06
5.970984488553651800e-06
5.977474806266743625e-06
6.016160602882614380e-06
6.199792109600536604e-06
6.635507964388283209e-06
7.418332004010904946e-06
8.624977405624489963e-06
1.030825469229819162e-05
1.249236559801071408e-05
1.516933768340128628e-05
1.829681556540309654e-05
2.179737485441007357e-05
2.555946605546091047e-05
2.944002989843278557e-05
3.326875529815680286e-05
3.685387916966483170e-05
3.998935657277112604e-05
4.246316313070916664e-05
4.406643229544309604e-05
4.460308056898314578e-05
4.389953668210423531e-05
4.181416800871950220e-05
3.824599066908512698e-05
3.314225976395398794e-05
2.650456324387690194e-05
1.839308662070446998e-05
8.928774940482318460e-06
-1.706808651462547380e-06
-1.327404424999657258e-05
-2.548026048781169996e-05
-3.798711056986379887e-05
-5.042014747942333546e-05
-6.238033132225143627e-05
-7.345711315396034804e-05
-8.324266169813964084e-05
-9.134673565140141119e-05
-9.741165787871139349e-05
-1.011268212298880957e-04
-1.022421507445110320e-04
-1.005799646360163563e-04
-9.604471675747846030e-05
-8.863016544165540789e-05
-7.842359595811328036e-05
-6.560682375340607200e-05
-5.045381975609303021e-05
-3.332492327436327505e-05
-1.465773778785042641e-05
5.045064736619512454e-06
2.523067964840148978e-05
4.531337818666525711e-05
6.469342012372405722e-05
8.277701953582469654e-05
9.899665346786499620e-05
1.128309699536635325e-04
1.238235466195400337e-04
1.315997749558316143e-04
1.358811981701527549e-04
1.364967110517835902e-04
1.333901360425369584e-04
1.266238172045217416e-04
1.163780185037254780e-04
1.029460694744090273e-04
8.672536394943082148e-05
6.820447978869590084e-05
4.794684290833983129e-05
2.657150100759453538e-05
4.731695177525949570e-06
-1.690798434972377401e-05
-3.769500323257242381e-05
-5.701195765591583070e-05
-7.429842624030567758e-05
-8.907074153246501548e-05
-1.009388932235315045e-04
-1.096198782251992237e-04
-1.149469453948461688e-04
-1.168743402602088902e-04
-1.154773316264723012e-04
-1.109474906030015766e-04
-1.035833858582930583e-04
-9.377704893654235246e-05
-8.199674233547362822e-05
-6.876672310671992703e-05
-5.464482886789139677e-05
-4.019881487222149504e-05
-2.598243477821039218e-05
-1.251228029545898071e-05
-2.463742477988386278e-07
1.043455227100643511e-05
1.924227361132094721e-05
2.599209290324211072e-05
3.060916953772953579e-05
3.312984507249302232e-05
3.369787691255710099e-05
3.255571069887077561e-05
3.003114136125989420e-05
2.651991991388912424e-05
2.246504921166745514e-05
1.833366881021536538e-05
1.459254959248352108e-05
1.168329688888770424e-05
9.998391955382031761e-06
9.859183569730584963e-06
1.149687409273954068e-05
1.503742964004797019e-05
2.049118629288912565e-05
2.774773007973626036e-05
3.657640587827795778e-05
4.663256842047396229e-05
5.746943730158357729e-05
6.855516850447652272e-05
7.929451874652444505e-05
8.905426594689820261e-05
9.719136781664159037e-05
1.030826987351756222e-04
1.061551097319480045e-04
1.059145128143934914e-04
1.019727016397185669e-04
9.407068568379316361e-05
8.209743281090066836e-05
6.610308183160213682e-05
4.630589640773668587e-05
2.309247648874571915e-05
-2.988986523193877390e-06
-3.124234065512523939e-05
-6.084363393830368648e-05
-9.086717212020605026e-05
-1.203165863010254071e-04
-1.481598010451144656e-04
-1.733666134516806954e-04
-1.949474636739167825e-04
-2.119919028143175781e-04
-2.237052479388663376e-04
-2.294419572998939653e-04
-2.287343610602601092e-04
-2.213155408792999033e-04
-2.071353605534199125e-04
-1.863689025470105596e-04
-1.594168525563392801e-04
-1.268976846053558594e-04
-8.963181801675751739e-05
-4.861822785547616015e-05
-5.004276536586535696e-06
3.995021334708095029e-05
8.491341081168610639e-05
1.285250465650548382e-04
1.694415697151204500e-04
2.063812865114399544e-04
2.381678615965359097e-04
2.637706090954263080e-04
2.823401095444075183e-04
2.932378553045522380e-04
2.960588452558602897e-04
2.906463102515208534e-04
2.770980421808831714e-04
2.557641086082141778e-04
2.272360501555787911e-04
1.923279680416461416e-04
1.520502017946319037e-04
1.075765585688574148e-04
6.020627507312290911e-05
1.132206503958235326e-05
-3.765427376535645609e-05
-8.530715197604577687e-05
-1.302718293538430885e-04
-1.712768993987233217e-04
-2.071832133560247945e-04
-2.370179861513784772e-04
-2.600030143323894122e-04
-2.755761572425924062e-04
-2.834054792386747602e-04
-2.833957132504535785e-04
-2.756869746251947614e-04
-2.606459201410563889e-04
-2.388498019233134149e-04
-2.110641006136622692e-04
-1.782146270476280664e-04
-1.413551491179695094e-04
-1.016317257478858093e-04
-6.024501074434713362e-05
-1.841182457876104942e-05
2.267271857205444116e-05
6.187129667834911483e-05
9.813754366808143267e-05
1.305452896390833653e-04
1.583130399362155626e-04
1.808230437129164109e-04
1.976345074428971895e-04
2.084907221421503087e-04
2.133200865836779145e-04
2.122312149549826412e-04
2.055025093187422226e-04
1.935667489091525708e-04
1.769913950984022778e-04
1.564554290198202989e-04
1.327236244533895875e-04
1.066192083459368336e-04
7.899587458310764788e-05
5.071009588986924031e-05
2.259462771334647851e-05
-4.565980476138627848e-06
-3.005715421424049903e-05
-5.325275481409842953e-05
-7.362978127610939560e-05
-9.077900902916775981e-05
-1.044114114416854096e-04
-1.143603604486243268e-04
-1.205797480448299623e-04
-1.231383042808276520e-04
-1.222105040935077779e-04
-1.180645516602164499e-04
-1.110480057106009218e-04
-1.015716613753544465e-04
-9.009233260606004830e-05
-7.709518350412634296e-05
-6.307623764172150412e-05
-4.852565327152050413e-05
-3.391229190264392565e-05
-1.967003168479789220e-05
-6.186189406373423009e-06
6.207680418354163737e-06
1.724244032367462545e-05
2.671540958329081752e-05
3.449181721564424831e-05
4.050378795967857258e-05
4.474706318617753282e-05
4.727572966260398931e-05
4.819528645006173153e-05
4.765442195512158136e-05
4.583589794578379331e-05
4.294694494007787744e-05
3.920956457715283391e-05
3.485111073612253763e-05
3.009548407771555378e-05
2.515522681609196916e-05
2.022474876744009468e-05
1.547485477077429049e-05
1.104867991239840932e-05
7.059075216425272990e-06
3.587425274029595906e-06
6.838230790116751748e-07
-1.631521883719184589e-06
-3.365806859734637210e-06
-4.550285688642275483e-06
-5.236260749165510213e-06
-5.490641512851642735e-06
-5.391292613370968819e-06
-5.022383071626025614e-06
-4.469928917458596283e-06
-3.817695587047555049e-06
-3.143595999676550894e-06
-2.516687118413770559e-06
-1.994833825491194123e-06
-1.623075366583642941e-06
-1.432697528374676333e-06
-1.440984317299373227e-06
-1.651597312448847824e-06
-2.055509778203998306e-06
-2.632406454151017822e-06
-3.352449008466696712e-06
-4.178301594724462136e-06
-5.067310652014207978e-06
-5.973737592189854039e-06
-6.850951527448096688e-06
-7.653500618593211889e-06
-8.338993942373037924e-06
-8.869740237911868369e-06
-9.214104855528003007e-06
-9.347561038610745053e-06
-9.253425762157806747e-06
-8.923283218147457082e-06
-8.357110031576152302e-06
-7.563124791417098815e-06
-6.557390306359086365e-06
-5.363200487280078566e-06
-4.010285398212942529e-06
-2.533868074440080645e-06
-9.736053152463987012e-07
6.275578852391116240e-07
2.224593738811462431e-06
3.771633405421122304e-06
5.223223997741063132e-06
6.535581331251705038e-06
7.667819640909715687e-06
8.583139495539901179e-06
9.249954512430911611e-06
9.642936256836888721e-06
9.743954949244312423e-06
9.542891475593240098e-06
9.038294061798373324e-06
8.237851278196379521e-06
7.158652268484340881e-06
5.827205793253188343e-06
4.279192312235240214e-06
2.558928091304510583e-06
7.185271130695451889e-07
-1.183244745076241389e-06
-3.082418289688606529e-06
-4.911555254394676919e-06
-6.601737976105096827e-06
-8.084770858317024138e-06
-9.295536873863001649e-06
-1.017444000615957932e-05
-1.066985345668677923e-05
-1.074048444750379225e-05
-1.035756048484982388e-05
-9.506739845957220479e-06
-8.189651156104936345e-06
-6.424973122159008428e-06
-4.248975573531501855e-06
-1.715456932608737987e-06
1.104968810031342918e-06
4.126260782003674458e-06
7.249015796593208182e-06
1.036318179809176880e-05
1.335136472754710221e-05
1.609264480903488262e-05
1.846679088187158188e-05
2.035873656546233342e-05
2.166316118390796921e-05
2.228900291353856753e-05
2.216372280406362933e-05
2.123713711726475052e-05
1.948464232484355374e-05
1.690967207042706107e-05
1.354524792642257280e-05
9.454515041000826383e-06
4.730188719606792690e-06
-5.071226386642872214e-07
-6.111710456176001686e-06
-1.191662312302957044e-05
-1.773849207564667051e-05
-2.338318963683749292e-05
-2.865214318704581404e-05
-3.334909755156824547e-05
-3.728709221009189492e-05
-4.029540339062895782e-05
-4.222619405274039391e-05
-4.296061754524998523e-05
-4.241413337364608203e-05
-4.054081569289451722e-05
-3.733646612728678963e-05
-3.284038127436103203e-05
-2.713567048966861485e-05
-2.034806973277732123e-05
-1.264325059272628169e-05
-4.222678145244877283e-06
4.681875012724817532e-06
1.381500045431121942e-05
2.290530758343428309e-05
3.167381694028296567e-05
3.984282084665021590e-05
4.714491856150971368e-05
5.333192255502912339e-05
5.818333232817340489e-05
6.151408265087381002e-05
6.318129396239410334e-05
6.308978319237738483e-05
6.119613218726504178e-05
5.751115684065819645e-05
5.210067147401353685e-05
4.508449843858793374e-05
3.663373047581595037e-05
2.696631100094062304e-05
1.634105316338014304e-05
5.050270620015277401e-06
-6.588760021901031353e-06
-1.824324465085867548e-05
-2.957493204749053314e-05
-4.025047300652316649e-05
-4.995174878481552054e-05
-5.838583699270261514e-05
-6.529429149067599958e-05
-7.046143207715797625e-05
-7.372136921546208537e-05
-7.496352783921009179e-05
-7.413648114723233630e-05
-7.124995871799161360e-05
-6.637495151642184578e-05
-5.964189762838674773e-05
-5.123699498806939578e-05
-4.139674898634883445e-05
-3.040092148551504990e-05
-1.856410110640958135e-05
-6.226160522195698852e-06
6.258096821445932847e-06
1.852977172150533164e-05
3.023684153081667317e-05
4.104492075110447921e-05
5.064746729040606817e-05
5.877510895965543824e-05
6.520379242574403356e-05
6.976149432324271066e-05
7.233328045467838827e-05
7.286455238344077226e-05
7.136237940050948894e-05
6.789487593168404885e-05
6.258864799293110048e-05
5.562439525864908146e-05
4.723081563201691623e-05
3.767701494419968490e-05
2.726367373020857822e-05
1.631326419289970894e-05
5.159641868379926839e-06
-5.862643128377907300e-06
-1.642896182687392706e-05
-2.623479908114875032e-05
-3.500518843143529864e-05
-4.250308087165759262e-05
-4.853637615736874629e-05
-5.296339138780888208e-05
-5.569659528086912982e-05
-5.670449595743586393e-05
-5.601163317604033581e-05
-5.369669075419517809e-05
-4.988880919613041838e-05
-4.476224006411801484e-05
-3.852954024858522400e-05
-3.143355410379083411e-05
-2.373847271018690727e-05
-1.572029077740262607e-05
-7.657001666214791915e-06
1.811211588719642389e-07
7.540812595542170464e-06
1.419434765795520939e-05
1.994701864081678926e-05
2.464329921161069955e-05
2.817148556375691522e-05
3.046666094210202260e-05
3.151189172993151068e-05
3.133762872362783579e-05
3.001935380544264431e-05
2.767357739978878621e-05
2.445235333715452031e-05
2.053653269286855967e-05
1.612802469360696697e-05
1.144136906196274416e-05
6.694948752960084613e-06
2.102183949386245409e-06
-2.136953043367288794e-06
-5.843776649391982451e-06
-8.867781995361606040e-06
-1.109233347950673628e-05
-1.243893544053830834e-05
-1.286992854811782061e-05
-1.238951753611268567e-05
-1.104310134273869085e-05
-8.914943049863065339e-06
-6.124281619699079467e-06
-2.820047783031565008e-06
8.255997661568158477e-07
4.624656512391249350e-06
8.381276387568661196e-06
1.190007878248449618e-05
1.499442820321065274e-05
1.749435850368641229e-05
1.925382826177059089e-05
2.015702056478785238e-05
2.012343822609322769e-05
1.911159278414568393e-05
1.712114067050564712e-05
1.419338055165907103e-05
1.041008973752873831e-05
5.890742205072125581e-06
7.882136479918429536e-07
-4.716862353913236849e-06
-1.042287058029331161e-05
-1.611486224962119219e-05
-2.157278023905029210e-05
-2.657994406022707131e-05
-3.093146691211311834e-05
-3.444227968269505355e-05
-3.695445203390477937e-05
-3.834352800443210295e-05
-3.852363178359586790e-05
-3.745114691837620521e-05
-3.512682728471379210e-05
-3.159625843475510952e-05
-2.694865103565352864e-05
-2.131401165769536388e-05
-1.485879777957666387e-05
-7.780221173982899681e-06
-2.994145127925489968e-07
7.346281931633712853e-06
1.491162479087151900e-05
2.215205412700118096e-05
2.883224433629892952e-05
3.473430553761026407e-05
3.966533717376881157e-05
4.346406226417531783e-05
4.600630744465247264e-05
4.720913917886198610e-05
4.703351849665616142e-05
4.548539314798941976e-05
4.261520482820834723e-05
3.851584781399112372e-05
3.331917173980762084e-05
2.719117325741757929e-05
2.032606702670288119e-05
1.293946423271571765e-05
5.260915359586691675e-06
-2.473907566006367848e-06
-1.003110611447007653e-05
-1.718624757707376216e-05
-2.373158680616620621e-05
-2.948257325739370968e-05
-3.428342995390439908e-05
-3.801162940278775433e-05
-4.058113528570610965e-05
-4.194432627392173613e-05
-4.209256773042154926e-05
-4.105544646642344170e-05
4.562265004363805764e-06
4.574639744956615682e-06
4.499332079428947927e-06
4.330807034416644496e-06
4.065128733859000877e-06
3.700255954498280746e-06
3.236314212420979748e-06
2.675831622357315350e-06
2.023925788320602565e-06
1.288429514735981780e-06
4.799441936600450886e-07
-3.881886717234828493e-07
-1.300005223675777538e-06
-2.237131102028501066e-06
-3.179089192767835739e-06
-4.103701730545727567e-06
-4.987581644493887354e-06
-5.806704364684045998e-06
-6.537047664248174246e-06
-7.155283641913215203e-06
-7.639503797786543346e-06
-7.969955466285627083e-06
-8.129765781163313809e-06
-8.105627982118088272e-06
-7.888424334724980697e-06
-7.473760304949741112e-06
-6.862385956393479014e-06
-6.060482839220128555e-06
-5.079797894467220233e-06
-3.937610047883722098e-06
-2.656520116859450892e-06
-1.264060268462744658e-06
2.078746224420231961e-07
1.723764957431270379e-06
3.245358500637051047e-06
4.732695009567449839e-06
6.145235952242266691e-06
7.443066614926253566e-06
8.588133568674653054e-06
9.545477244371677590e-06
1.028441745054494006e-05
1.077964920185138517e-05
1.101220730675008349e-05
1.097026083405178742e-05
1.064970282418913224e-05
1.005450635475340871e-05
9.196825171157380963e-06
8.096825351529032512e-06
6.782243633181161963e-06
5.287677780264072340e-06
3.653624373094257671e-06
1.925289276029797002e-06
1.512054053188030278e-07
-1.618299115555472452e-06
-3.332732128353985182e-06
-4.943112066238540241e-06
-6.403626469453888710e-06
-7.673213266420850987e-06
-8.717004423090913092e-06
-9.507574650518910576e-06
-1.002594329053856316e-05
-1.026228516075992190e-05
-1.021631582721996243e-05
-9.897328189808202165e-06
-9.323870033220891612e-06
-8.523065864496183879e-06
-7.529600420428734322e-06
-6.384395139032984803e-06
-5.133022085230853947e-06
-3.823911742422046408e-06
-2.506421195483625492e-06
-1.228837053390489853e-06
-3.639257889643461347e-08
1.030619411875244366e-06
1.938557457066903006e-06
2.661890205781474104e-06
3.184334813009383136e-06
3.499617613930340930e-06
3.611813362207260346e-06
3.535235310370908128e-06
3.293866196672983464e-06
2.920339126881727486e-06
2.454496671176341523e-06
1.941575456495989122e-06
1.430081325039664853e-06
9.694359641836231917e-07
6.074890513459332261e-07
3.879997367417740972e-07
3.481971537996122876e-07
5.165311838317831615e-07
9.107216503061642889e-07
1.536206397669004432e-06
2.385076427355434906e-06
3.435569718969732269e-06
4.652175045760095296e-06
5.986373665587090027e-06
7.378021054531136091e-06
8.757343804332030213e-06
1.004749947940397400e-05
1.116762073617682857e-05
1.203624047572811082e-05
1.257497333038232136e-05
1.271231140198612125e-05
1.238737978023544477e-05
1.155349071838382451e-05
1.018133497652879766e-05
8.261655075150090650e-06
5.807258096382049027e-06
2.854245023609681693e-06
-5.376410529439877198e-07
-4.285614953420182154e-06
-8.285429889823597887e-06
-1.241393274171585796e-05
-1.653254885749076770e-05
-2.049161133540113592e-05
-2.413541136689614574e-05
-2.730781085899114532e-05
-2.985822774480558986e-05
-3.164777958268659674e-05
-3.255535350088694464e-05
-3.248336130071228985e-05
-3.136293833714201828e-05
-2.915835407777861340e-05
-2.587042106848847148e-05
-2.153871710360350422e-05
-1.624247202902145195e-05
-1.010001475051043921e-05
-3.266726289078396673e-06
4.068500567350245723e-06
1.168823725504592221e-05
1.935281570493107791e-05
2.680777375295119585e-05
3.379222683983821137e-05
4.004789767583397342e-05
4.532849832794317050e-05
4.940913200565453633e-05
5.209536613917040973e-05
5.323162523884892759e-05
5.270856212933523087e-05
5.046908961555807811e-05
4.651279110035803736e-05
4.089847726087819099e-05
3.374471522951779030e-05
2.522822497718006692e-05
1.558011251321706923e-05
5.079988510814088974e-06
-5.951898799805422576e-06
-1.716430914543412277e-05
-2.818615310695868497e-05
-3.863878541400019983e-05
-4.814904619073819448e-05
-5.636260520697643943e-05
-6.295713669858299562e-05
-6.765484138880834344e-05
-7.023383896639459633e-05
-7.053797883292228744e-05
-6.848465906859913801e-05
-6.407030220358249958e-05
-5.737320979111696793e-05
-4.855360360862354075e-05
-3.785075665839265853e-05
-2.557721874592775287e-05
-1.211024587849387303e-05
2.119353454000146025e-06
1.664064251371609004e-05
3.095784691264114063e-05
4.456702745602645455e-05
5.697358599482695414e-05
6.771000755408882474e-05
7.635321435808087895e-05
8.254090118009673870e-05
8.598623758504690489e-05
8.649036120593832204e-05
8.395214653616193306e-05
7.837481442530919390e-05
6.986904636610124369e-05
5.865238178939691130e-05
4.504480228298707870e-05
2.946053973855146607e-05
1.239628134726678107e-05
-5.583921715099125847e-06
-2.386660804168480682e-05
-4.180917289551945386e-05
-5.876179952518316267e-05
-7.409032663225373241e-05
-8.719926752936826354e-05
-9.755416637564627330e-05
-1.047024746231114170e-04
-1.082921574281430984e-04
-1.080872953462209469e-04
-1.039800302073522756e-04
-9.599831370051807469e-05
-8.430904991538283036e-05
-6.921637496266612346e-05
-5.115498298291170742e-05
-3.067858279556186408e-05
-8.443747098333036100e-06
1.481040977109476232e-05
3.828612527410806877e-05
6.115370496378973858e-05
8.258018727751963563e-05
1.017589840432951969e-04
1.179394576996619406e-04
1.304553658378423573e-04
1.387511115170963929e-04
1.424047849279379144e-04
1.411470679644274842e-04
1.348751962395896404e-04
1.236613296931323943e-04
1.077548684102431147e-04
8.757845855251722683e-05
6.371765735439327647e-05
3.690445810059745860e-05
7.995107381603653592e-06
-2.205713109888755337e-05
-5.223340808241803599e-05
-8.148388024487328079e-05
-1.087642827215690199e-04
-1.330732005472686700e-04
-1.534886989237384291e-04
-1.692029629499676457e-04
-1.795536384443110567e-04
-1.840506564452383108e-04
-1.823974627513338291e-04
-1.745057564491557392e-04
-1.605030618917413976e-04
-1.407327094230973006e-04
-1.157460723723189932e-04
-8.628719162843387401e-05
-5.327020394428680898e-05
-1.775026505008496606e-05
1.911108733025514270e-05
5.608496282005581381e-05
9.191719027204269053e-05
1.253719485626203132e-04
1.552753932089480067e-04
1.805576945947750883e-04
2.002919421751283994e-04
2.137284662285064826e-04
2.203232813075372122e-04
2.197595581712033031e-04
2.119612763415703260e-04
1.970984886244384797e-04
1.755839318191259452e-04
1.480610331646571684e-04
1.153836778616528798e-04
7.858840715355681450e-05
3.885999713510725987e-05
-2.508385325686177591e-06
-4.415905097581720399e-05
-8.471613174609457714e-05
-1.228327569248239724e-04
-1.572373863464596384e-04
-1.867776535073533523e-04
-2.104601603071968663e-04
-2.274848107402726520e-04
-2.372724677839577699e-04
-2.394849584600162551e-04
-2.340367275069898381e-04
-2.210977399934182272e-04
-2.010875461532149054e-04
-1.746607358940579688e-04
-1.426843145259592779e-04
-1.062078150594405616e-04
-6.642721647686100639e-05
-2.464395269483332245e-05
1.777953457037486420e-05
5.946613036432649412e-05
9.907064109771362450e-05
1.353250211196525452e-04
1.670806599623977527e-04
1.933462711641204023e-04
2.133200875110279353e-04
2.264152774309786823e-04
2.322777452740999466e-04
2.307957548361425678e-04
2.221011103202352537e-04
2.065619314551036298e-04
1.847673591104879976e-04
1.575048135176986691e-04
1.257306882292922993e-04
9.053558954652524528e-05
5.310541529532125833e-05
1.467970208908451492e-05
-2.349124813039802625e-05
-6.018892614421203502e-05
-9.426735360358354482e-05
-1.246905837649213856e-04
-1.505656855664412011e-04
-1.711701151940690487e-04
-1.859726003643813247e-04
-1.946469128710591055e-04
-1.970781747349780052e-04
-1.933616216275122900e-04
-1.837940231663043604e-04
-1.688582232924724317e-04
-1.492015061761130517e-04
-1.256087053522964350e-04
-9.897114825851535311e-05
-7.025265880772278942e-05
-4.045392288262626365e-05
-1.057655360474056973e-05
1.841182511420443637e-05
4.561022532441261679e-05
7.021353364792141190e-05
9.153735759554887657e-05
1.090376844665427090e-04
1.223247731905850060e-04
1.311709322627523263e-04
1.355120776487440558e-04
1.354432039316180768e-04
1.312081308871860261e-04
1.231840972208301870e-04
1.118619553161402864e-04
9.782286894158422714e-05
8.171252505244461662e-05
6.421393786775026163e-05
4.601994650918848483e-05
2.780648644411642047e-05
1.020765160312724171e-05
-6.206537731413902189e-06
-2.094888100259646090e-05
-3.362963891459051769e-05
-4.396663371635958588e-05
-5.179056569095868626e-05
-5.704550178053962488e-05
-5.978468717000194670e-05
-6.016201460662544995e-05
-5.841965259132365592e-05
-5.487247643268403443e-05
-4.989006027992726801e-05
-4.387706925887988816e-05
-3.725293566708505255e-05
-3.043171047065925381e-05
-2.380295140270116910e-05
-1.771444364601342325e-05
-1.245745177038190673e-05
-8.255077193188335786e-06
-5.254149969908610246e-06
-3.520923609167056094e-06
-3.040673278070947700e-06
-3.721127893648674880e-06
-5.399502288112016267e-06
-7.852744057148358084e-06
-1.081047728048230378e-05
-1.397001709593847856e-05
-1.701274889508239406e-05
-1.962111661715106292e-05
-2.149544815979835815e-05
-2.236986266185507879e-05
-2.202655294613842333e-05
-2.030781379118861850e-05
-1.712528899750606742e-05
-1.246603306127199766e-05
-6.395121786378967643e-06
9.453052957751362792e-07
9.340535333110023576e-06
1.851111966729815811e-05
2.812373075761047132e-05
3.780458330916193070e-05
4.715485657603907851e-05
5.576747080558692267e-05
6.324451398154529234e-05
6.921458772595766892e-05
7.334934412793920342e-05
7.537851775306836019e-05
7.510281781219669303e-05
7.240413219517722915e-05
6.725260415236279383e-05
5.971026894014211123e-05
4.993107628850151713e-05
3.815726954568073211e-05
2.471223811477085789e-05
9.990100411313254148e-06
-5.557595717468318141e-06
-2.143755440267953126e-05
-3.713220065306598359e-05
-5.211827245541299220e-05
-6.588582827044445569e-05
-7.795694655900604593e-05
-8.790340659570964471e-05
-9.536267976456615507e-05
-1.000516259132857276e-04
-1.017773773700428731e-04
-1.004450003876207806e-04
-9.606164598930244257e-05
-8.873703472860322713e-05
-7.868025742861428575e-05
-6.619301107712253086e-05
-5.165952064220823451e-05
-3.553351896996305957e-05
-1.832276365080411654e-05
-5.716577275003783989e-07
1.715739278939776692e-05
3.430320956159674733e-05
5.032496890679750756e-05
6.472054223071566732e-05
7.704340091218539509e-05
8.691749375120701561e-05
9.404958295293729944e-05
9.823862041864820900e-05
9.938185641101179835e-05
9.747749313065238986e-05
9.262382153240855925e-05
8.501490606761360667e-05
7.493300445801653886e-05
6.273802374503399627e-05
4.885441572954950327e-05
3.375600114953610734e-05
1.794927974997469135e-05
1.955830521510871876e-06
-1.370556876751317788e-05
-2.853647175871089835e-05
-4.207533332667063339e-05
-5.391255156560211236e-05
-6.370347698104236039e-05
-7.117896376075901236e-05
-7.615313188364178495e-05
-7.852811303843605130e-05
-7.829566385488762807e-05
-7.553564266183080322e-05
-7.041145685902943556e-05
-6.316269320525295440e-05
-5.409523923490870104e-05
-4.356928729929534551e-05
-3.198568065366202680e-05
-1.977111149588961942e-05
-7.362712455934576988e-06
4.807405016215013707e-06
1.632711965586303569e-05
2.681825793105560975e-05
3.594906609391536562e-05
4.344478365552123191e-05
4.909597986653037999e-05
5.276440017544412427e-05
5.438616240243374279e-05
5.397223909049903099e-05
5.160625991415108114e-05
4.743976294212339558e-05
4.168511269579058419e-05
3.460638307400506672e-05
2.650857136654906229e-05
1.772556335174336448e-05
8.607307179816528375e-06
-4.933256563232463042e-07
-9.233510957761003647e-06
-1.729280725147585633e-05
-2.438442039684629066e-05
-3.026500815071246487e-05
-3.474269508229991827e-05
-3.768303868270427508e-05
-3.901276618571185230e-05
-3.872118563599463779e-05
-3.685926105360682594e-05
-3.353642701145610722e-05
-2.891529946105145937e-05
-2.320451428096616437e-05
-1.664999015130392071e-05
-9.524965741640647858e-06
-2.119201057035652352e-06
5.272242206308054132e-06
1.236021710671776963e-05
1.887228704473534375e-05
2.456270477286682922e-05
2.922121546655089566e-05
3.268037385062001575e-05
3.482112583797368537e-05
3.557647431725425528e-05
3.493312382380366727e-05
3.293107682991763168e-05
2.966123225582751867e-05
2.526111156160425824e-05
1.990890660414636296e-05
1.381610376300152884e-05
7.218988446197857215e-06
3.693711863701861070e-07
-6.475100188406748926e-06
-1.306066909957453057e-05
-1.914687213119870994e-05
-2.451526676122770592e-05
-2.897716988999762575e-05
-3.238013585221032531e-05
-3.461295565913284931e-05
-3.560901947941663259e-05
-3.534794939648983579e-05
-3.385547676034396576e-05
-3.120160548781254566e-05
-2.749716693960595928e-05
-2.288893099291143383e-05
-1.755348931685931529e-05
-1.169016874607648731e-05
-5.513263611698392681e-06
7.561050720250476407e-07
6.898189122394266317e-06
1.270256290141315232e-05
1.797553245354541635e-05
2.254674155531414390e-05
2.627474944619880815e-05
2.905139972451829656e-05
3.080485028274250855e-05
3.150118817908327312e-05
3.114460875983503393e-05
2.977619296395400011e-05
2.747136853056895804e-05
2.433618792505101103e-05
2.050259649885333044e-05
1.612289726328007246e-05
1.136364262727253674e-05
6.399197889036615474e-06
1.405225950298318244e-06
-3.447662216993535966e-06
-7.999860882538860793e-06
-9.268175434900046073e-07
-3.595780880839441882e-07
2.264917149019395111e-07
8.176272804730105970e-07
1.399658451357524210e-06
1.958385536146230718e-06
2.479963972428226125e-06
2.951286236834215708e-06
3.360349483981944829e-06
3.696597629139451351e-06
3.951227193808228919e-06
4.117447195230700385e-06
4.190684653213267311e-06
4.168728871885885304e-06
4.051809480664280066e-06
3.842605229267468097e-06
3.546182660646931811e-06
3.169865962813411998e-06
2.723041453229805478e-06
2.216902205414544870e-06
1.664140217212975599e-06
1.078595179148282771e-06
4.748702710711761192e-07
-1.320735528634175934e-07
-7.273326716353439981e-07
-1.296472908446450713e-06
-1.825926377982671118e-06
-2.303361303030621686e-06
-2.718013891729843137e-06
-3.060972550567582118e-06
-3.325406177091203663e-06
-3.506729982092571750e-06
-3.602704179959949062e-06
-3.613462900478642116e-06
-3.541472756045353697e-06
-3.391422585116490665e-06
-3.170047927013268809e-06
-2.885895708926638661e-06
-2.549036391094517917e-06
-2.170732373745155889e-06
-1.763072778518594694e-06
-1.338585743314148678e-06
-9.098400856105076693e-07
-4.890485753636020423e-07
-8.768510215406976764e-08
2.838722824664756352e-07
6.166611143905657624e-07
9.034067061618968779e-07
1.138737719519218202e-06
1.319337648582602812e-06
1.444026579349813621e-06
1.513769643117882962e-06
1.531610798909460200e-06
1.502532908346634002e-06
1.433247445138029679e-06
1.331919544845671201e-06
1.207836379474407949e-06
1.071028964024349474e-06
9.318593963921380459e-07
8.005871273970843918e-07
6.869290874311424115e-07
5.996292995010145106e-07
5.460539331093443524e-07
5.318275588509108237e-07
5.605256234006201754e-07
6.334368691417733679e-07
7.494075810887354346e-07
9.047771848583556950e-07
1.093411892466723124e-06
1.306839867407594599e-06
1.534487846439277897e-06
1.764015420521772294e-06
1.981739364322166525e-06
2.173136646914351896e-06
2.323411197026170696e-06
2.418106277979473735e-06
2.443741590947687025e-06
2.388452102455182143e-06
2.242604201000272132e-06
1.999364226053188066e-06
1.655194752808691015e-06
1.210255300423716939e-06
6.686863691341671054e-07
3.875887586508571384e-08
-6.671249152330079600e-07
-1.432588082660851105e-06
-2.237597060451717061e-06
-3.058938808782835696e-06
-3.870848851227307780e-06
-4.645775722622668610e-06
-5.355261400701927681e-06
-5.970911757243615208e-06
-6.465426196874409599e-06
-6.813651677472120520e-06
-6.993623426709481050e-06
-6.987553054450112441e-06
-6.782724540452537472e-06
-6.372259834406113069e-06
-5.755718571681103782e-06
-4.939500657900519737e-06
-3.937026124467792645e-06
-2.768673563052334126e-06
-1.461466411811102155e-06
-4.850514155572873978e-08
1.431847315377693263e-06
2.937010063020306533e-06
4.421432504291336020e-06
5.838011391185245444e-06
7.139633745885787372e-06
8.280796013222766513e-06
9.219244610285198965e-06
9.917579639891697913e-06
1.034476214194219565e-05
1.047746601454896948e-05
1.030121871411844110e-05
9.811280027911660771e-06
9.013215507533623959e-06
7.923130376571489394e-06
6.567540618550285936e-06
4.982870176570080696e-06
3.214576353154398630e-06
1.315919136016952871e-06
-6.535961959560687896e-07
-2.630060720325114378e-06
-4.547233219881901659e-06
-6.338776109736695716e-06
-7.940582217275061263e-06
-9.293112450304075582e-06
-1.034366083485723268e-05
-1.104846276953041215e-05
-1.137456476137026677e-05
-1.130137940362135949e-05
-1.082185783857293080e-05
-9.943223215393051217e-06
-8.687222388486286615e-06
-7.089868889077701500e-06
-5.200667533452250259e-06
-3.081329323311684199e-06
-8.040039099518849770e-07
1.550924835389652768e-06
3.897417355996938835e-06
6.146652699097720070e-06
8.210106955637357876e-06
1.000273385149702627e-05
1.144613842339576569e-05
1.247163132892928438e-05
1.302305187311603938e-05
1.305925237875311425e-05
1.255614503554300989e-05
1.150822463764491363e-05
9.929496322584298117e-06
7.853756084135798466e-06
5.334192856192046112e-06
2.442303661698651771e-06
-7.338630785217604139e-07
-4.092097296839482178e-06
-7.518988379155861488e-06
-1.089337455814872882e-05
-1.409017857142656207e-05
-1.698451167852103112e-05
-1.945591596697693820e-05
-2.139260692618767697e-05
-2.269557488141975296e-05
-2.328240524593661550e-05
-2.309068367787877956e-05
-2.208086298255233025e-05
-2.023848370143534225e-05
-1.757565931464798924e-05
-1.413175919982307533e-05
-9.973247158673065760e-06
-5.192659580534084531e-06
9.326577941552903418e-08
5.746272806724805429e-06
1.161001871563124033e-05
1.751416767045372569e-05
2.327903850639521111e-05
2.872068082674991284e-05
3.365623951800394563e-05
3.790945736042515936e-05
4.131615904326502376e-05
4.372955771603980130e-05
4.502522738607869920e-05
4.510559088765920535e-05
4.390378343240619098e-05
4.138676567655975272e-05
3.755757787821406449e-05
3.245664805114412875e-05
2.616209154713332948e-05
1.878896630456271000e-05
1.048747610592757900e-05
1.440142698867671405e-06
-8.142004250440571582e-06
-1.802414330758687569e-05
-2.795318175257355752e-05
-3.766395470226416580e-05
-4.688595577174676317e-05
-5.535043412587555798e-05
-6.279767874277653050e-05
-6.898430120918082288e-05
-7.369032377399267731e-05
-7.672587983424917970e-05
-7.793733949865677658e-05
-7.721268333162852385e-05
-7.448596261435991598e-05
-6.974070397710175739e-05
-6.301213952819082593e-05
-5.438817026338181181e-05
-4.400900018243940256e-05
-3.206541047551107645e-05
-1.879567648099815009e-05
-4.481164040313085794e-06
1.055932431767104477e-05
2.597634994974513280e-05
4.139765062854406632e-05
5.643680117523630814e-05
7.070253227579439211e-05
8.380849507557184110e-05
9.538324083572280216e-05
1.050801714173873954e-04
1.125872081545194301e-04
1.176359241409096520e-04
1.200098884362285119e-04
1.195519806005686215e-04
1.161704505434687243e-04
1.098435218455057574e-04
1.006223662257956473e-04
8.863231230060729154e-05
7.407219258098614301e-05
5.721177800218351522e-05
3.838729825394620904e-05
1.799509760345353084e-05
-3.516471682231979986e-06
-2.565676437299852021e-05
-4.790396223937780959e-05
-6.971734976531615330e-05
-9.055045629547239978e-05
-1.098647419915933473e-04
-1.271434796096873317e-04
-1.419054677069181479e-04
-1.537182043550308435e-04
-1.622101544823323425e-04
-1.670817589673815045e-04
-1.681148595536730809e-04
-1.651802500802901222e-04
-1.582431104561648539e-04
-1.473661338766555685e-04
-1.327102183957780737e-04
-1.145326592969103132e-04
-9.318284667148756190e-05
-6.909554107101205226e-05
-4.278186693155285405e-05
-1.481822655132885729e-05
1.416660531948023078e-05
4.350589646341775839e-05
7.251053101820637134e-05
1.004853603075140061e-04
1.267459283857331109e-04
1.506351606901731193e-04
1.715396060800767090e-04
1.889048351452378427e-04
2.022496201583584173e-04
2.111785532546419319e-04
2.153927977601471813e-04
2.146987115137790030e-04
2.090141296022032520e-04
1.983721464736966605e-04
1.829222927594904185e-04
1.629290586673896564e-04
1.387677719689159642e-04
1.109178934351116549e-04
7.995384583503163884e-05
4.653354414092758463e-05
1.138484357843391818e-05
-2.470983272378943593e-05
-6.093038458216413681e-05
-9.643710759103532257e-05
-1.303895826393643143e-04
-1.619659939633962616e-04
-1.903824708050734288e-04
-2.149120372854759948e-04
-2.349027513076887459e-04
-2.497946166238151737e-04
-2.591348630104916857e-04
-2.625912078287918894e-04
-2.599627380627593217e-04
-2.511880854920302383e-04
-2.363506092651692660e-04
-2.156803498458988275e-04
-1.895525761270542978e-04
-1.584828137075795795e-04
-1.231183169493723153e-04
-8.422602969569711689e-05
-4.267716796800729223e-05
5.713492560531334159e-07
4.449830021003058149e-05
8.804197629401518794e-05
1.301259080751453840e-04
1.696859114668663776e-04
2.056977898563390451e-04
2.372049675112960967e-04
2.633452874799205182e-04
2.833761869043947986e-04
2.966974665888001033e-04
3.028709014175927014e-04
3.016359945404895352e-04
2.929212608132300858e-04
2.768505328845662062e-04
2.537439150346387307e-04
2.241131625162529376e-04
1.886514329874594380e-04
1.482175355271602357e-04
1.038149851867271260e-04
5.656635077460804995e-05
7.683554291475417470e-06
-4.156506462467353174e-05
-8.988997355920281130e-05
-1.360169121753107156e-04
-1.787234776928774583e-04
-2.168746788036872344e-04
-2.494563126310508265e-04
-2.756050666178305026e-04
-2.946343343922786222e-04
-3.060548598988713405e-04
-3.095894842087034402e-04
-3.051814593882942956e-04
-2.929960066672742205e-04
-2.734150239758168801e-04
-2.470250826101550454e-04
-2.145990858853753054e-04
-1.770721851016843749e-04
-1.355127508170223102e-04
-9.108937176941898255e-05
-4.503499259080231254e-05
1.390600744730991151e-06
4.693868560314503366e-05
9.040862886825496163e-05
1.306828066407953847e-04
1.667582758145451718e-04
1.977741844390753481e-04
2.230340733940616000e-04
2.420224178435922404e-04
2.544149750989424075e-04
2.600827368804284421e-04
2.590895191920858614e-04
2.516834527202415532e-04
2.382828515674909541e-04
2.194571296271010958e-04
1.959035947408621474e-04
1.684210753635037193e-04
1.378814187727681344e-04
1.051999415719165657e-04
7.130591177257673309e-05
3.711409813487820495e-05
3.498339100723100157e-06
-2.873203522799498200e-05
-5.885224300714929997e-05
-8.623803805870103052e-05
-1.103773152712073108e-04
-1.308771949608393569e-04
-1.474666341835811250e-04
-1.599947880686472318e-04
-1.684255002607293675e-04
-1.728284330653896803e-04
-1.733674505640336828e-04
-1.702869382928544264e-04
-1.638967791301459975e-04
-1.545567070896316673e-04
-1.426607306695046838e-04
-1.286222580390772503e-04
-1.128604714877248934e-04
-9.578839334168514925e-05
-7.780296602714694581e-05
-5.927734149117781912e-05
-4.055544619608054518e-05
-2.194876389673255913e-05
-3.735165710094494741e-06
1.384047913369212957e-05
3.056425422629508630e-05
4.625010378370757939e-05
6.073612061746505413e-05
7.388064011672997109e-05
8.555854344706000016e-05
9.565812742105238569e-05
1.040788330736908303e-04
1.107300440728463571e-04
1.155310745500655182e-04
1.184123693767926929e-04
1.193178443740425785e-04
1.182082051770060179e-04
1.150650064612095483e-04
1.098951519569046236e-04
1.027354930373808989e-04
9.365716159373344495e-05
8.276927244672089776e-05
7.022165155735145183e-05
5.620628702616881387e-05
4.095725722478129119e-05
2.474896096717569760e-05
7.892555182361853203e-06
-9.269407397075956170e-06
-2.637005851741759606e-05
-4.302684285449948271e-05
-5.885144268231830902e-05
-7.346067411043323689e-05
-8.648797053333105679e-05
-9.759502517173447816e-05
-1.064831389934175820e-04
-1.129038142970225923e-04
-1.166681484232530734e-04
-1.176546162325838366e-04
-1.158148829153038287e-04
-1.111773579115233994e-04
-1.038482830505133248e-04
-9.401024028068768351e-05
-8.191806332371775383e-05
-6.789223937584567647e-05
-5.230998687954426792e-05
-3.559428867881801750e-05
-1.820124266301014976e-05
-6.061611050351595512e-07
1.671109744613364425e-05
3.328104586826657088e-05
4.865920428756502340e-05
6.243993035511541932e-05
7.426894948465894764e-05
8.385413958589843660e-05
9.097419113817566735e-05
9.548484392849564497e-05
9.732249300403484097e-05
9.650505456239533110e-05
9.313008355452161635e-05
8.737023483736957403e-05
7.946625538453649040e-05
6.971778317123577271e-05
5.847230570302215338e-05
4.611269471777327335e-05
3.304378088728381969e-05
1.967846167787536994e-05
6.423845952993435869e-06
-6.332069672600076259e-06
-1.823272450483483302e-05
-2.896389293722730627e-05
-3.826279350959856503e-05
-4.592511426416303710e-05
-5.180974330434241819e-05
-5.584108346082882032e-05
-5.800892388902794880e-05
-5.836593532471293186e-05
-5.702294585231951256e-05
-5.414223693519932255e-05
-4.992917187706768893e-05
-4.462252793772070148e-05
-3.848394660086123067e-05
-3.178694215036561449e-05
-2.480591578680719724e-05
-1.780561111740230489e-05
-1.103141794686696834e-05
-4.700886375238264844e-06
1.003245767772744436e-06
5.938279646694723327e-06
1.000488282589150851e-05
1.314844786186442597e-05
1.535849763731678884e-05
1.666623534315595293e-05
1.714041329944342799e-05
1.688176192983868306e-05
1.601627533448396918e-05
1.468769077086154704e-05
1.304952440172641552e-05
1.125703407359769038e-05
9.459471576990716033e-06
7.792962519292005987e-06
6.374313115408694600e-06
5.295992145500434242e-06
4.622475843939647462e-06
4.388076598269889675e-06
4.596306244804129599e-06
5.220754731542861149e-06
6.207398019112494205e-06
7.478187877230304657e-06
8.935722999101419436e-06
1.046875775898124946e-05
1.195827373677328935e-05
1.328382093645595986e-05
1.432983094217515055e-05
1.499161298937214495e-05
1.518076526343892175e-05
1.482976624290048245e-05
1.389555275824876631e-05
1.236194057837526756e-05
1.024079753506961712e-05
7.571936026509251782e-06
4.421748512910655453e-06
8.806636021886204624e-07
-2.940450808993631814e-06
-6.914768873251129506e-06
-1.090467031702197433e-05
-1.476735921343737098e-05
-1.836069633347529344e-05
-2.154899896328481865e-05
-2.420856785330052045e-05
-2.623271646102797908e-05
-2.753610201970505699e-05
-2.805819005103568777e-05
-2.776572224846706689e-05
-2.665410042059662856e-05
-2.474764450446614901e-05
-2.209872861797059537e-05
-1.878584384646933482e-05
-1.491067819839718574e-05
-1.059434135099653999e-05
-5.972893085677177673e-06
