-1.058533624475056847e-06
-9.094206499097431093e-07
-7.305763671225878735e-07
-5.244322310122312994e-07
-2.942814727577817786e-07
-4.423349703606560348e-08
2.208578948828690227e-07
4.954912298973492552e-07
7.736369751972235448e-07
1.048877192417384892e-06
1.314561680784552825e-06
1.563976450935358889e-06
1.790519890120079407e-06
1.987881640552068920e-06
2.150219028534953148e-06
2.272325860170165144e-06
2.349788541774660098e-06
2.379124785811128311e-06
2.357900616827758734e-06
2.284821982151227182e-06
2.159797979810777851e-06
1.983973518453597843e-06
1.759730094881453791e-06
1.490654286267105018e-06
1.181474477013971059e-06
8.379672455023639556e-07
4.668356955154180835e-07
7.556280481058382594e-08
-3.277564442217304445e-07
-7.345998093475165174e-07
-1.136214619312394864e-06
-1.523821596010954798e-06
-1.888820416091153208e-06
-2.222991752519479674e-06
-2.518690675697755960e-06
-2.769026572018010798e-06
-2.968025143913659334e-06
-3.110768574725690042e-06
-3.193510556441199311e-06
-3.213763568815451773e-06
-3.170356543345254627e-06
-3.063461823067203256e-06
-2.894591117203098235e-06
-2.666560926853372506e-06
-2.383428664012324038e-06
-2.050401382596207037e-06
-1.673719670492663534e-06
-1.260519801846680138e-06
-8.186777075481728464e-07
-3.566386806372303229e-07
1.167630135926457844e-07
5.924903084962437142e-07
1.061490937848591669e-06
1.514882188749757426e-06
1.944128697736521370e-06
2.341209448434594918e-06
2.698770480935607142e-06
3.010260250041523055e-06
3.270045059747436808e-06
3.473502541908083351e-06
3.617091724210109599e-06
3.698398832046627074e-06
3.716158576052327334e-06
3.670251277241136310e-06
3.561676760424322538e-06
3.392506489854115682e-06
3.165815915521698670e-06
2.885599431895165282e-06
2.556670712011212253e-06
2.184551459150578750e-06
1.775351808043676691e-06
1.335645701948092708e-06
8.723445676159569443e-07
3.925725062834109364e-07
-9.645398272918725065e-08
-5.875390236277533575e-07
-1.073610788312070803e-06
-1.547813434383662571e-06
-2.003586183073295171e-06
-2.434728722628290461e-06
-2.835452708306336425e-06
-3.200419721464231820e-06
-3.524766625549885388e-06
-3.804119793650115406e-06
-4.034600158206242597e-06
-4.212821427033648002e-06
-4.335884101040258727e-06
-4.401368100802466965e-06
-4.407326847692959147e-06
-4.352285541298947351e-06
-4.235246124531473938e-06
-4.055701032930337279e-06
-3.813657292416696682e-06
-3.509671872475219016e-06
-3.144898437141104994e-06
-2.721144787432655562e-06
-2.240939384923577769e-06
-1.707604421875218830e-06
-1.125331998984984413e-06
-4.992591309515819121e-07
1.644634326758738338e-07
8.586141646133545044e-07
1.574861475025807676e-06
2.303748319674165496e-06
3.034706726252381913e-06
3.756107865941348339e-06
4.455352596885551912e-06
5.119006402333587583e-06
5.732981350197108274e-06
6.282766137788523822e-06
6.753703493547656872e-06
7.131312237581109539e-06
7.401649217934194880e-06
7.551704212580557736e-06
7.569818797680515833e-06
7.446118215200279522e-06
7.172943515939301892e-06
6.745269796849129933e-06
6.161095279732199526e-06
5.421785369000802235e-06
4.532355744818196116e-06
3.501679046406218664e-06
2.342600813303746555e-06
1.071952094118486713e-06
-2.895515065275268312e-07
-1.717531627091287415e-06
-3.184293612600266271e-06
-4.659297563911943794e-06
-6.109749678874019552e-06
-7.501305190602043970e-06
-8.798869770864341193e-06
-9.967481954894682192e-06
-1.097325512599013767e-05
-1.178435404227116842e-05
-1.237197795714998821e-05
-1.271132023132265430e-05
-1.278247309007567690e-05
-1.257124595014949205e-05
-1.206986659583614974e-05
-1.127753645705613248e-05
-1.020081432591675223e-05
-8.853806995039419968e-06
-7.258150421701432071e-06
-5.442770986605597431e-06
-3.443423056320863837e-06
-1.302006171514316318e-06
9.343274614423627224e-07
3.214257151177371213e-06
5.483544475348066769e-06
7.686418971895355438e-06
9.767061388797806102e-06
1.167114240350695570e-05
1.334737125539489514e-05
1.474900668201803083e-05
1.583528204208113358e-05
1.657269762360839678e-05
1.693613589759945329e-05
1.690975984722204885e-05
1.648766038012069413e-05
1.567422605690909195e-05
1.448421672826287654e-05
1.294253190379565232e-05
1.108367447429628600e-05
8.950920439707493858e-06
6.595215204830210521e-06
4.073826435171836869e-06
1.448792067111156265e-06
-1.214790489364714508e-06
-3.850581926143439000e-06
-6.392869072066440270e-06
-8.778424670924798632e-06
-1.094829980171786411e-05
-1.284949152016345969e-05
-1.443643201660448724e-05
-1.567225123372334103e-05
-1.652977228788103927e-05
-1.699220793962650519e-05
-1.705353644905450048e-05
-1.671854606715325158e-05
-1.600254875542211848e-05
-1.493077507131463731e-05
-1.353747307894695694e-05
-1.186474422679841178e-05
-9.961157990049037162e-06
-7.880194363921876296e-06
-5.678568733797589215e-06
-3.414497026107772337e-06
-1.145960234256195360e-06
1.070973614106112682e-06
3.183715165756923426e-06
5.144557444944401128e-06
6.911874887544587880e-06
8.451083615560321433e-06
9.735338643594781754e-06
1.074595426261035543e-05
1.147254466289845491e-05
1.191289241380677963e-05
1.207256223393291864e-05
1.196428618733868690e-05
1.160715376077813486e-05
1.102564598145223405e-05
1.024855659487567907e-05
9.307845194371824058e-06
8.237467105731446736e-06
7.072222951310724461e-06
5.846667361136218930e-06
4.594111476641600673e-06
3.345747933166187148e-06
2.129920184773954421e-06
9.715506779011166976e-07
-1.082651447344437032e-07
-1.092499341190815096e-06
-1.968273546713290502e-06
-2.726795616191843715e-06
-3.363168702747574354e-06
-3.876094357780095114e-06
-4.267493667910224372e-06
-4.542071540984282554e-06
-4.706849061757261397e-06
-4.770687462923333209e-06
-4.743824841181275230e-06
-4.637443487528186608e-06
-4.463281835965730606e-06
-4.233300802014290220e-06
-3.959409898779575942e-06
-3.653254200051377751e-06
-3.326059178657180414e-06
-2.988526859061289585e-06
-2.650773726205637023e-06
-2.322298566420492429e-06
-2.011967008961731514e-06
-1.727999066595456554e-06
-1.477946465709899330e-06
-1.268647996572340220e-06
-1.106153440666468578e-06
-9.956097210241330803e-07
-9.411065910240210699e-07
-9.454832106178080084e-07
-1.010101140450628918e-06
-1.134593413579682075e-06
-1.316603215463720614e-06
-1.551529085263444015e-06
-1.832296215938150131e-06
-2.149175192383295440e-06
-2.489670243804828485e-06
-2.838498732574355326e-06
-3.177682120869803335e-06
-3.486766002468277437e-06
-3.743182898057072672e-06
-3.922766374895855234e-06
-4.000418776135808377e-06
-3.950927653500532083e-06
-3.749918148069946349e-06
-3.374920333309191204e-06
-2.806522248028448835e-06
-2.029571382330822024e-06
-1.034380147565562078e-06
1.821151997177504082e-07
1.615297159460428458e-06
3.251968538627849156e-06
5.069670484725678545e-06
7.036272061684567005e-06
9.109881217473331076e-06
1.123911904340151674e-05
1.336378868261693992e-05
1.541595736453940435e-05
1.732145514653056430e-05
1.900177744463003564e-05
2.037636087681046591e-05
2.136518399542316885e-05
2.189162688198034425e-05
2.188550707189986817e-05
2.128619464582946248e-05
2.004569733922765786e-05
1.813159788246647620e-05
1.552972106573762955e-05
1.224640768266718741e-05
8.310276895305812370e-06
3.773367891406270716e-06
-1.288434019248212071e-06
-6.775762708159228882e-06
-1.256698042305569660e-05
-1.852025628639798985e-05
-2.447650947224421213e-05
-3.026318035272890073e-05
-3.569875980655351949e-05
-4.059797394782562542e-05
-4.477749008732066256e-05
-4.806198116589653537e-05
-5.029036154515902643e-05
-5.132198812879254691e-05
-5.104260839351234408e-05
-4.936983193568397895e-05
-4.625790525684000357e-05
-4.170158104372080702e-05
-3.573889308363519142e-05
-2.845267580840788347e-05
-1.997070264114017698e-05
-1.046435892139529046e-05
-1.458119792527790752e-07
1.073630860883914528e-05
2.190265514368864962e-05
3.305021233505921386e-05
4.386048544941638665e-05
5.400861000512563752e-05
6.317312503813089070e-05
7.104611718434862045e-05
7.734341673414967878e-05
8.181451065524368983e-05
8.425183233392146147e-05
8.449909416118296581e-05
8.245834734609236135e-05
7.809548316041128738e-05
7.144393047022436151e-05
6.260635491014757950e-05
5.175422414192167703e-05
3.912516967872792543e-05
2.501814678166755979e-05
9.786467690490762130e-06
-6.171142605088097729e-06
-2.242124740020475131e-05
-3.850786906222507954e-05
-5.396578346258413807e-05
-6.833454240016387281e-05
-8.117279041133280840e-05
-9.207241788861692130e-05
-1.006720829744906285e-04
-1.066696412595631143e-04
-1.098330451381169485e-04
-1.100093132527300128e-04
-1.071312237737207461e-04
-1.012214518609194213e-04
-9.239394960503817924e-05
-8.085245370483167058e-05
-6.688609947412508670e-05
-5.086221641140306843e-05
-3.321647688870375348e-05
-1.444066179990957245e-05
4.931607987466501487e-06
2.434075049269482911e-05
4.321822534247137264e-05
6.100412625867738945e-05
7.716479857348919119e-05
9.120990470025539855e-05
1.027083670489477340e-04
1.113026435341574400e-04
1.167208356357317877e-04
1.187861924400106066e-04
1.174236545903205233e-04
1.126631768812480944e-04
1.046396740396517291e-04
9.358954753412601787e-05
7.984386826619785968e-05
6.381840649227564890e-05
4.600081170927415673e-05
2.693534704101638598e-05
7.205671077910404040e-06
-1.258376796735594872e-05
-3.182710825940465407e-05
-4.993657187789377234e-05
-6.636142721002592413e-05
-8.060577475550880335e-05
-9.224455278306801056e-05
-1.009372183911225006e-04
-1.064386377528415034e-04
-1.086068139677066825e-04
-1.074071888438689381e-04
-1.029133723865518200e-04
-9.530427647545420557e-05
-8.485775266943779344e-05
-7.194095397696680452e-05
-5.699775279651152519e-05
-4.053364832207057553e-05
-2.309868296352620201e-05
-5.268955459886181299e-06
1.237263440915292980e-05
2.925575028124020909e-05
4.484143316390177408e-05
5.863972842849969407e-05
7.022553492579101269e-05
7.925215094874771607e-05
8.546207476201118686e-05
8.869471465624417794e-05
8.889077162741124290e-05
8.609317311850187828e-05
8.044455473345864943e-05
7.218140439867869347e-05
6.162509630469430177e-05
4.917014638175305123e-05
3.527011335628355384e-05
2.042164623340141628e-05
5.147237592666678059e-06
-1.002271959774876233e-05
-2.456795687000062396e-05
-3.799582637695739419e-05
-4.985768292902942230e-05
-5.976361142744921536e-05
-6.739502155064615633e-05
-7.251470876225139415e-05
-7.497406976731719888e-05
-7.471725849848525453e-05
-7.178217258891764283e-05
-6.629826685709891280e-05
-5.848129606612273359e-05
-4.862519059926186723e-05
-3.709136250265097196e-05
-2.429582265636634131e-05
-1.069455991074324400e-05
3.232312418252394960e-06
1.699709976293964928e-05
3.012119656944602157e-05
4.215131953420460067e-05
5.267475701307726199e-05
6.133312379624329344e-05
6.783416422123243923e-05
7.196121611711565609e-05
7.358003047286146791e-05
7.264273390390436414e-05
6.918881999755812468e-05
6.334315845901703260e-05
5.531111416936880976e-05
4.537096781994275280e-05
3.386392183732169105e-05
2.118205662600089703e-05
7.754670010248554941e-06
-5.966515316237112093e-06
-1.952275749989225664e-05
-3.246378045056583152e-05
-4.436280789497806885e-05
-5.483063887987870344e-05
-6.352829718623043717e-05
-7.017784338202344169e-05
-7.457100793191943206e-05
-7.657538365600416019e-05
-7.613800285352359195e-05
-7.328621575236436833e-05
-6.812587956624607918e-05
-6.083695808804084735e-05
-5.166671735373950305e-05
-4.092078085157927283e-05
-2.895237579135193450e-05
-1.615015803908002504e-05
-2.925045516847950592e-06
1.030348338806567215e-05
2.312115934339236369e-05
3.513229816146326719e-05
4.597234351362042119e-05
5.531917255153517041e-05
6.290281028858971308e-05
6.851325941003300469e-05
7.200622169533029435e-05
7.330656268259804463e-05
7.240944975024613700e-05
6.937917276125116087e-05
6.434573342317346579e-05
5.749936222284705324e-05
4.908318767557179709e-05
3.938433931287229516e-05
2.872381170614954967e-05
1.744545102368788645e-05
5.904447409452879810e-06
-5.544274952559702634e-06
-1.655738321244078128e-05
-2.681380793215683769e-05
-3.602442352841436513e-05
-4.394044013307155913e-05
-5.036026053147211383e-05
-5.513461348110057318e-05
-5.816983719391083369e-05
-5.942925202860223490e-05
-5.893262737206321944e-05
-5.675381200068681307e-05
-5.301665759791001953e-05
-4.788941951753571580e-05
-4.157786569065164225e-05
-3.431736250254687073e-05
-2.636423442593916448e-05
-1.798671132314893611e-05
-9.455783230599656660e-06
-1.036277186768180713e-06
7.021545477361860240e-06
1.448959950408151596e-05
2.116855769348468646e-05
2.689321191752994976e-05
3.153646973270145704e-05
3.501189615575247768e-05
3.727476500968837831e-05
3.832163880554664208e-05
3.818854832195720970e-05
3.694789095564612376e-05
3.470420876333088012e-05
3.158904141785593957e-05
2.775507512220659281e-05
2.336982543599705296e-05
1.860909975326701158e-05
1.365048371392526121e-05
8.667085318359338367e-06
3.821751569504127283e-06
-7.380538958290029135e-07
-4.884556154427484588e-06
-8.513038201554859561e-06
-1.154419466949079501e-05
-1.392543182274321904e-05
-1.563111649396757224e-05
-1.666181577043030090e-05
-1.704260517760594168e-05
-1.682055459176409198e-05
-1.606152716029042360e-05
-1.484644637379180919e-05
-1.326719961136121484e-05
-1.142235272183905307e-05
-9.412849534641829277e-06
3.551330542549905891e-06
3.515676865777750207e-06
3.394292974818747953e-06
3.189338284211012496e-06
2.905363524061899463e-06
2.549195151506908954e-06
2.129744034266642564e-06
1.657744074334415624e-06
1.145429064480456410e-06
6.061584300630228432e-07
5.400450739801471821e-08
-4.966844364396132983e-07
-1.031730197386404957e-06
-1.537563919641407640e-06
-2.001643064542624519e-06
-2.412831166278478368e-06
-2.761726767516377086e-06
-3.040929755392723456e-06
-3.245235619722607199e-06
-3.371750847294424155e-06
-3.419925648165857456e-06
-3.391503368013446638e-06
-3.290389151781459053e-06
-3.122443560862830108e-06
-2.895209782389117988e-06
-2.617585684385393522e-06
-2.299454154911880196e-06
-1.951286822779822270e-06
-1.583737317683441372e-06
-1.207240637583941745e-06
-8.316349256375921540e-07
-4.658210198089966834e-07
-1.174735550868381725e-07
2.071847726072698214e-07
5.035368485320783263e-07
7.686468338377418333e-07
1.001255417947789639e-06
1.201695635568863743e-06
1.371733755823553701e-06
1.514343102787354522e-06
1.633421725647607969e-06
1.733467467953683759e-06
1.819226069121822713e-06
1.895329367845349256e-06
1.965941391515545336e-06
2.034430061911473993e-06
2.103081410222113151e-06
2.172871591535289620e-06
2.243309670634762582e-06
2.312361199118735010e-06
2.376459129135092759e-06
2.430604747002793125e-06
2.468557216197995840e-06
2.483106163214792742e-06
2.466417698627852842e-06
2.410440516451201583e-06
2.307355427583122380e-06
2.150049013305614125e-06
1.932590166792963912e-06
1.650687231315858461e-06
1.302103317538940020e-06
8.870082263411473073e-07
4.082472156494470822e-07
-1.284904131469925860e-07
-7.146163547136277314e-07
-1.338711111089762366e-06
-1.986718855612953136e-06
-2.642268383902165335e-06
-3.287113765069101481e-06
-3.901682930858453462e-06
-4.465717337283636576e-06
-4.958981225684292775e-06
-5.362015108523914266e-06
-5.656905098520312502e-06
-5.828037746475447491e-06
-5.862809274201675561e-06
-5.752258560845897490e-06
-5.491594991537580691e-06
-5.080595282878366116e-06
-4.523847584144571184e-06
-3.830826388831404586e-06
-3.015787903272727084e-06
-2.097482290230059821e-06
-1.098686383389257387e-06
-4.556777571042583517e-08
1.033101672578006849e-06
2.106858178725670294e-06
3.144553575207850638e-06
4.115422466833411374e-06
4.990169774636081016e-06
5.742037224194158341e-06
6.347806717582899419e-06
6.788699583524906930e-06
7.051133446711163479e-06
7.127302843739087676e-06
7.015555620085721173e-06
6.720544384200519307e-06
6.253140624254154230e-06
5.630108210159339205e-06
4.873542565130689710e-06
4.010091423783379967e-06
3.069982407799658886e-06
2.085891254735725666e-06
1.091692054694864156e-06
1.211369381839187468e-07
-7.934829827224576938e-07
-1.622641228125832658e-06
-2.340789674217273818e-06
-2.927429912661291117e-06
-3.367993962314429321e-06
-3.654492370868740255e-06
-3.785896011169539225e-06
-3.768227821657814467e-06
-3.614352015431280555e-06
-3.343460473613558399e-06
-2.980268679334196496e-06
-2.553946136465339872e-06
-2.096818233814858349e-06
-1.642887446366866449e-06
-1.226231121247051909e-06
-8.793404343276388264e-07
-6.314700465761227839e-07
-5.070702437865390536e-07
-5.243727141583489197e-07
-6.941975203298096018e-07
-1.019042288573499737e-06
-1.492505321266152399e-06
-2.099082511789211225e-06
-2.814363988432721099e-06
-3.605640821418926401e-06
-4.432915465728475472e-06
-5.250292518108207308e-06
-6.007709517497985700e-06
-6.652951608271684425e-06
-7.133879597945873222e-06
-7.400788918834167547e-06
-7.408807823222846968e-06
-7.120237288256490662e-06
-6.506732948716579264e-06
-5.551231147668153046e-06
-4.249526982202642865e-06
-2.611421952291211735e-06
-6.613722626654880567e-07
1.561414408856211137e-06
4.003466314844018639e-06
6.598130186457971659e-06
9.267236893956460152e-06
1.192331470073759566e-05
1.447229153450689110e-05
1.681660599622449698e-05
1.885862738513294169e-05
2.050426868549206700e-05
2.166666399422876671e-05
2.226977389940438547e-05
2.225177932307614549e-05
2.156812661556299559e-05
2.019409433125489444e-05
1.812676502150332210e-05
1.538630323042038884e-05
1.201646315291901996e-05
8.084275399053635031e-06
3.678891124408950932e-06
-1.090407586086884788e-06
-6.096990875806842360e-06
-1.120038678609455310e-05
-1.625040927813058058e-05
-2.109178218131026633e-05
-2.556911033477736800e-05
-2.953203181049127434e-05
-3.284037346422338392e-05
-3.536912676115417173e-05
-3.701306224075212288e-05
-3.769080924510582195e-05
-3.734824249607357764e-05
-3.596103836461824843e-05
-3.353629056953533015e-05
-3.011310667507497037e-05
-2.576214202363579382e-05
-2.058406536876073272e-05
-1.470698907157678266e-05
-8.282934828143791948e-06
-1.483442031310999750e-06
5.505541389445810547e-06
1.248931778643218918e-05
1.927045826899201217e-05
2.565497553180919797e-05
3.145843796424059406e-05
3.651181214684744354e-05
4.066682906952099588e-05
4.380068546842301078e-05
4.581991504097959549e-05
4.666329411573344672e-05
4.630368150637309750e-05
4.474873142200386808e-05
4.204045993426566491e-05
3.825368800572144653e-05
3.349342577811803692e-05
2.789130198868578509e-05
2.160117737340857560e-05
1.479411023256335336e-05
7.652864707483893842e-06
3.661667873017367410e-07
-6.877080930697495893e-06
-1.389341731277967853e-05
-2.051007623849304933e-05
-2.656969738205605658e-05
-3.193434242054736402e-05
-3.648869750187179201e-05
-4.014238007586511819e-05
-4.283130824099602480e-05
-4.451813163759140790e-05
-4.519176271544872274e-05
-4.486608407160965969e-05
-4.357793971872460137e-05
-4.138454401277910167e-05
-3.836046031567668096e-05
-3.459431155553085991e-05
-3.018538639948377967e-05
-2.524029789790173590e-05
-1.986983674413017985e-05
-1.418613971371683887e-05
-8.300266757031637076e-06
-2.320249191166031657e-06
3.650361834606069081e-06
9.513451154113405114e-06
1.517683661153282273e-05
2.055437352375561678e-05
2.556575738842770430e-05
3.013613406323195550e-05
3.419563769368544136e-05
3.767897958768320085e-05
4.052520574990227978e-05
4.267772709432276351e-05
4.408470507546981764e-05
4.469984767405861818e-05
4.448363781118285713e-05
4.340498015443116953e-05
4.144321497435064051e-05
3.859041142703735830e-05
3.485381961773700870e-05
3.025833313694935238e-05
2.484879326715831748e-05
1.869195416375513897e-05
1.187792602896096248e-05
4.520921222010288378e-06
-3.240853473725928264e-06
-1.124628694775643641e-05
-1.931352735798048199e-05
-2.724326510831494270e-05
-3.482312968529799758e-05
-4.183313945671655784e-05
-4.805208674203813324e-05
-5.326468494752829852e-05
-5.726925301634863929e-05
-5.988566748475747544e-05
-6.096327648974017311e-05
-6.038844530316084638e-05
-5.809139118128430162e-05
-5.405196789088641783e-05
-4.830407806898164193e-05
-4.093842484736290375e-05
-3.210336245663924067e-05
-2.200366757914738389e-05
-1.089712711013492865e-05
9.110788157100096639e-07
1.307613023150668846e-05
2.522329671327471715e-05
3.695939121460152239e-05
4.788561093091458793e-05
5.761135094263331263e-05
6.576851242424830847e-05
7.202577946698957229e-05
7.610230991911718181e-05
7.778027836854378241e-05
7.691572497534314998e-05
7.344720287324830110e-05
6.740177882792642726e-05
5.889802522774414658e-05
4.814574373831426927e-05
3.544227860327795712e-05
2.116540633388515349e-05
5.762923442644594226e-06
-1.026081048333387846e-05
-2.636098638146472563e-05
-4.197060796031876580e-05
-5.652029064794723904e-05
-6.945890238306160966e-05
-8.027429354456927827e-05
-8.851333358596077277e-05
-9.380047224311780982e-05
-9.585407427199714296e-05
-9.449983815867372321e-05
-8.968069950299184783e-05
-8.146273583765185162e-05
-7.003672734556427577e-05
-5.571518233037540485e-05
-3.892480192718776973e-05
-2.019452944675448764e-05
-1.394994645089607762e-07
2.055863632312921035e-05
4.117438171721772610e-05
6.096331471452244675e-05
7.918839766858529151e-05
9.514675186179720023e-05
1.081959299091282461e-04
1.177787146953361932e-04
1.234455045037869130e-04
1.248734103716233831e-04
1.218812918451464458e-04
1.144400880634846682e-04
1.026779580210913510e-04
8.687992153849286026e-05
6.748188486498374859e-05
4.505913539769486331e-05
2.030959161290452444e-05
-5.967710544956795475e-06
-3.289823229469620349e-05
-5.956082463017814676e-05
-8.501894229306409764e-05
-1.083531211599841562e-04
-1.286935962142437564e-04
-1.452519116210010679e-04
-1.573503891973716535e-04
-1.644483764166643127e-04
-1.661642884193571942e-04
-1.622925876777402902e-04
-1.528150061713617544e-04
-1.379055031087315030e-04
-1.179286601822418002e-04
-9.343143902238388373e-05
-6.512845434871415966e-05
-3.388114353998874281e-05
-6.714312920717246846e-07
3.342931073165134157e-05
6.729503182387544264e-05
9.978237278761914800e-05
1.297694022178422679e-04
1.561944099135033034e-04
1.780934209456643295e-04
1.946351117612866901e-04
2.051518734946742575e-04
2.091658760074080318e-04
2.064091360409102893e-04
1.968367796507087229e-04
1.806329071989372164e-04
1.582087122826089122e-04
1.301927666647835003e-04
9.741365294292417243e-05
6.087539603867443916e-05
2.172640415911418046e-05
-1.877712967867713556e-05
-5.931220190242612422e-05
-9.853300791253713487e-05
-1.351165122882043012e-04
-1.678080199100292222e-04
-1.954651566012032503e-04
-2.170986923020493879e-04
-2.319087208007000679e-04
-2.393148464614633061e-04
-2.389792169865985331e-04
-2.308214761850481303e-04
-2.150249837977189556e-04
-1.920339509841336811e-04
-1.625414594967306643e-04
-1.274686582879504834e-04
-8.793575119166276491e-05
-4.522569152591526077e-05
-7.417728343571198515e-07
4.403946078733260959e-05
8.761837550776026262e-05
1.285237408380442473e-04
1.653637485168752677e-04
1.968747483775242705e-04
2.219659554693550227e-04
2.397585091210280414e-04
2.496174503720018372e-04
2.511754233974280862e-04
2.443471913248805366e-04
2.293343774752325053e-04
2.066201881842977045e-04
1.769542301937917898e-04
1.413278907378212135e-04
1.009410888892271096e-04
5.716152042450755590e-05
1.147779440508071077e-05
-3.455191216935363615e-05
-7.935388373397975063e-05
-1.213936738180265435e-04
-1.592297459209140553e-04
-1.915640338614189560e-04
-2.172876090589385999e-04
-2.355198096515801344e-04
-2.456394140803571042e-04
-2.473067220048479238e-04
-2.404757286240925428e-04
-2.253959332065328075e-04
-2.026036958297341485e-04
-1.729034340617316748e-04
-1.373393193907464021e-04
-9.715847760191672201e-05
-5.376700479214873557e-05
-8.680369865410158121e-06
3.653002375233534865e-05
8.029220617069490610e-05
1.210889576836433694e-04
1.575110937868833601e-04
1.883068116197272456e-04
2.124253347298623446e-04
2.290533020747143132e-04
2.376426128822285147e-04
2.379287511219967566e-04
2.299389605742347439e-04
2.139900114099973528e-04
1.906756782605181571e-04
1.608444238317561430e-04
1.255681372526962973e-04
8.610309916832829238e-05
4.384462359953246783e-05
2.770487660367317224e-07
-4.307909321206116946e-05
-8.472081000887677423e-05
-1.232153525633486110e-04
-1.572500096475877151e-04
-1.856772374032366951e-04
-2.075535529407985592e-04
-2.221708617541164391e-04
-2.290791749644714118e-04
-2.280999929299645399e-04
-2.193299746742537822e-04
-2.031348653951640547e-04
-1.801340038058998568e-04
-1.511760643212099969e-04
-1.173069944397506161e-04
-7.973137475974237604e-05
-3.976864898031938402e-05
1.194163115720335100e-06
4.175155047556671438e-05
8.052863065323231256e-05
1.162285623645586063e-04
1.476765910530044592e-04
1.738592089941484340e-04
1.939571055892794530e-04
2.073708235176080711e-04
2.137383133393374332e-04
2.129438820098271238e-04
2.051183476637278679e-04
1.906305321211745527e-04
1.700705323177842832e-04
1.442255010513602013e-04
1.140489257003249774e-04
8.062461189605837799e-05
4.512675001171172760e-05
8.777560023849316517e-06
-2.719592869688854250e-05
-6.160440307666740925e-05
-9.333659213155716774e-05
-1.213959961634073907e-04
-1.449327809633501555e-04
-1.632697998511253401e-04
-1.759219421578250083e-04
-1.826082674435100029e-04
-1.832566599707745043e-04
-1.780010170474826260e-04
-1.671712570447942792e-04
-1.512766878257431865e-04
-1.309835046391217932e-04
-1.070873804087741558e-04
-8.048226463680371509e-05
-5.212661525208682153e-05
-2.300834758955903428e-05
5.890204952410287638e-06
3.362606218079677959e-05
5.932692747096958018e-05
8.221902861859084813e-05
1.016505795411200676e-04
1.171101600142900078e-04
1.282395175747513306e-04
1.348405145193112473e-04
1.368761652183678179e-04
1.344659264755839758e-04
1.278756083877592568e-04
1.175024576880223431e-04
1.038561235444952481e-04
8.753634215827611471e-05
6.920826756653494674e-05
4.957642963449933771e-05
2.935831567834253515e-05
9.258550265222939145e-06
-1.005540947541497845e-05
-2.797523499464307073e-05
-4.397063298940077762e-05
-5.760462635832111185e-05
-6.854479444422738972e-05
-7.657022364124748239e-05
-8.157408864780195097e-05
-8.356195060314702903e-05
-8.264601506177151301e-05
-7.903573459068334453e-05
-7.302526268517822879e-05
-6.497836362222824812e-05
-5.531145390557717304e-05
-4.447549343701255332e-05
-3.293745802448513340e-05
-2.116210997505361515e-05
-9.594742000329888531e-06
1.354495902117747820e-06
1.132416311787035163e-05
2.001256790280372613e-05
2.718597366202949941e-05
3.268378776688203938e-05
3.642067252525825471e-05
3.838563904549769772e-05
1.972275000196108271e-04
1.779485851682560931e-04
1.541890159430902695e-04
1.265155643536742299e-04
9.561442346063507027e-05
6.227081715104542238e-05
2.734487295658402780e-05
-8.255433810398364906e-06
-4.360332478704872556e-05
-7.778321395033104089e-05
-1.099205551707042400e-04
-1.392104248173680139e-04
-1.649437473753711679e-04
-1.865301411056530050e-04
-2.035164723899037724e-04
-2.156003583232644612e-04
-2.226380424199810666e-04
-2.246462814945148758e-04
-2.217981150430940220e-04
-2.144126328773713112e-04
-2.029391027080779261e-04
-1.879360568227813548e-04
-1.700461559507976633e-04
-1.499678392950656121e-04
-1.284249238094400535e-04
-1.061354256100655415e-04
-8.378093600661817462e-05
-6.197788997239068423e-05
-4.125201399611889746e-05
-2.201713348680222173e-05
-4.559359874212510241e-06
1.097253080141570916e-05
2.456996557538343782e-05
3.636040798151736865e-05
4.659617978077625007e-05
5.563660608143297334e-05
6.392412803787195100e-05
7.195531984633412204e-05
8.024800976636303307e-05
8.930592617843654277e-05
9.958245830679904266e-05
1.114452280280262990e-04
1.251432072008887752e-04
1.407780798262461581e-04
1.582814385733611381e-04
1.773992223200553911e-04
1.976845499634095026e-04
2.184997934959493227e-04
2.390283706605540780e-04
2.582963373494133051e-04
2.752034373230841189e-04
2.885628383592232088e-04
2.971483670859523555e-04
2.997476672504298238e-04
2.952193652948190182e-04
2.825520489527519417e-04
2.609226633513129189e-04
2.297518164874539986e-04
1.887534705216855789e-04
1.379765821023471134e-04
7.783644499154401125e-05
9.133778577720207776e-06
-6.694001077913060540e-05
-1.488125034633122298e-04
-2.345554512172815897e-04
-3.219254675543537728e-04
-4.084196096988475960e-04
-4.913446231716157679e-04
-5.678980242731468094e-04
-6.352586430568006072e-04
-6.906837635497031606e-04
-7.316096007734358090e-04
-7.557515646186807297e-04
-7.612005943889318081e-04
-7.465118164325444498e-04
-7.107818880698702022e-04
-6.537116462931954640e-04
-5.756510755696047678e-04
-4.776241350877164101e-04
-3.613316257986103064e-04
-2.291310105405140849e-04
-8.399290096874973874e-05
7.056523602106835728e-05
2.305667534776016290e-04
3.916826612455182694e-04
5.493546407716745975e-04
6.989305776896653690e-04
8.358083895343381125e-04
9.555835004298601776e-04
1.054195045112240941e-03
1.128065785408653189e-03
1.174230801394098283e-03
1.190450278074677449e-03
1.175302140797094066e-03
1.128250886040493492e-03
1.049689689802527515e-03
9.409537289044216449e-04
8.043035923343703824e-04
6.428786582326425931e-04
4.606213333836960090e-04
2.621740613525785088e-04
5.275196729862468648e-05
-1.620051143388332197e-04
-3.761967244233612243e-04
-5.838368624772416558e-04
-7.790345181183862570e-04
-9.561738471102144889e-04
-1.110088128293153405e-03
-1.236221775099456211e-03
-1.330775010694190946e-03
-1.390826340522302368e-03
-1.414428652715608685e-03
-1.400675621636188802e-03
-1.349736053324577427e-03
-1.262854859815568673e-03
-1.142320448045542561e-03
-9.913994243304768018e-04
-8.142406087576055601e-04
-6.157513840787333294e-04
-4.014503329679978733e-04
-1.773009123254852592e-04
5.046845708034326588e-05
2.755520675196643731e-04
4.917563127731707385e-04
6.931847011321042073e-04
8.744125747858079011e-04
1.030645981830924677e-03
1.157859697744859735e-03
1.252910112377800082e-03
1.313619560159931055e-03
1.338829644114254052e-03
1.328422154291906618e-03
1.283307271509293588e-03
1.205379839163716726e-03
1.097445541332594697e-03
9.631198079557137456e-04
8.067031431173712300e-04
6.330373088939643660e-04
4.473473696697753254e-04
2.550749928261873559e-04
6.170860101377412124e-05
-1.273840250178904544e-04
-3.071152832289237699e-04
-4.728243898639812115e-04
-6.204066257124989537e-04
-7.464213794398119693e-04
-8.481759834157376809e-04
-9.237832303999578623e-04
-9.721914069408315803e-04
-9.931866464542146635e-04
-9.873683562181751524e-04
-9.560993733670388600e-04
-9.014333235098830402e-04
-8.260223642369013148e-04
-7.330090719714467754e-04
-6.259066573834613269e-04
-5.084719610163953999e-04
-3.845757822250410983e-04
-2.580750322013320667e-04
-1.326909827164411866e-04
-1.189751867874966080e-05
1.011771878688183047e-04
2.038327604202800573e-04
2.938603115056198645e-04
3.695863306148836503e-04
4.298961051890400737e-04
4.742367664547191951e-04
5.026007767928823700e-04
5.154913470627195751e-04
5.138718672692506101e-04
4.991019311340021006e-04
4.728629179287180081e-04
4.370763524184489708e-04
3.938183908300223602e-04
3.452337780385771071e-04
2.934524943468786807e-04
2.405120687880309529e-04
1.882881924319430172e-04
1.384358360716710003e-04
9.234258180429276300e-05
5.109533881323568465e-05
1.546105124218161999e-05
-1.411855853522851409e-05
-3.751871318348438478e-05
-5.491077723138621273e-05
-6.673038149675686672e-05
-7.363630376503327996e-05
-7.646222487351222736e-05
-7.616367646075086794e-05
-7.376259501541709450e-05
-7.029189612190313123e-05
-6.674238674850920027e-05
-6.401414897111277645e-05
-6.287426576259068063e-05
-6.392243173116980530e-05
-6.756561448314165100e-05
-7.400252218750905423e-05
-8.321820705547662079e-05
-9.498870999074911421e-05
-1.088952451282278763e-04
-1.243470496877531191e-04
-1.406116981035271743e-04
-1.568514108644496739e-04
-1.721636862520213801e-04
-1.856244527893508912e-04
-1.963318845584767058e-04
-2.034490406619226372e-04
-2.062435812910720504e-04
-2.041229705663646856e-04
-1.966637922058747906e-04
-1.836340676324524379e-04
-1.650077655045345450e-04
-1.409710143744600532e-04
-1.119198634147332072e-04
-7.844976700783108930e-05
-4.133728502144856870e-05
-1.514780274667509082e-06
3.996085225546872923e-05
8.194418223370616625e-05
1.232405687564681841e-04
1.626473155376068698e-04
1.989951175454002404e-04
2.311882771096578212e-04
2.582422408214816241e-04
2.793171338935293026e-04
2.937461396679738037e-04
3.010577809494195808e-04
3.009913981604080916e-04
2.935053773930826077e-04
2.787779490472239640e-04
2.572006446555562221e-04
2.293647559137407222e-04
1.960413769144418120e-04
1.581558203978383065e-04
1.167573751332811759e-04
7.298550944450850374e-05
2.803372191744067014e-05
-1.688770765495896679e-05
-6.058880676257557814e-05
-1.019356142523342374e-04
-1.398833536735241039e-04
-1.735060442371157900e-04
-2.020216645700369500e-04
-2.248121575250004917e-04
-2.414377568685259143e-04
-2.516453214249603177e-04
-2.553705715988823107e-04
-2.527343296074559221e-04
-2.440330613067996429e-04
-2.297241981077449420e-04
-2.104068768078674726e-04
-1.867988685679011513e-04
-1.597105718863803476e-04
-1.300170153953031003e-04
-9.862885286141261456e-05
-6.646333451425892093e-05
-3.441620670976377105e-05
-3.335428159313688959e-06
2.600250132815600337e-05
5.291292038192293523e-05
7.681955099775824073e-05
9.726681635823963455e-05
1.139276975987257829e-04
1.266070563719165639e-04
1.352405073954911414e-04
1.398890735950104316e-04
1.407299908667853782e-04
1.380441453971628782e-04
1.322007205054957757e-04
1.236397000845092849e-04
1.128529209395248993e-04
1.003643863580459014e-04
8.671054823104227063e-05
7.242123591005028712e-05
5.800185866823027168e-05
4.391743799788307964e-05
3.057893939879362114e-05
1.833227437247085588e-05
7.450235748262523379e-06
-1.872482886427823037e-06
-9.521146026476452729e-06
-1.545978582074436112e-05
-1.972713825362057037e-05
-2.242997530333006275e-05
-2.373418326422676171e-05
-2.385400346989507538e-05
-2.303990143656592978e-05
-2.156556298509180791e-05
-1.971453063970426698e-05
-1.776699040802170039e-05
-1.598719840741723980e-05
-1.461199994481194952e-05
-1.384084228730801197e-05
-1.382761840645828932e-05
-1.467460467803524874e-05
-1.642867355642796439e-05
-1.907987562137555200e-05
-2.256239720163494403e-05
-2.675781303140386383e-05
-3.150047097000427469e-05
-3.658477043779750373e-05
-4.177403043701832677e-05
-4.681058911257868682e-05
-5.142673661320199940e-05
-5.535605781604000409e-05
-5.834475196559960628e-05
-6.016250255962656132e-05
-6.061249236022825306e-05
-5.954019406904721191e-05
-5.684061541286101625e-05
-5.246373628915334717e-05
-4.641794305810160076e-05
-3.877133859200415758e-05
-2.965088368162116625e-05
-1.923940309902997850e-05
-7.770565235095655402e-06
4.477984883204374285e-06
1.719309566040962313e-05
3.003588418819216519e-05
4.265247565199687242e-05
5.468533523570068570e-05
6.578480354804767320e-05
7.562044291196372162e-05
8.389181170372712795e-05
9.033830664501369041e-05
9.474774741870312024e-05
9.696342284043912190e-05
9.688937160393561122e-05
9.449373162442135650e-05
8.981005808114304011e-05
8.293657893255295917e-05
7.403342553280102707e-05
6.331794279224922173e-05
5.105824592191923338e-05
3.756524704093844335e-05
2.318342286043805595e-05
8.280632638443624177e-06
-6.762677696109049613e-06
-2.156453484301430070e-05
-3.575240846188346318e-05
-4.897375028986613167e-05
-6.090578105949609250e-05
-7.126423525178593433e-05
-7.981081313168096223e-05
-8.635913597835251083e-05
-9.077905245092720687e-05
-9.299919981803674571e-05
-9.300778131636199008e-05
-9.085157820366855294e-05
-8.663327027061545351e-05
-8.050718990679938585e-05
-7.267368066135497051e-05
-6.337227022880375944e-05
-5.287389886694831469e-05
-4.147246669951151407e-05
-2.947597681101918126e-05
-1.719755543436162230e-05
-4.946625977308623121e-06
6.979499614157922012e-06
1.830337014148665173e-05
2.877427200657039732e-05
3.817405576797752037e-05
4.632177454724224059e-05
5.307703954685922968e-05
5.834204246414623142e-05
6.206223898593064402e-05
6.422573050332563852e-05
6.486142147117492421e-05
6.403606622374876951e-05
6.185035032777605143e-05
5.843417664720045122e-05
5.394134448431690354e-05
4.854382109205614896e-05
4.242580843082190053e-05
3.577780438782624488e-05
2.879084718506229681e-05
2.165111510185990080e-05
1.453503190781239987e-05
7.605002633240094613e-06
1.005875629557273542e-06
-5.137803504798200830e-06
-1.072371135874486070e-05
-1.567283478010961925e-05
-1.992975126861248699e-05
-2.346215143736129124e-05
-2.625967625357294289e-05
-2.833216076403647488e-05
-2.970739024906719094e-05
-3.042848378040728918e-05
-3.055102397766943159e-05
-3.014005071252289842e-05
-2.926703114255886810e-05
-2.800690942931624621e-05
-2.643532761156536514e-05
-2.462609527182134064e-05
-2.264897063337048289e-05
-2.056780001916749822e-05
-1.843904648483862322e-05
-1.631072239021435659e-05
-1.422172550379976047e-05
-1.220156482413554441e-05
-1.027045122790423347e-05
-8.439719385380121464e-06
-6.712540819803406144e-06
-5.084883188495635200e-06
-3.546667635111665920e-06
-2.083074333996193304e-06
-6.759460850850649254e-07
6.947590952762530805e-07
2.049513272449838338e-06
3.407805719376404397e-06
4.786812287311992573e-06
6.200183472536622184e-06
7.656983400828878963e-06
9.160807689364577241e-06
1.070910403554361814e-05
1.229271546870008697e-05
1.389566231486710264e-05
1.549517471411631612e-05
1.706198266694852601e-05
1.856086498671008833e-05
1.995145234018006207e-05
2.118927292125727616e-05
2.222702225839034754e-05
2.301603123443440589e-05
2.350789881154630563e-05
2.365624860813281722e-05
2.341856178207300766e-05
2.275803290085481884e-05
2.164539077885608911e-05
2.006062283306378409e-05
1.799453966087159068e-05
1.545011659585871676e-05
1.244355116851805346e-05
9.004979813272648585e-06
5.178803892868282047e-06
1.023584167359670187e-06
-3.388525877131129589e-06
-7.972824125979491411e-06
-1.263358265496322344e-05
-1.726603425340294374e-05
-2.175879042287696215e-05
-2.599664103970547908e-05
-2.986366860267225561e-05
-3.324659385814644844e-05
-3.603825545896977668e-05
-3.814111497347222318e-05
-3.947067071791564188e-05
-3.995866009539634508e-05
-3.955593074118488506e-05
-3.823486593598127267e-05
-3.599125942698388429e-05
-3.284554885951485915e-05
-2.884333523302936648e-05
-2.405513775209354126e-05
-1.857535849556153876e-05
-1.252045855298571534e-05
-6.026375556699679146e-06
7.547593114426080194e-07
7.658519887453847305e-06
1.451258971864844178e-05
2.114154236182638882e-05
2.737185006516252705e-05
3.303696204105995433e-05
3.798228759839428095e-05
4.206991936756681054e-05
4.518293777305356252e-05
4.722914961319489818e-05
4.814413071488103603e-05
4.789346457520863578e-05
4.647409491728094681e-05
4.391473919981542619e-05
4.027534121580158850e-05
3.564557285103612638e-05
3.014242674145731980e-05
2.390697188695713098e-05
1.710037218941074620e-05
9.899292409057082524e-06
2.490836347923126753e-06
-4.932822517011998923e-06
-1.217994779296729192e-05
-1.906471015179799213e-05
-2.541244851326909316e-05
-3.106455870198638751e-05
-3.588285990020992247e-05
-3.975330830221921385e-05
-4.258895053236112034e-05
-4.433203560787220271e-05
-4.495523252244249543e-05
-4.446192991456956886e-05
-4.288562377446479990e-05
-4.028842776746727926e-05
-3.675876763494547302e-05
-3.240834553573493143e-05
-2.736848147085028948e-05
-2.178595648699078904e-05
-1.581849562096898540e-05
-9.630037077610695346e-06
-3.385937657214731079e-06
2.751737072671937753e-06
8.628695739881582543e-06
1.410254600252278099e-05
1.904644484694100503e-05
2.335217618849166221e-05
2.693257857547766746e-05
2.972326871426252123e-05
3.168363059426448350e-05
3.279706435238358825e-05
3.307051285088210288e-05
3.253330646778938699e-05
3.123538708860514886e-05
2.924499009921438671e-05
-3.664613220331611242e-05
-4.645994090365851762e-05
-5.582178299472376562e-05
-6.440219166171777141e-05
-7.187285441433185324e-05
-7.791878815938032546e-05
-8.225075645779591897e-05
-8.461745490244320842e-05
-8.481697584756441250e-05
-8.270706792725547433e-05
-7.821372959325781620e-05
-7.133771919385400507e-05
-6.215862602811607547e-05
-5.083622567808579657e-05
-3.760893632760627927e-05
-2.278929761570676598e-05
-6.756506149857917945e-06
1.005384204039080006e-05
2.716253657370004476e-05
4.406169004831125390e-05
6.023135277101513113e-05
7.515724492947788919e-05
8.834897965661169385e-05
9.935810574047401408e-05
1.077952786123723703e-04
1.133458744994736693e-04
1.157833960765656010e-04
1.149800783628607021e-04
1.109141896668596264e-04
1.036736316923810020e-04
9.345557206583493472e-05
8.056198718500979345e-05
6.539114828826327183e-05
4.842524324792947380e-05
3.021448463923945114e-05
1.135820478127544180e-05
-7.516425589504563247e-06
-2.577730252865067075e-05
-4.281107519476937736e-05
-5.804671028869005348e-05
-7.097800511109950182e-05
-8.118412919295224885e-05
-8.834732091175632887e-05
-9.226694851337052198e-05
-9.286926258544088029e-05
-9.021231588575065853e-05
-8.448570174482316806e-05
-7.600495802081224327e-05
-6.520069271814976804e-05
-5.260270201271377734e-05
-3.881956315436584125e-05
-2.451438493438888475e-05
-1.037757863268239003e-05
2.902335405226623389e-06
1.466875335653953442e-05
2.432663764969513436e-05
3.137055285450748057e-05
3.540986864019174385e-05
3.618997955692929922e-05
3.360850937695881958e-05
2.772563200695888914e-05
1.876784675406290500e-05
7.124786344146550644e-06
-6.661096749086701038e-06
-2.191183608817912252e-05
-3.783782945256911230e-05
-5.356758482895239350e-05
-6.818236164545417582e-05
-8.075449498867233065e-05
-9.038798983232214574e-05
-9.625982013587869866e-05
-9.766027202666461833e-05
-9.403063719737460953e-05
-8.499659591028378919e-05
-7.039572988074882293e-05
-5.029777245807882111e-05
-2.501643289106535270e-05
4.888083602757473047e-06
3.861640686549915475e-05
7.514736429291394041e-05
1.132651665696812190e-04
1.515958122125568965e-04
1.886517179621470574e-04
2.228832168363172668e-04
2.527352390100562384e-04
2.767072168816398772e-04
2.934140473878747452e-04
3.016458124220246359e-04
3.004239101043570232e-04
2.890512906756505631e-04
2.671546226104675468e-04
2.347164352613748963e-04
1.920955883152112003e-04
1.400347963947086243e-04
7.965437693888867822e-05
1.243187600502955258e-05
-5.983225729997012710e-05
-1.350622500286991357e-04
-2.109666220707436435e-04
-2.851081343307060182e-04
-3.549819210796673259e-04
-4.180992844989688266e-04
-4.720743372559912617e-04
-5.147104821868532000e-04
-5.440836266728517421e-04
-5.586190492897888295e-04
-5.571589698450017062e-04
-5.390181189184585714e-04
-5.040249533975922624e-04
-4.525466100396680460e-04
-3.854962156216024246e-04
-3.043217623360258781e-04
-2.109763910420437512e-04
-1.078705811328337989e-04
2.192599149524732851e-06
1.160973982124985897e-04
2.305080776472179292e-04
3.419715253096500501e-04
4.470264924825442733e-04
5.423158538442609481e-04
6.246981029800616810e-04
6.913542422961596254e-04
7.398863090330381293e-04
7.684039983282308153e-04
7.755961946525189625e-04
7.607846940937721758e-04
7.239579767022057740e-04
6.657835509216134288e-04
5.875981178812966776e-04
4.913755661327108646e-04
3.796735797450055509e-04
2.555603965615779001e-04
1.225239614228042760e-04
-1.563364502593902398e-05
-1.549130819138985825e-04
-2.912420859686442459e-04
-4.206031415382297293e-04
-5.391602116652819895e-04
-6.433802717549521287e-04
-7.301455541185077752e-04
-7.968527263242724482e-04
-8.414956764263596331e-04
-8.627291445802828720e-04
-8.599110994497230747e-04
-8.331224850384702681e-04
-7.831637359557928587e-04
-7.115282511716608440e-04
-6.203537983315338296e-04
-5.123535619915642932e-04
-3.907292231217971128e-04
-2.590690427691348685e-04
-1.212344016804948809e-04
1.876139659712214628e-05
1.568780314465539091e-04
2.891726726477635272e-04
4.119200428179378075e-04
5.217241835637181479e-04
6.156183972524755573e-04
6.911502750251042205e-04
7.464492588263448459e-04
7.802748006991632942e-04
7.920438551068171478e-04
7.818371469730803691e-04
7.503843745942750769e-04
6.990292062931809883e-04
6.296755872969837277e-04
5.447174663041477564e-04
4.469545605078913521e-04
3.394971879926585688e-04
2.256634957717204679e-04
1.088725926133344733e-04
-7.462845754798515426e-06
-1.200409957016142269e-04
-2.257690083610605007e-04
-3.218518074725797997e-04
-4.058689225706514766e-04
-4.758371866173370397e-04
-5.302576579391351554e-04
-5.681456987891365159e-04
-5.890437360426234751e-04
-5.930168225060962472e-04
-5.806316897827777353e-04
-5.529205166008404866e-04
-5.113311127888684826e-04
-4.576656235535302110e-04
-3.940101788797354364e-04
-3.226581396830684699e-04
-2.460297203838001778e-04
-1.665907947261054697e-04
-8.677361924844695807e-05
-8.902042150595002815e-06
6.487648616135182418e-05
1.326501081437822581e-04
1.927913481623531053e-04
2.439943068883614931e-04
2.852995209834908118e-04
3.161062049350184711e-04
3.361720400264931125e-04
3.456010990920165612e-04
3.448208813275853153e-04
3.345497671358951298e-04
3.157564786286455507e-04
2.896133393177265656e-04
2.574452616697563102e-04
2.206764511670675449e-04
1.807768010534948635e-04
1.392098671937698658e-04
9.738416405852363066e-05
5.660931876777090018e-05
1.805836965816964336e-05
-1.726279023255583600e-05
-4.853813408764977170e-05
-7.515601693617015504e-05
-9.671543624199006666e-05
-1.130242948406133167e-04
-1.240902067642440042e-04
-1.301046356519445189e-04
-1.314213621899988594e-04
-1.285304351858740628e-04
-1.220288666990275331e-04
-1.125893834751495184e-04
-1.009285449598666548e-04
-8.777548487531336787e-05
-7.384243381431755996e-05
-5.979804163592143489e-05
-4.624434866554919096e-05
-3.369806223642209255e-05
-2.257658863828687867e-05
-1.318905875732821834e-05
-5.732376965768921830e-06
-2.921249186682540414e-07
3.152028241788681602e-06
4.716914259184262542e-06
4.603085645661640667e-06
3.079395772420765332e-06
4.657292450869476570e-07
-2.885300925622850433e-06
-6.606880261016703998e-06
-1.033597357592217343e-05
-1.373005613736135661e-05
-1.648198264760560247e-05
-1.833249164563691827e-05
-1.907996712263151581e-05
-1.858721159488101085e-05
-1.678511948372706013e-05
-1.367327048593570840e-05
-9.317584454132533646e-06
-3.845287982016130977e-06
2.562464691453949898e-06
9.679899988356046719e-06
1.724739251943980566e-05
2.498318979483289001e-05
3.259558162515606650e-05
3.979501188279111845e-05
4.630565934467198452e-05
5.187606011820512168e-05
5.628840398958938123e-05
5.936620764180573431e-05
6.098014547533946612e-05
6.105190035805226924e-05
5.955597905487023823e-05
5.651951743037918847e-05
5.202017568061291335e-05
4.618229084935387778e-05
3.917151031364413355e-05
3.118817413984094800e-05
2.245974536406025379e-05
1.323260521484684725e-05
3.763535365634983237e-06
-5.688798044911360611e-06
-1.487206281257330798e-05
-2.354791469557857765e-05
-3.149885734275172620e-05
-3.853412122106203148e-05
-4.449442107686740939e-05
-4.925549957330121304e-05
-5.273041262905896448e-05
-5.487055769920828142e-05
-5.566548805659252575e-05
-5.514159282699693059e-05
-5.335975338756740775e-05
-5.041211132147074999e-05
-4.641810113171314698e-05
-4.151991229269618025e-05
-3.587755021021161572e-05
-2.966366465716628047e-05
-2.305830768759697399e-05
-1.624377160055514086e-05
-9.399642336256507004e-06
-2.698186019974469115e-06
3.699832720076703734e-06
9.648821844383362762e-06
1.502146354055618001e-05
1.971120691713849820e-05
2.363413019819458980e-05
2.673016666869385731e-05
2.896370196085872338e-05
3.032356120418170208e-05
3.082241347986009605e-05
3.049562850883888825e-05
2.939962705873814625e-05
2.760977240720832254e-05
2.521785542770513776e-05
2.232923060298539945e-05
1.905966474692874838e-05
1.553196466613659089e-05
1.187245454073635125e-05
8.207378294561565700e-06
4.659306254452301658e-06
1.343628568107947164e-06
-1.634780079175502103e-06
-4.184639140309334552e-06
-6.230999820632930036e-06
-7.717560048722488125e-06
-8.608480468860779146e-06
-8.889633018230816164e-06
-8.569224388901243905e-06
-7.677750341373755575e-06
-6.267253414072610103e-06
-4.409875860177466118e-06
-2.195721187803615615e-06
2.699391348184223207e-07
2.870053104332246117e-06
5.479684797893399571e-06
7.970312097448716441e-06
1.021439674830564384e-05
1.209008097069753151e-05
1.348585247570098033e-05
1.430501271376369772e-05
1.446978203800355860e-05
1.392488054349837694e-05
1.264043473972475532e-05
1.061407777777997834e-05
7.872134404031283736e-06
4.469810733059563184e-06
4.903425846445316012e-07
-3.956906732290322697e-06
-8.739369297136765786e-06
-1.370514698122870010e-05
-1.868773023917519175e-05
-2.351141878663402880e-05
-2.799727034644008890e-05
-3.196937774635306241e-05
-3.526125545808534264e-05
-3.772210529812161065e-05
-3.922272825918765322e-05
-3.966085567934634487e-05
-3.896568818035894821e-05
-3.710145466979702011e-05
-3.406983543237779289e-05
-2.991113170706823077e-05
-2.470410764318091461e-05
-1.856447762727532312e-05
-1.164206120649678141e-05
-4.116677571107961937e-06
3.807100162397567086e-06
1.190616593387972547e-05
1.994587293668846582e-05
2.768756112576201979e-05
3.489636090191977158e-05
4.134900017683148377e-05
4.684133839092136396e-05
5.119535748681965391e-05
5.426535613748612253e-05
5.594311932559037294e-05
5.616186996301604078e-05
5.489885143869963725e-05
5.217643822992497392e-05
4.806172426014129404e-05
4.266459362959752863e-05
3.613433358302490801e-05
2.865490291016566148e-05
2.043901828548854620e-05
1.172126444965821153e-05
2.750470001440487720e-06
-6.218382415324318638e-06
-1.493242559897696469e-05
-2.314906444915192901e-05
-3.064373165442919926e-05
-3.721696950215536631e-05
-4.270059045636676444e-05
-4.696270391032246813e-05
-4.991143900566183714e-05
-5.149724200938515936e-05
-5.171367976348589498e-05
-5.059673625799570684e-05
-4.822264524845959623e-05
-4.470435578996329810e-05
-4.018677748066839877e-05
-3.484099621545183210e-05
-2.885768773872969268e-05
-2.243998397995915458e-05
-1.579606509173619948e-05
-9.131757617388407234e-06
-2.643415988689256908e-06
3.488649307301582874e-06
9.105957602346307598e-06
1.407665206284879330e-05
1.829913732220376089e-05
2.170444376543018212e-05
2.425725324251193002e-05
2.595557481663105930e-05
2.682911292049252995e-05
2.693642186972005991e-05
2.636098808096032833e-05
2.520642273711112011e-05
2.359098134254624925e-05
2.164165117125490593e-05
1.948806202821246522e-05
1.725647954527245799e-05
1.506413339923012872e-05
1.301411576035786892e-05
1.119105879205052796e-05
9.657765368665257813e-06
8.452925836726362210e-06
7.590007224285670454e-06
7.057351555882997223e-06
6.819468734656746121e-06
6.819458760350905423e-06
6.982449868739798050e-06
7.219895553779197010e-06
7.434536360538640431e-06
7.525803550279555149e-06
7.395422527616348221e-06
6.952965041284403905e-06
6.121100866349933137e-06
4.840311732487113242e-06
3.072852097190022551e-06
8.057721127802457028e-07
-1.947143326794859316e-06
-5.144620729355747025e-06
-8.718381317028574788e-06
-1.257486183419173853e-05
-1.659812126298370320e-05
-2.065383171796676286e-05
-2.459420540365419420e-05
-2.826366875974492903e-05
-3.150506147100115177e-05
-3.416611331323758855e-05
-3.610593696712634357e-05
-3.720127067159921389e-05
-3.735221114114032888e-05
-3.648719429424152137e-05
-3.456700836214277506e-05
-3.158765980974515117e-05
-2.758195580554382483e-05
-2.261971604347472501e-05
-1.680657964526156961e-05
-1.028142758641056899e-05
-3.212495407371269061e-06
4.207697308569636797e-06
1.176842716010081228e-05
1.924764275246036688e-05
2.641938941724585797e-05
3.306151272439125823e-05
3.896335748400064615e-05
4.393317661612932887e-05
4.780497306511113128e-05
5.044451757945072733e-05
5.175431489526884283e-05
5.167732942116919629e-05
5.019932731436241362e-05
4.734974300415047767e-05
4.320103280217422071e-05
3.786653425083900926e-05
3.149690527130606952e-05
2.427526989824637497e-05
1.641124534638410790e-05
8.134066365713574052e-06
-3.149444178773717830e-07
-8.690288524496876221e-06
-1.675030197191765263e-05
-2.426497841659386521e-05
-3.102332883717870302e-05
-3.684002121101970922e-05
-4.156107293285534967e-05
-4.506840635426188088e-05
-4.728312211048467525e-05
-4.816739394469151926e-05
-4.772494055654314418e-05
-4.600008259292499873e-05
-4.307544425750720252e-05
-3.906840718237220342e-05
-3.412646738395703550e-05
-2.842168279704634486e-05
-2.214442782616627515e-05
-1.549669163076682033e-05
-8.685167823097480932e-06
-1.914384641251914713e-06
4.619883359123995356e-06
1.073669788212586803e-05
1.627533424383440164e-05
2.109978542993094550e-05
2.510226154403750369e-05
2.820559389638092478e-05
3.036449574108391141e-05
3.156567497005165256e-05
3.182683626487953888e-05
3.119464969480958852e-05
2.974179804271282385e-05
2.756324497959117861e-05
2.477188964315925465e-05
2.149378958332066799e-05
1.786314306743564659e-05
1.401722329182301122e-05
1.009145129404328888e-05
6.214781764827259500e-06
2.505557250874612262e-06
-9.320376338839485124e-07
-4.010818309611851733e-06
-6.662665757237152230e-06
-8.839774946615676921e-06
1.350795690390014545e-05
1.352295309133604777e-05
1.319563199216762732e-05
1.253387844224546497e-05
1.155516434095559351e-05
1.028602128450738458e-05
8.761220784827863827e-06
7.022689396943165026e-06
5.118195594461875502e-06
3.099853443096288538e-06
1.022494701810192625e-06
-1.058034333348278137e-06
-3.086592327858005442e-06
-5.010419431658210029e-06
-6.780713326531938804e-06
-8.354051274868901057e-06
-9.693610632922766435e-06
-1.077014805713376489e-05
-1.156270687449179200e-05
-1.205903244469264301e-05
-1.225568640468984698e-05
-1.215786201743831992e-05
-1.177891399655136291e-05
-1.113962670417568260e-05
-1.026725410259010127e-05
-9.194372905333160801e-06
-7.957596703772281711e-06
-6.596203194269842665e-06
-5.150728835968715340e-06
-3.661585255584209000e-06
-2.167749502097224783e-06
-7.055759514221199004e-07
6.922285336761287746e-07
1.997432394339952559e-06
3.186885408411002769e-06
4.242888221860510945e-06
5.153321050286470124e-06
5.911537638145844266e-06
6.516040533821646868e-06
6.969962836274682245e-06
7.280389405880189415e-06
7.457556775870091703e-06
7.513975389403595057e-06
7.463520139936053661e-06
7.320535418092152089e-06
7.098998969368938852e-06
6.811784940264650098e-06
6.470060722083568833e-06
6.082844859629310549e-06
5.656744714619639940e-06
5.195883155342963296e-06
4.702013718240412557e-06
4.174813907321327008e-06
3.612337017640915147e-06
3.011594524043478343e-06
2.369234061706702783e-06
1.682272679646729632e-06
9.488416388121929776e-07
1.688977342272708207e-07
-6.551429669001115137e-07
-1.517889974375907458e-06
-2.410617630153237632e-06
-3.321087532501389231e-06
-4.233574263330882333e-06
-5.129104724637027573e-06
-5.985910798467641107e-06
-6.780084168780780419e-06
-7.486411484648357727e-06
-8.079358105019790985e-06
-8.534159926736570605e-06
-8.827975697208747296e-06
-8.941047124665114706e-06
-8.857811313883937309e-06
-8.567909769146135973e-06
-8.067040506945012836e-06
-7.357604683034991587e-06
-6.449106420604600054e-06
-5.358273975919493383e-06
-4.108881638784941458e-06
-2.731264391342903190e-06
-1.261530819962628381e-06
2.595064822641127305e-07
1.787650374074951434e-06
3.276843365811288352e-06
4.680840493322952877e-06
5.954965911977721088e-06
7.057881892954881174e-06
7.953295430710795625e-06
8.611527340967164366e-06
9.010871667486649458e-06
9.138679409932454114e-06
8.992109879132324123e-06
8.578505085557642265e-06
7.915357046291132733e-06
7.029854212916091278e-06
5.958010738194856703e-06
4.743400300948701472e-06
3.435533939398299404e-06
2.087938032678323309e-06
7.560034660108637465e-07
-5.053105842330021580e-07
-1.643825522582212628e-06
-2.612446475410333566e-06
-3.371319640032272280e-06
-3.889746315937499222e-06
-4.147762877909819509e-06
-4.137306852900303746e-06
-3.862903967257961758e-06
-3.341829052422987776e-06
-2.603714391967563995e-06
-1.689601681600823708e-06
-6.504573695358443724e-07
4.548052133034409046e-07
1.561730832032978218e-06
2.603067584823357370e-06
3.511747685635317753e-06
4.223984963833938989e-06
4.682360612668845278e-06
4.838764126797496598e-06
4.657057204022159264e-06
4.115334814445666899e-06
3.207669599983218220e-06
1.945242964200197109e-06
3.567881234035069361e-07
-1.511703723779405330e-06
-3.598034019982345990e-06
-5.825593291968245991e-06
-8.105860809419051976e-06
-1.034153376727022743e-05
-1.243018305856665506e-05
-1.426830659073385052e-05
-1.575562930558966821e-05
-1.679948265220688357e-05
-1.731908610830522062e-05
-1.724955010052607504e-05
-1.654542372612609769e-05
-1.518362213176592754e-05
-1.316558706256325877e-05
-1.051855945734410731e-05
-7.295874242423272791e-06
-3.576223604449377476e-06
5.381252950056992025e-07
4.924130453450377831e-06
9.441723114730527321e-06
1.393839299116817322e-05
1.825446185126303940e-05
2.222886337293198316e-05
2.570521996964775393e-05
2.853798756297486606e-05
3.059842806175437180e-05
3.178016736764591020e-05
3.200410446095290910e-05
3.122245455066995833e-05
2.942173602820374247e-05
2.662454629709532373e-05
2.289001434316273817e-05
1.831286667111211111e-05
1.302109615336197155e-05
7.172278397745538297e-06
9.486353193320928359e-07
-5.449001486728174253e-06
-1.180812641925353208e-05
-1.791215135083662219e-05
-2.354837598747997287e-05
-2.851603655960666318e-05
-3.263412001927090878e-05
-3.574863084725961391e-05
-3.773901007211170921e-05
-3.852343095651456444e-05
-3.806273227581024980e-05
-3.636279708957287563e-05
-3.347524095584091962e-05
-2.949633682208954402e-05
-2.456417208427184100e-05
-1.885410391166150810e-05
-1.257264901653620367e-05
-5.950010643559501218e-06
7.684941877754693728e-07
7.331792842338014343e-06
1.349284623839663337e-05
1.901848783601901041e-05
2.369891922043306683e-05
2.735647267471036029e-05
2.985327061001943604e-05
3.109744663099708287e-05
3.104764235826758657e-05
2.971555631266820953e-05
2.716639400149923635e-05
2.351714912123574738e-05
1.893273137966249879e-05
1.362004350316341635e-05
7.820195124953791915e-06
1.799121029810310052e-06
-4.163057660688426179e-06
-9.783531379226452582e-06
-1.478871604640695649e-05
-1.892611149420098517e-05
-2.197562243359802610e-05
-2.375986860791455194e-05
-2.415303839320118607e-05
-2.308788603004002484e-05
-2.056053544628631827e-05
-1.663283120280296322e-05
-1.143206688806388613e-05
-5.148020185532533365e-06
1.972671792373943801e-06
9.634657403915206406e-06
1.750429268940472622e-05
2.522200106828357069e-05
3.241614427274060076e-05
3.871790601235458590e-05
4.377663496581390545e-05
4.727505869307285319e-05
4.894376674680928915e-05
4.857437066764628181e-05
4.603078092580444155e-05
4.125809563011434541e-05
3.428867149970131034e-05
2.524504187858375752e-05
1.433945635010857008e-05
1.869937940937935325e-06
-1.178711732929671379e-05
-2.618764228477542252e-05
-4.083361605437978484e-05
-5.518938878236788828e-05
-6.870009427211237686e-05
-8.081153642923319608e-05
-9.099086059575329198e-05
-9.874726942500918034e-05
-1.036520174465966742e-04
-1.053569206731333517e-04
-1.036106482167061340e-04
-9.827212148884274584e-05
-8.932043164576537373e-05
-7.686079505737271355e-05
-6.112619643749812805e-05
-4.247451570249574898e-05
-2.138109254905909507e-05
1.573153519531905438e-06
2.571776632424602145e-05
5.031252023115813517e-05
7.457032656828402426e-05
9.768256594580850493e-05
1.188460272430196012e-04
1.372905546557174413e-04
1.523064544512159996e-04
1.632706951726995977e-04
1.696709505888346100e-04
1.711265844348014041e-04
1.674057592624417375e-04
1.584379662403899327e-04
1.443214149616602916e-04
1.253248878044842067e-04
1.018838469800172227e-04
7.459077803679726331e-05
4.417995449506170920e-05
1.150700744058724963e-05
-2.247612559772420326e-05
-5.675012312427728413e-05
-9.026017114900094325e-05
-1.219497964350502823e-04
-1.507955228481584406e-04
-1.758411782274632096e-04
-1.962306656327537870e-04
-2.112380411008401649e-04
-2.202938103477788826e-04
-2.230064677038169586e-04
-2.191784487577924493e-04
-2.088158492648815900e-04
-1.921314713251559949e-04
-1.695409866632157899e-04
-1.416522474609994238e-04
-1.092480184312322975e-04
-7.326264077040680451e-05
-3.475336050858606157e-05
5.132748355736098069e-06
4.519516988718902330e-05
8.421841832729391958e-05
1.210112894719577131e-04
1.544455475711935906e-04
1.834927161213779066e-04
2.072577022876524277e-04
2.250080931685020859e-04
2.361981133893971191e-04
2.404864214135522349e-04
2.377471388049858013e-04
2.280737440121649703e-04
2.117757114470698605e-04
1.893680288847788802e-04
1.615539723364564574e-04
1.292017487242671679e-04
9.331582516509435857e-05
5.500394263216371282e-05
1.544095484057035443e-05
-2.416926523921784903e-05
-6.263255261328284440e-05
-9.880250295332535697e-05
-1.316165785141677042e-04
-1.601290750263827957e-04
-1.835398785661798823e-04
-2.012180996439590693e-04
-2.127198605271023147e-04
-2.177997231456964202e-04
-2.164154704768482020e-04
-2.087261858291967640e-04
-1.950838036078906287e-04
-1.760185236861809891e-04
-1.522186820402217974e-04
-1.245058465321798730e-04
-9.380605320464323565e-05
-6.111821056915257529e-05
-2.748077386470040352e-05
6.062173435954803960e-06
3.849429751926306562e-05
6.885876019933135142e-05
9.628731959739113559e-05
1.200258827671711739e-04
1.394557463688240843e-04
1.541099232972121342e-04
1.636841317374328523e-04
1.680422117203012587e-04
1.672159261336096799e-04
1.613992919769947779e-04
1.509377674065578642e-04
1.363127847999187148e-04
1.181222639374482233e-04
9.705785768334595142e-05
7.387977203217142982e-05
4.939006118142360170e-05
2.440532530468476116e-05
-2.702663972525468474e-07
-2.387074100880311905e-05
-4.569205413472182692e-05
-6.511305800927039969e-05
-8.161308677700538738e-05
-9.478567053476290858e-05
-1.043480330594255155e-04
-1.101461789245636541e-04
-1.121555284865256050e-04
-1.104772092240460400e-04
-1.053302546235695936e-04
-9.704009248455493252e-05
-8.602381872001063677e-05
-7.277284715602013918e-05
-5.783359845564289093e-05
-4.178694060579734801e-05
-2.522711802763256305e-05
-8.740905520843784726e-06
7.112302602724320303e-06
2.181880712307973619e-05
3.492673192422840993e-05
4.605946513320004345e-05
5.492601944762076220e-05
6.132803611174389132e-05
6.516328263009338697e-05
6.642562248906821445e-05
6.520156133618609871e-05
6.166359362017291036e-05
5.606068222735991375e-05
4.870629749805248290e-05
3.996451838975173038e-05
3.023475537280507610e-05
1.993569033189452456e-05
9.489042291998950324e-06
-6.962411919365484730e-07
-1.023879819285507926e-05
-1.879815490987668978e-05
-2.608606887323241489e-05
-3.187554959356272613e-05
-3.600728890184824786e-05
-3.839333591072691067e-05
-3.901795750866341762e-05
-3.793573094933217789e-05
-3.526701683161096086e-05
-3.119105492815570606e-05
-2.593700839727031181e-05
-1.977335082645460639e-05
-1.299604298076600770e-05
-5.915980628778669991e-06
1.153789282061611218e-06
7.910589580437223177e-06
1.407389740215795952e-05
1.939595716845101872e-05
2.367084140954809658e-05
2.674164695349687829e-05
2.850559231529449096e-05
2.891686721282444865e-05
2.798717383557994520e-05
2.578398854196099001e-05
2.242665871936372845e-05
1.808052951358195119e-05
1.294936629245283500e-05
7.266398641374751143e-06
1.284358317760876386e-06
-4.735084660335206972e-06
-1.053206761639100542e-05
-1.585904226968316768e-05
-2.049063861681271992e-05
-2.423251162546779576e-05
-2.692884105137002501e-05
-2.846821084635037792e-05
-2.878766029072844267e-05
-2.787477155013986954e-05
-2.576773510248811657e-05
-2.255341268505093981e-05
-1.836349424909747340e-05
-1.336891785035173062e-05
-7.772786537764305898e-06
-1.802071802922182625e-06
4.301562717563821336e-06
1.029145231024518350e-05
1.592575489469375992e-05
2.097702298380084266e-05
2.524115206416590709e-05
2.854536019115443149e-05
3.075489320242667823e-05
3.177820122837288582e-05
3.157039327172978834e-05
3.013484502410523764e-05
2.752290791673803238e-05
2.383174185100713405e-05
1.920036735283281058e-05
1.380410213518159573e-05
7.847609349351743110e-06
1.556837718771117927e-06
-4.829824547871394577e-06
-1.107083106334240680e-05
-1.693082742696243179e-05
-2.218970306274084531e-05
-2.665099136116229721e-05
-3.014929255592834441e-05
-3.255643443265849874e-05
-3.378613796809432437e-05
-3.379701619361059547e-05
-3.259380236546960223e-05
-3.022677518193768123e-05
-2.678942139830350335e-05
-2.241444653237934613e-05
-1.726830926787392895e-05
-1.154451201779358097e-05
-5.455926827884773079e-06
7.735292939835566010e-07
6.917533700330331950e-06
1.275596813994244197e-05
1.808316157759062823e-05
2.271544749774371023e-05
2.649774960228856691e-05
2.930895308085608957e-05
3.106587111162782683e-05
3.172567570942233322e-05
3.128672581512399118e-05
2.978779075583588354e-05
2.730573117320937092e-05
2.395175973523243950e-05
1.986645810183410788e-05
1.521377262108503155e-05
1.017424740694059637e-05
4.937778522813536381e-06
-3.038139574661816020e-07
-5.364098655092692418e-06
-1.006894463194003809e-05
-1.426276946460078886e-05
-1.781389412746650107e-05
-2.061881691409964750e-05
-2.260526684766048233e-05
-2.373394949689770317e-05
-2.399895278527978710e-05
-2.342683525859072893e-05
-2.207447207615632933e-05
-2.002578227006577045e-05
-1.738750246852101253e-05
-1.428420581754852646e-05
-1.085278927826040159e-05
-7.236667151981272903e-06
-3.579913248439120524e-06
-2.158865517181635997e-08
3.309522926601941189e-06
6.299574029880825670e-06
8.853539414993955953e-06
1.089819924990217589e-05
1.238413067829736304e-05
1.328666240774910989e-05
1.360579080027050157e-05
1.336509836595213624e-05
1.260975488880897131e-05
1.140371623336944326e-05
9.826264891295442616e-06
7.968058370092849599e-06
5.926865816808347724e-06
3.803179547066163322e-06
1.695886557216445272e-06
-3.018239727027971538e-07
-2.106157091610873111e-06
-3.645874204993230118e-06
-4.864809555046963349e-06
-5.723660248450559424e-06
-6.201001860082406966e-06
-6.293515225013423388e-06
-6.015442934366802675e-06
-5.397324997736157096e-06
-4.484090993155520142e-06
-3.332609782362382068e-06
-2.008816657496810136e-06
-5.845509882879204357e-07
8.657552373455216519e-07
2.268396162449601711e-06
3.553580594820763774e-06
4.658362530117547392e-06
5.529200434417289113e-06
6.124050734774825676e-06
6.413922866780611433e-06
6.383847367106598418e-06
1.094911418531189110e-05
1.156855148248211554e-05
1.191406272762908882e-05
1.198006691523613100e-05
1.176873347983353598e-05
1.128981384464409288e-05
1.056023006955751861e-05
9.603436413426554870e-06
8.448577825745687378e-06
7.129476701486187770e-06
5.683485379007878564e-06
4.150246586839420550e-06
2.570407157182076094e-06
9.843316915020884344e-07
-5.691375752728202241e-07
-2.053830700125001430e-06
-3.437269682291402235e-06
-4.691523280272617189e-06
-5.793869284377579001e-06
-6.727244447216575866e-06
-7.480470934354691249e-06
-8.048257210687710374e-06
-8.430980354241873574e-06
-8.634265514266535556e-06
-8.668386242673999098e-06
-8.547516391559398943e-06
-8.288869890619654786e-06
-7.911768758074530177e-06
-7.436681985115955070e-06
-6.884278369545884869e-06
-6.274534940957668080e-06
-5.625939379916363032e-06
-4.954819927742744081e-06
-4.274829925142814999e-06
-3.596606584604322181e-06
-2.927615223342045869e-06
-2.272181329474490451e-06
-1.631703895972958186e-06
-1.005034832860480918e-06
-3.890013452589825581e-07
2.209586975332680938e-07
8.300838630960293059e-07
1.443538040843177840e-06
2.065662455823900736e-06
2.699272257491614307e-06
3.345037277142154327e-06
4.000982805088622187e-06
4.662140754368860864e-06
5.320374580274224831e-06
5.964393113734496914e-06
6.579959400059486065e-06
7.150291115012675028e-06
7.656639586454835428e-06
8.079025318554160088e-06
8.397099622376840024e-06
8.591094896942130940e-06
8.642820625649970978e-06
8.536658537059203141e-06
8.260508831248983109e-06
7.806640010384959547e-06
7.172397696841169192e-06
6.360732798837823694e-06
5.380516319966056318e-06
4.246616741690112241e-06
2.979725891548257360e-06
1.605930130535051843e-06
1.560350856237368226e-07
-1.335336480280353858e-06
-2.830843237837354006e-06
-4.291680080735114992e-06
-5.678940620173082211e-06
-6.955032487401466629e-06
-8.085086417743080046e-06
-9.038298461119682114e-06
-9.789145682353422292e-06
-1.031841941231077964e-05
-1.061402640393180792e-05
-1.067151693413276398e-05
-1.049430966112897670e-05
-1.009359548412676223e-05
-9.487916260733486850e-06
-8.702428453171976149e-06
-7.767875990365740493e-06
-6.719310223541302025e-06
-5.594607200579803841e-06
-4.432843006461109999e-06
-3.272596092527968369e-06
-2.150250910031808198e-06
-1.098379444197579660e-06
-1.442762088378707253e-07
6.912821593462050536e-07
1.394989296257287224e-06
1.961620898807877354e-06
2.394266844567232234e-06
2.704160344267848778e-06
2.910098213147320280e-06
3.037464653950447762e-06
3.116889410305551132e-06
3.182588976103889925e-06
3.270455934739816250e-06
3.415975684272207888e-06
3.652061079529028929e-06
4.006903286831139196e-06
4.501940925475058592e-06
5.150049038313813888e-06
5.954044438345798371e-06
6.905594548962059729e-06
7.984603211037679060e-06
9.159129476055439886e-06
1.038587472377777684e-05
1.161125027784452494e-05
1.277301291953739105e-05
1.380243029794515269e-05
1.462691324849467177e-05
1.517302853015856052e-05
1.536978452441893400e-05
1.515206499316066745e-05
1.446407294905026733e-05
1.326263878505085359e-05
1.152024459134168029e-05
9.227620397656209709e-06
6.395778022579720287e-06
3.057364147357671743e-06
-7.327642316493358283e-07
-4.897812316854214230e-06
-9.340207733624473292e-06
-1.394365457284801378e-05
-1.857605192015877461e-05
-2.309321164903213266e-05
-2.734327533692566207e-05
-3.117169765927774394e-05
-3.442663492471347117e-05
-3.696455383614031349e-05
-3.865585824124513636e-05
-3.939032151018807511e-05
-3.908210993426040121e-05
-3.767418857489692775e-05
-3.514191539104858687e-05
-3.149565198872423578e-05
-2.678224939288971707e-05
-2.108530394294685966e-05
-1.452412056810231444e-05
-7.251366860158591884e-06
5.505501275339271131e-07
8.674303370355438160e-06
1.689353295444621613e-05
2.496962758094406848e-05
3.265918792449540970e-05
3.972192664620102998e-05
4.592873547662172803e-05
5.106963485080487586e-05
5.496131696445436904e-05
5.745399932027924394e-05
5.843732292929472427e-05
5.784505698202054176e-05
5.565840924403830351e-05
5.190778748832037154e-05
4.667291041128898959e-05
4.008122482879411617e-05
3.230464739509150912e-05
2.355471133729012564e-05
1.407625936295785872e-05
4.139880593791844692e-06
-5.966660188964379179e-06
-1.594771063939126056e-05
-2.550941407350808911e-05
-3.436944542304173509e-05
-4.226644999748719461e-05
-4.896884082317773531e-05
-5.428262921547565467e-05
-5.805799480412660415e-05
-6.019434445878087537e-05
-6.064366301233015924e-05
-5.941202055030148435e-05
-5.655916915195475700e-05
-5.219623377446538194e-05
-4.648157465344562156e-05
-3.961496930482979816e-05
-3.183032813315238914e-05
-2.338721594037449370e-05
-1.456149960140396862e-05
-5.635477649815141525e-06
3.112130982079539118e-06
1.141595523022756733e-05
1.903312223514101427e-05
2.575143934509222277e-05
3.139629687515225098e-05
3.583603354147669155e-05
3.898557037151582623e-05
4.080819110022660540e-05
4.131542443420192285e-05
4.056506253805892813e-05
3.865742704342157949e-05
3.573006543556176621e-05
3.195112376399561997e-05
2.751169346953415452e-05
2.261746848255261752e-05
1.748007215659303989e-05
1.230842126697788644e-05
7.300485950982895218e-06
2.635780420848456753e-06
-1.531119334402886650e-06
-5.075785890268411213e-06
-7.907695102945464029e-06
-9.972409875260500691e-06
-1.125214973911123187e-05
-1.176477537377264897e-05
-1.156128629360453578e-05
-1.072199260228593636e-05
-9.351575251454468404e-06
-7.573291616271387722e-06
-5.522612941103755295e-06
-3.340596324758420220e-06
-1.167295903124927928e-06
8.644941041275544188e-07
2.634896889652072228e-06
4.041780153283531042e-06
5.004568144525298464e-06
5.466907633465362620e-06
5.398115123462462992e-06
4.793392788000632964e-06
3.672859662948125078e-06
2.079499678870161237e-06
7.617656615447776123e-08
-2.258094742419785520e-06
-4.832401692236452096e-06
-7.548477217967546746e-06
-1.030529243869138654e-05
-1.300346665991504161e-05
-1.554928145048299574e-05
-1.785811482037990628e-05
-1.985714953203597064e-05
-2.148725463323533386e-05
-2.270398930886850903e-05
-2.347773042533938265e-05
-2.379297660561998030e-05
-2.364692929218306465e-05
-2.304749235259355515e-05
-2.201086417947301476e-05
-2.055891831474748535e-05
-1.871657930536779386e-05
-1.650939914149684583e-05
-1.396152604759073201e-05
-1.109423199422221595e-05
-7.925129232318153086e-06
-4.468161273763641145e-06
-7.344023385926756460e-07
3.266356086408871192e-06
7.523309438378529885e-06
1.202176740480782015e-05
1.673988610526010043e-05
2.164522790450694952e-05
2.669140169051928619e-05
3.181505329889094177e-05
3.693347776695987862e-05
4.194311132358499532e-05
4.671913146491050225e-05
5.111634911263628430e-05
5.497151941444419418e-05
5.810712946117739216e-05
6.033664488189559142e-05
6.147111638183667124e-05
6.132696560513895370e-05
5.973469121039318348e-05
5.654816500909597447e-05
5.165412864622910354e-05
4.498145698210777603e-05
3.650972747867121471e-05
2.627662742918271982e-05
1.438374439882555424e-05
1.000320745746447523e-06
-1.363538942310399552e-05
-2.921744431416877852e-05
-4.537640668178046270e-05
-6.168648050787855466e-05
-7.767554697204185525e-05
-9.283792708709911199e-05
-1.066495698704498216e-04
-1.185852407879376205e-04
-1.281371711116027073e-04
-1.348345305157312430e-04
-1.382630081596027008e-04
-1.380837362792902755e-04
-1.340507682445708294e-04
-1.260263322604113527e-04
-1.139931236611846225e-04
-9.806297322282334561e-05
-7.848133467814664261e-05
-5.562716868482514928e-05
-3.000795881391671673e-05
-2.249772664216835336e-06
2.691752839610319517e-05
5.667963169104175036e-05
8.616117592638559172e-05
1.144525403915163059e-04
1.406391843659678521e-04
1.638325643829375601e-04
1.832015536352544181e-04
1.980032221422148959e-04
2.076118125335045788e-04
2.115447672866504548e-04
2.094847297779488617e-04
2.012965523775417159e-04
1.870384971470602747e-04
1.669670038740863705e-04
1.415346198145723243e-04
1.113809279380496766e-04
7.731656751220594682e-05
4.030070398762574600e-05
1.412564819157996422e-06
-3.818209667345974577e-05
-7.726852718967991082e-05
-1.146232223293337527e-04
-1.490554913162482533e-04
-1.794488408907544551e-04
-2.048006480322813372e-04
-2.242586163401525464e-04
-2.371525957623552971e-04
-2.430204884518946142e-04
-2.416271607410741876e-04
-2.329755258842038167e-04
-2.173092455186076172e-04
-1.951068091250051815e-04
-1.670670780845979965e-04
-1.340867112539108872e-04
-9.723020887203840149e-05
-5.769360766550024616e-05
-1.676311947725780792e-05
2.422978277157098571e-05
6.395517391219850546e-05
1.011316326636262585e-04
1.345715768002415718e-04
1.632232586600962365e-04
1.862078207398932313e-04
2.028499936835365320e-04
2.127012581272951820e-04
2.155545782515246966e-04
2.114501378667411522e-04
2.006718573955120681e-04
1.837348285984193020e-04
1.613641585372547441e-04
1.344660501282147265e-04
1.040922498209108035e-04
7.139925132076562939e-05
3.760384769413229497e-05
3.936764632615915530e-06
-2.840382039199354828e-05
-5.829706760264054114e-05
-8.474083805848021597e-05
-1.068880346834868739e-04
-1.240765278501026125e-04
-1.358515298892004814e-04
-1.419795858025279904e-04
-1.424536837424762519e-04
-1.374893449297885325e-04
-1.275119138513382364e-04
-1.131356210450111332e-04
-9.513531854510128330e-05
-7.441207913074319579e-05
-5.195409313350621473e-05
-2.879448064972210637e-05
-5.967754724537469870e-06
1.553328248124593631e-05
3.479845483384593494e-05
5.103728031023917840e-05
6.361069771338520465e-05
7.205618173713508210e-05
7.610525094789499583e-05
7.569268779337815238e-05
7.095713137290383943e-05
6.223305859915360429e-05
5.003452307640390297e-05
3.503135910594376318e-05
1.801886681601095328e-05
-1.177392603084583336e-07
-1.844262251814672896e-05
-3.601070987358830625e-05
-5.190943801755798200e-05
-6.529911299677659429e-05
-7.545019213680931541e-05
-8.177592348910790688e-05
-8.385896974900862943e-05
-8.147089316052597116e-05
-7.458367457420162004e-05
-6.337277097880457746e-05
-4.821156760872186137e-05
-2.965743827208239760e-05
-8.429975575620711448e-06
1.461772354020782724e-05
3.853354536046621693e-05
6.230521105368769035e-05
8.490190424321028995e-05
1.053169728056514422e-04
1.226099599464207791e-04
1.359462478477565215e-04
1.446326954667149589e-04
1.481478161903971723e-04
1.461652638288300603e-04
1.385696670820713928e-04
1.254641616515223446e-04
1.071693027702019389e-04
8.421338547262688292e-05
5.731454168707499715e-05
2.735530888493065553e-05
-4.649338226850304259e-06
-3.758924566077515803e-05
-7.030017612966394172e-05
-1.016071467557366504e-04
-1.303683321543047755e-04
-1.555178431088139466e-04
-1.761057438251174075e-04
-1.913337869409523358e-04
-2.005855197860578689e-04
-2.034496404159103758e-04
-1.997357485979740126e-04
-1.894819345964313302e-04
-1.729539653026884727e-04
-1.506361501213218125e-04
-1.232142849770859997e-04
-9.155136946723839756e-05
-5.665705833048641997e-05
-1.965203403042713843e-05
1.827133622130881877e-05
5.589057482898480836e-05
9.199535421539845677e-05
1.254288974575525745e-04
1.551270319226570301e-04
1.801535224751467596e-04
1.997304742538910823e-04
2.132628006733435226e-04
2.203559912686723840e-04
2.208266763668462684e-04
2.147057607444306240e-04
2.022341753820255006e-04
1.838515640894990545e-04
1.601784698076944534e-04
1.319928046714358941e-04
1.002015708514282191e-04
6.580894002379918855e-05
2.988189431441404544e-05
-6.485320953180268586e-06
-4.220668210688358535e-05
-7.623860393665113410e-05
-1.076117696904160272e-04
-1.354595794735992235e-04
-1.590423772593956789e-04
-1.777667956169389678e-04
-1.911997524463264074e-04
-1.990768375593337538e-04
-2.013050310122274113e-04
-1.979598922394843017e-04
-1.892775423688039592e-04
-1.756419253291539384e-04
-1.575679710815801153e-04
-1.356813925816300096e-04
-1.106959248020486443e-04
-8.338885855942953270e-05
-5.457573410132788124e-05
-2.508504050235887359e-05
4.266280681673828936e-06
3.269580173308042815e-05
5.947641274182485321e-05
8.395444031082190432e-05
1.055646782864322369e-04
1.238420535385887755e-04
1.384297760206885984e-04
1.490839444049991860e-04
1.556746925253349706e-04
1.581840643440719156e-04
1.567008934992406737e-04
1.514130355886405773e-04
1.425973558393435362e-04
1.306079111998097023e-04
1.158627845592868233e-04
9.883003087456737558e-05
8.001318225249415088e-05
5.993673374848480605e-05
3.913199615787638373e-05
1.812365864271954974e-05
-2.582645163542242632e-06
-2.251152666762768341e-05
-4.122760061738918772e-05
-5.834367889925322126e-05
-7.352731811122391575e-05
-8.650568759061230835e-05
-9.706876849689766921e-05
-1.050709329009425131e-04
-1.104309842475868189e-04
-1.131307672628598641e-04
-1.132124766453525950e-04
-1.107748098921838961e-04
-1.059681206626490610e-04
-9.898873569289234333e-05
-9.007260108838369855e-05
-7.948842351492462269e-05
-6.753046897588567182e-05
-5.451117694315408532e-05
-4.075374094934329755e-05
-2.658479863665189912e-05
-1.232736489437216663e-05
1.705868756476172914e-06
1.521875684452878279e-05
2.793734536699981035e-05
3.961485372376171208e-05
5.003592071141998527e-05
5.902005658220275719e-05
6.642425833702317339e-05
7.214476114871198973e-05
7.611791488637027888e-05
7.832019095450888744e-05
7.876734088372455440e-05
7.751274407109628073e-05
