1.180064477766982291e-05
1.186511600373530151e-05
1.177848188930225674e-05
1.152929909594826068e-05
1.111113815054933043e-05
1.052323931952785771e-05
9.770892508338837159e-06
8.865507802598358687e-06
7.824363388886718731e-06
6.670038453174862464e-06
5.429558742830261818e-06
4.133300478770512971e-06
2.813713138051457108e-06
1.503932474526231046e-06
2.363614568826793969e-07
-9.587016999926363731e-07
-2.054312569455282041e-06
-3.027938705116127749e-06
-3.862271142062500855e-06
-4.545748856585324896e-06
-5.072773880551294002e-06
-5.443614299055321577e-06
-5.664012170378896681e-06
-5.744532182931196546e-06
-5.699703237398274495e-06
-5.547017758310024054e-06
-5.305861162756554402e-06
-4.996445626990860252e-06
-4.638817766622852786e-06
-4.251999550543656629e-06
-3.853306923162392985e-06
-3.457872906246130979e-06
-3.078383220727957209e-06
-2.725014439761812674e-06
-2.405548850869802094e-06
-2.125627747054906783e-06
-1.889096603006553819e-06
-1.698391959637676753e-06
-1.554920895354606340e-06
-1.459389407029213492e-06
-1.412045244257514534e-06
-1.412812864223578922e-06
-1.461312134511220872e-06
-1.556767019631922123e-06
-1.697824511805887208e-06
-1.882316309361610582e-06
-2.107005118659427475e-06
-2.367363050820281943e-06
-2.657430741395826736e-06
-2.969802177215065570e-06
-3.295771747004927153e-06
-3.625667080928714752e-06
-3.949374516065601144e-06
-4.257044577003267312e-06
-4.539944058910484910e-06
-4.791400754124260970e-06
-5.007768336695984163e-06
-5.189324221433462442e-06
-5.341004070953440537e-06
-5.472874541023748705e-06
-5.600251972906408511e-06
-5.743389705175964493e-06
-5.926680514279923829e-06
-6.177352725921967267e-06
-6.523677338093949996e-06
-6.992746880322524520e-06
-7.607931831552873218e-06
-8.386163794687249518e-06
-9.335232465897000615e-06
-1.045131179989847698e-05
-1.171694588723999123e-05
-1.309972365872737787e-05
-1.455185119851103929e-05
-1.601078995008698631e-05
-1.740106868812972993e-05
-1.863729875743152506e-05
-1.962832952879176165e-05
-2.028237989265917998e-05
-2.051287917468277863e-05
-2.024465573580555412e-05
-1.942003321048709177e-05
-1.800434258193677600e-05
-1.599034232214371272e-05
-1.340106650865781633e-05
-1.029069780317087553e-05
-6.743190982619002977e-06
-2.868552053447199915e-06
1.203097863325475742e-06
5.329288344274041436e-06
9.364151054137983960e-06
1.316771135491518653e-05
1.661460350106457612e-05
1.960138485988735456e-05
2.205184383677138244e-05
2.391996881084604005e-05
2.519051024897805662e-05
2.587729500053098129e-05
2.601963192766010820e-05
2.567727881798747134e-05
2.492451647290426655e-05
2.384389256623101726e-05
2.252015915646233307e-05
2.103484522243999349e-05
1.946179479831502821e-05
1.786387887480399647e-05
1.629096863853087061e-05
1.477914679280955512e-05
1.335103889151515389e-05
1.201707408848350221e-05
1.077743731173677198e-05
9.624452561489990030e-06
8.545140682741864189e-06
7.523723804400659306e-06
6.543895750317068336e-06
5.590733457341728906e-06
4.652181092870200704e-06
3.720088734016167498e-06
2.790822679426069672e-06
1.865480061342652523e-06
9.497414845105530426e-07
5.339448259680362177e-08
-8.104335760475665513e-07
-1.626283628948966910e-06
-2.377554641308068429e-06
-3.047808262812583662e-06
-3.622115381229081131e-06
-4.088364623573211545e-06
-4.438447506782119620e-06
-4.669235696884147401e-06
-4.783275431686797961e-06
-4.789139774413297116e-06
-4.701394577115339332e-06
-4.540146095587324152e-06
-4.330152455637452079e-06
-4.099505732766060332e-06
-3.877927422455742175e-06
-3.694759369247010973e-06
-3.576764891598172988e-06
-3.545878029165506038e-06
-3.617057000666926996e-06
-3.796414389549363737e-06
-4.079806622211158515e-06
-4.452059623912982799e-06
-4.886980474703776034e-06
-5.348258451530317430e-06
-5.791299687145007977e-06
-6.165972406268140967e-06
-6.420163725259936178e-06
-6.503964575493071259e-06
-6.374215792553212041e-06
-5.999082297308482123e-06
-5.362286558082362986e-06
-4.466629380242468259e-06
-3.336447794636830167e-06
-2.018695847645796250e-06
-5.823818553919018789e-07
8.838350275596122399e-07
2.275983268582889718e-06
3.481009086178255894e-06
4.384692381801808930e-06
4.880871103015997945e-06
4.881433980392484986e-06
4.326403831816194823e-06
3.193331678228119863e-06
1.505163199381046477e-06
-6.642672901542297391e-07
-3.187903237991800402e-06
-5.886953563742317577e-06
-8.536666159697770177e-06
-1.087659077831254709e-05
-1.262521927496963343e-05
-1.349853900569153077e-05
-1.323167049856015751e-05
-1.160240466825472617e-05
-8.455126083934193075e-06
-3.723332386999773266e-06
2.551224733471852476e-06
1.020479831748786963e-05
1.894519934093644663e-05
2.835422603639295165e-05
3.790005739078981979e-05
4.696004161504947777e-05
5.485351953380039158e-05
6.088345440800268057e-05
6.438478887343754709e-05
6.477672161334238144e-05
6.161551619398818722e-05
5.464394192606280095e-05
4.383296415643282988e-05
2.941099384812931382e-05
1.187610509602167425e-05
-8.012722613784988772e-06
-2.926798035782021565e-05
-5.073012332524102119e-05
-7.114563623268690691e-05
-8.926068274517133473e-05
-1.039215009914085114e-04
-1.141712365221163338e-04
-1.193329329545616706e-04
-1.190696220585608385e-04
-1.134145763011321231e-04
-1.027676745166485636e-04
-8.785745349098206692e-05
-6.967263919356849670e-05
-4.937114939216605600e-05
-2.817758078455908491e-05
-7.281116066809002957e-06
1.225529128309412488e-05
2.956589774968785460e-05
4.402774976723694740e-05
5.527872803301527049e-05
6.320930334646323451e-05
6.793200092625133039e-05
6.973451431906733608e-05
6.902364638899704868e-05
6.626767427498782130e-05
6.194407664268564877e-05
5.649788799881981250e-05
5.031373277643279849e-05
4.370230319045288303e-05
3.689989104652283494e-05
3.007777964072020849e-05
2.335721857964646859e-05
1.682558150918581113e-05
1.055004108017750056e-05
4.586425294518279447e-06
-1.017434694295835210e-06
-6.222992526787012786e-06
-1.100500333610685312e-05
-1.535604551157390680e-05
-1.928957804353595757e-05
-2.284011792310387671e-05
-2.605977110417064763e-05
-2.901100570630172742e-05
-3.175619218144558808e-05
-3.434501174500085674e-05
-3.680129697139097563e-05
-3.911119439567724109e-05
-4.121470488562771337e-05
-4.300257658946349075e-05
-4.432006882500985536e-05
-4.497819185869517925e-05
-4.477172610686222694e-05
-4.350193054706583747e-05
-4.100082110027610351e-05
-3.715357025951478864e-05
-3.191590184561355031e-05
-2.532403225705954868e-05
-1.749553523179169548e-05
-8.620449098912276182e-06
1.056931100204049968e-06
1.126373672985225827e-05
2.172827770507339360e-05
3.220918361939203295e-05
4.251882759744878460e-05
5.253662833863889783e-05
6.220956317461401276e-05
7.153957831092481740e-05
8.055993205188014645e-05
8.930433447921146942e-05
9.777384225098256787e-05
1.059067908632838501e-04
1.135565599942122241e-04
1.204807214802832300e-04
1.263433970223064220e-04
1.307308898335387930e-04
1.331792025578325202e-04
1.332110190144382672e-04
1.303790022642304356e-04
1.243116730947951745e-04
1.147576046346650616e-04
1.016233316008258853e-04
8.500048791674725353e-05
6.517837380366928396e-05
4.263928279409417505e-05
1.803537510675139811e-05
-7.852205873182263270e-06
-3.416876752747202792e-05
-6.005002389221857605e-05
-8.468632512768235396e-05
-1.073784874686439697e-04
-1.275784718067139137e-04
-1.449115891462301011e-04
-1.591802048183379125e-04
-1.703510747919003841e-04
-1.785295619793140207e-04
-1.839243947337059772e-04
-1.868066145243297519e-04
-1.874664327432920032e-04
-1.861721640525710534e-04
-1.831356176334919994e-04
-1.784876932044766906e-04
-1.722668485469031736e-04
-1.644220445992215383e-04
-1.548302714391148441e-04
-1.433265629549592768e-04
-1.297425123078897063e-04
-1.139487485970779496e-04
-9.589728073757642192e-05
-7.565991728306943609e-05
-5.345878529722515832e-05
-2.968495360317973352e-05
-4.901806766759916878e-06
2.016910662495283418e-05
4.468077710194022338e-05
6.771130274385909163e-05
8.832904413226941363e-05
1.056659837537774263e-04
1.189906771566166658e-04
1.277721580243897526e-04
1.317282661565479288e-04
1.308546687844765470e-04
1.254330221934890611e-04
1.160181159662245106e-04
1.034049872746435362e-04
8.857819859249835357e-05
7.264669348059092690e-05
5.676878762467473221e-05
4.207284996490831086e-05
2.957994126910460687e-05
2.013489741759291583e-05
1.435188631062624901e-05
1.257913053505641313e-05
1.488511526646109351e-05
2.106554839148342377e-05
3.066771703811893324e-05
4.302780614975271932e-05
5.731730185634634249e-05
7.259581025220957027e-05
8.786837033617460194e-05
1.021452541844515820e-04
1.145015837683407896e-04
1.241331287005320149e-04
1.304036925371349976e-04
1.328792553632601324e-04
1.313451936543791776e-04
1.258052370427944567e-04
1.164633394014956229e-04
1.036915644202899590e-04
8.798845770555542133e-05
6.993346107032674393e-05
5.014334401558016667e-05
2.923556030719246218e-05
7.800848430018616564e-06
-1.361529350182397749e-05
-3.452382128159358981e-05
-5.449741514696658474e-05
-7.317099512127666044e-05
-9.023901917962666517e-05
-1.054511163888564829e-04
-1.186066370689648245e-04
-1.295472516552921571e-04
-1.381459066965903392e-04
-1.442911703831772983e-04
-1.478683633510676865e-04
-1.487417301379602690e-04
-1.467434428943284312e-04
-1.416744688602112614e-04
-1.333199554857730914e-04
-1.214789651327310364e-04
-1.060055071376716319e-04
-8.685515973725922148e-05
-6.413019241276865837e-05
-3.811670310216910937e-05
-9.309260198749524842e-06
2.157922756041352405e-05
5.362287370937917404e-05
8.570284790040047225e-05
1.165414888364681384e-04
1.447504697046512806e-04
1.688931756062590371e-04
1.875604116613064970e-04
1.994562801872895846e-04
2.034884214402301131e-04
1.988549063943300245e-04
1.851196183781416891e-04
1.622691337059308089e-04
1.307463810102388194e-04
9.145862693884300757e-05
4.575875508011844424e-05
-4.600486317032315641e-06
-5.753871212714635865e-05
-1.107444118500647084e-04
-1.617914552470739486e-04
-2.082693285718876825e-04
-2.479192090413646042e-04
-2.787667858754107613e-04
-2.992423117991858277e-04
-3.082790747976133687e-04
-3.053832065533792182e-04
-2.906700102627340562e-04
-2.648643727228178505e-04
-2.292651418900530733e-04
-1.856757368387735359e-04
-1.363058235018727352e-04
-8.365084551408332196e-05
-3.035634425965460224e-05
2.092723698961765258e-05
6.769411099380809056e-05
1.077305561585500135e-04
1.392512954971907751e-04
1.610142133185277051e-04
1.724026552480205767e-04
1.734662614214496417e-04
1.649145954088097128e-04
1.480622639250447079e-04
1.247289005195104984e-04
9.710136415430920963e-05
6.756855655066452341e-05
3.854181035096828283e-05
1.227570370154718480e-05
-9.295551786820267347e-06
-2.469281549292068925e-05
-3.298775827018053317e-05
-3.385349254833430868e-05
-2.756816386367033812e-05
-1.497370386709513963e-05
2.604883592401073512e-06
2.347253690948988500e-05
4.570119662906697996e-05
6.728155236279881931e-05
8.627916755010194461e-05
1.009842043976173830e-04
1.100438883921790793e-04
1.125672344471419928e-04
1.081927770038869824e-04
9.711230251057553710e-05
8.004712462497833416e-05
5.817853502323171611e-05
3.303988737586775293e-05
6.382315540230623261e-06
-1.997190362794410703e-05
-4.427417831590716867e-05
-6.497917765199701101e-05
-8.084761886199450778e-05
-9.101457828441845857e-05
-9.502120151234044840e-05
-9.281332283025312436e-05
-8.471387349605328013e-05
-7.137595494122241113e-05
-5.372147554294469260e-05
-3.286887244473923962e-05
-1.005392199286268584e-05
1.345103015184042635e-05
3.641373595715645536e-05
5.770997591435124955e-05
7.637947365559089963e-05
9.166741376411691048e-05
1.030500598858742926e-04
1.102442897254719226e-04
1.132022600917269149e-04
1.120933371095991728e-04
1.072757915941843044e-04
9.926074419599076955e-05
8.867064115102498843e-05
7.619434478497826013e-05
6.254079915680215633e-05
4.839310844848512561e-05
3.436488269500027513e-05
2.096132987397082237e-05
8.548850094491389250e-06
-2.662271795072094550e-06
-1.261844445153378381e-05
-2.140581869072112820e-05
-2.921826021020883907e-05
-3.631479379492991865e-05
-4.297157824831180831e-05
-4.943318698930949289e-05
-5.586785471130825199e-05
-6.233165097975513754e-05
-6.874673166419375875e-05
-7.489815819445215332e-05
-8.045185546851779407e-05
-8.499315063927880584e-05
-8.808146400270663119e-05
-8.931309644336573477e-05
-8.838196743217842724e-05
-8.512844436667204174e-05
-7.956892751872558268e-05
-7.190274592346868033e-05
-6.249704677632406048e-05
-5.185354660223804701e-05
-4.056252099543227060e-05
-2.924961233275313058e-05
-1.852098443332712155e-05
-8.912424341060169508e-06
-8.476018723454879647e-07
5.390587893997441141e-06
9.673584810020973139e-06
1.202563529026922393e-05
1.260888019548485938e-05
1.169783341892170815e-05
9.646534708008788815e-06
6.851966917997986029e-06
3.717518926542905583e-06
6.199595557219472785e-07
-2.117625311734846691e-06
-4.245651829209671493e-06
-5.600020177928010555e-06
-6.105916429855865431e-06
-5.773427018700283674e-06
-4.685726096625231961e-06
-2.981676874129404127e-06
-8.355540062281842313e-07
1.563285618625017198e-06
4.028581686506177268e-06
6.391885930860067246e-06
8.513252358513231298e-06
1.028786924083665977e-05
1.164893895296674689e-05
1.256729137484767435e-05
1.304830201960105446e-05
2.211670602176457352e-05
2.190428288399663540e-05
2.132169277749693717e-05
2.034130460078543854e-05
1.894822074185705321e-05
1.714198957212768537e-05
1.493762192075496960e-05
1.236582014739477555e-05
9.472378251124756224e-06
6.316763806616186420e-06
2.969943807387930419e-06
-4.884364216614685018e-07
-3.973371856229172724e-06
-7.398133398011230569e-06
-1.067801960751664495e-05
-1.373401540447915267e-05
-1.649615301967030849e-05
-1.890638751654424575e-05
-2.092082819025901724e-05
-2.251120673401194719e-05
-2.366551091496549075e-05
-2.438776534733021184e-05
-2.469699494716475513e-05
-2.462545787268029411e-05
-2.421627953609849893e-05
-2.352065440663536530e-05
-2.259480504944565968e-05
-2.149689601822712905e-05
-2.028409292028285484e-05
-1.900993514732676287e-05
-1.772215722114766839e-05
-1.646105240201731310e-05
-1.525842735901814866e-05
-1.413715220253257872e-05
-1.311126947339855002e-05
-1.218659164080997069e-05
-1.136169131210890200e-05
-1.062917276992292670e-05
-9.977107875437487888e-06
-9.390523383577952535e-06
-8.852839115667569410e-06
-8.347175133771047949e-06
-7.857468287408094117e-06
-7.369361473713806964e-06
-6.870850498141006785e-06
-6.352692150583907113e-06
-5.808592147890738320e-06
-5.235202335738583905e-06
-4.631962756970553087e-06
-4.000826243275472369e-06
-3.345901897703714989e-06
-2.673050092177197268e-06
-1.989456192003692725e-06
-1.303203915383586054e-06
-6.228628582993932694e-07
4.290088411800214269e-08
6.856861002378578980e-07
1.297686994771903160e-06
1.871990273252459659e-06
2.402835261063448700e-06
2.885832098355491828e-06
3.318131623130463917e-06
3.698539572816916068e-06
4.027567508011454922e-06
4.307413612782264019e-06
4.541868490348208813e-06
4.736144408922440485e-06
4.896630965726657112e-06
5.030585203465361979e-06
5.145769095122119439e-06
5.250051546663919804e-06
5.350995493889022648e-06
5.455453146460880560e-06
5.569193644150033463e-06
5.696586979144941000e-06
5.840365823308289739e-06
6.001482894191266862e-06
6.179075796675333998e-06
6.370544094972050248e-06
6.571735164031905385e-06
6.777226894944135568e-06
6.980687498359146309e-06
7.175286395462086572e-06
7.354126357984428709e-06
7.510666176857028842e-06
7.639105098024729038e-06
7.734704430230747880e-06
7.794027403725278553e-06
7.815085032639587650e-06
7.797382979915416741e-06
7.741871814212438380e-06
7.650810205284560870e-06
7.527557103345841509e-06
7.376314130775906969e-06
7.201842494856858114e-06
7.009179155537206546e-06
6.803374593795365213e-06
6.589269475704633239e-06
6.371320347167160788e-06
6.153476399189649064e-06
5.939101922938388423e-06
5.730933721921835570e-06
5.531060151602011140e-06
5.340908651142622682e-06
5.161231316807007586e-06
4.992082729937378703e-06
4.832790103688768139e-06
4.681921774797704728e-06
4.537264947748260181e-06
4.395826346843060339e-06
4.253869382294108628e-06
4.106998540320690083e-06
3.950296618962813368e-06
3.778514289092203313e-06
3.586305433558041386e-06
3.368496628938288960e-06
3.120375415297351853e-06
2.837979878151745780e-06
2.518371608439322771e-06
2.159875100241523982e-06
1.762268687662908808e-06
1.326914820980736174e-06
8.568205177989276051e-07
3.566219562256619927e-07
-1.675096897160392814e-07
-7.080409319379985368e-07
-1.256323841086928159e-06
-1.802912936302347191e-06
-2.337942505353668036e-06
-2.851553816213123349e-06
-3.334359859376182551e-06
-3.777932902301896089e-06
-4.175296621875464446e-06
-4.521399833171093195e-06
-4.813543506438788274e-06
-5.051728034056526004e-06
-5.238884906538112434e-06
-5.380957186678355798e-06
-5.486797042363012692e-06
-5.567856252220105534e-06
-5.637656958473780437e-06
-5.711044842499054733e-06
-5.803244908460914288e-06
-5.928760178831617009e-06
-6.100174128172592084e-06
-6.326936383217943155e-06
-6.614225754653781703e-06
-6.961992948813934122e-06
-7.364285760843644777e-06
-7.808951321005122884e-06
-8.277792953619037011e-06
-8.747233860074263067e-06
-9.189506958251697429e-06
-9.574351077744028298e-06
-9.871150380071336725e-06
-1.005140927878713671e-05
-1.009141277064827752e-05
-9.974885557877809052e-06
-9.695436078313986818e-06
-9.258556703094662630e-06
-8.682951623882966709e-06
-8.000981496775434875e-06
-7.258050171396606022e-06
-6.510814155777760247e-06
-5.824168690245102323e-06
-5.267052576326762294e-06
-4.907212766865159599e-06
-4.805173258795403265e-06
-5.007753852721036408e-06
-5.541574607226369892e-06
-6.407052343260427537e-06
-7.573437235946351645e-06
-8.975442100415590265e-06
-1.051197811070901222e-05
-1.204742482509543245e-05
-1.341572921567927123e-05
-1.442745132531519353e-05
-1.487966089854418336e-05
-1.456835213464418078e-05
-1.330279906355863477e-05
-1.092104164602929951e-05
-7.305494319724722252e-06
-2.397526889077371318e-06
3.790196076104665636e-06
1.116479836616018285e-05
1.954873613166620286e-05
2.868058312320141784e-05
3.822147726947841979e-05
4.776723231451157988e-05
5.686569478826716709e-05
6.503846592407479005e-05
7.180552884920014421e-05
7.671071067931081288e-05
7.934564044348550998e-05
7.937032573353761664e-05
7.652963605034407923e-05
7.066631913039695800e-05
6.173205944842450666e-05
4.979818385305762886e-05
3.506682701499336572e-05
1.788171627190290121e-05
-1.264348582585776812e-06
-2.172989081887851000e-05
-4.273799772512187521e-05
-6.340609646946770441e-05
-8.279297369144134771e-05
-9.995976417036149325e-05
-1.140380891413872189e-04
-1.242967537275409696e-04
-1.301988018289110098e-04
-1.314427322713098930e-04
-1.279843460681589248e-04
-1.200382177559583302e-04
-1.080598258117475199e-04
-9.271087226587020860e-05
-7.481123881991489288e-05
-5.528147693429326186e-05
-3.507998185148106718e-05
-1.513925512857545376e-05
3.694077972270494946e-06
2.071073758284057849e-05
3.537734339003282267e-05
4.735866093607853436e-05
5.652178798937543399e-05
6.292256227064390868e-05
6.677651074600389285e-05
6.841831091737376417e-05
6.825473146203987805e-05
6.671625355737120138e-05
6.421210007182955406e-05
6.109251056802101167e-05
5.762125610254117470e-05
5.396081150077389156e-05
5.017190386965723935e-05
4.622764709224526890e-05
4.204005422578142805e-05
3.749428188031009941e-05
3.248466181845459518e-05
2.694680902970954394e-05
2.088138753181900152e-05
1.436685509864697139e-05
7.560340498295776713e-06
6.874744284631107870e-07
-5.976684244969330856e-06
-1.213261821418964041e-05
-1.748395693303454387e-05
-2.176480354248964085e-05
-2.476434557504092614e-05
-2.634644108209152405e-05
-2.646179547206752901e-05
-2.515067941551367127e-05
-2.253529108852566601e-05
-1.880262725358626777e-05
-1.418044756861478538e-05
-8.909944628001815743e-06
-3.218806260164150585e-06
2.702300201725732468e-06
8.717768351015095672e-06
1.475852602215423705e-05
2.082647634712156813e-05
2.699148437602020927e-05
3.338012861553908575e-05
4.015535456902355341e-05
4.748697417519822474e-05
5.551460022886210076e-05
6.430645615309159443e-05
7.381896776752172281e-05
8.386291821820770381e-05
9.408214002095710733e-05
1.039500146196730454e-04
1.127873520210173191e-04
1.198027210810198616e-04
1.241532666418445111e-04
1.250208257923956655e-04
1.216953545877588332e-04
1.136559724869123369e-04
1.006395961087989835e-04
8.268797547559945558e-05
6.016573496797622675e-05
3.374483804730221595e-05
4.354931797948891677e-06
-2.689587821738541643e-05
-5.881985625390376586e-05
-9.025370960033161048e-05
-1.201519386388886558e-04
-1.476557953803641732e-04
-1.721296301736809022e-04
-1.931627232196201824e-04
-2.105399023873712726e-04
-2.241878301256265097e-04
-2.341065412429775040e-04
-2.402983613824038285e-04
-2.427079370848830170e-04
-2.411857722797780665e-04
-2.354826458906492256e-04
-2.252753519563561091e-04
-2.102182232741868712e-04
-1.900118416747077071e-04
-1.644802118497842944e-04
-1.336485333839075628e-04
-9.781340981521300835e-05
-5.759602673553439536e-05
-1.396868722190970820e-05
3.175254643911555824e-05
7.795212904693018022e-05
1.227943726044071438e-04
1.643315134750441230e-04
2.006311175850322031e-04
2.299120955541692629e-04
2.506780631513484637e-04
2.618361148097209123e-04
2.627884909043984221e-04
2.534854088458948730e-04
2.344309429052641926e-04
2.066403779837325705e-04
1.715548853071859363e-04
1.309249759387161077e-04
8.667686620213329012e-05
4.077618682988492723e-05
-4.897978830055804244e-06
-4.865872752185911574e-05
-8.909057810462255207e-05
-1.250999812621592718e-04
-1.559373713556558695e-04
-1.811926159627098702e-04
-2.007669989022347538e-04
-2.148263036200265470e-04
-2.237406572678089409e-04
-2.280167916202043314e-04
-2.282275501766585805e-04
-2.249430060080461835e-04
-2.186679946628300995e-04
-2.097914142810119455e-04
-1.985522003308711739e-04
-1.850252705693658604e-04
-1.691286608470991002e-04
-1.506511169860717814e-04
-1.292975087806269552e-04
-1.047473727969250898e-04
-7.671992264847131838e-05
-4.503776303879422735e-05
-9.682088924276985775e-06
2.916582492360499351e-05
7.109984982026342696e-05
1.154824512817802316e-04
1.614563578247088353e-04
2.079723312179718392e-04
2.538291000163815821e-04
2.977208961626257315e-04
3.382883036943849179e-04
3.741690030239156872e-04
4.040467037024267610e-04
4.266986375628099327e-04
4.410432015683241102e-04
4.461890996163237009e-04
4.414861025409882274e-04
4.265759720693506870e-04
4.014405589343530978e-04
3.664428968666430986e-04
3.223563387285365814e-04
2.703762229930094891e-04
2.121084370802416789e-04
1.495301621988702338e-04
8.492001974036314602e-05
2.075717867393802219e-05
-4.040835223624084961e-05
-9.610850486948882142e-05
-1.441228212791094442e-04
-1.826424284816620207e-04
-2.104148453022574932e-04
-2.268518836312756535e-04
-2.320857502777371937e-04
-2.269642913770189389e-04
-2.129842165743386418e-04
-1.921694862684346263e-04
-1.669089926463704376e-04
-1.397713573754585860e-04
-1.133141988219849239e-04
-8.990193008740092798e-05
-7.154295842675488493e-05
-5.975601202022567764e-05
-5.547536791328320626e-05
-5.900318262118895427e-05
-7.001221021963452613e-05
-8.759545330118482772e-05
-1.103540741363656061e-04
-1.365131206762309969e-04
-1.640555610030618226e-04
-1.908665689699578301e-04
-2.148799338649810191e-04
-2.342165820296881259e-04
-2.473036435049250602e-04
-2.529638980757832655e-04
-2.504700301412853339e-04
-2.395638533729270480e-04
-2.204454268940614359e-04
-1.937396164226162754e-04
-1.604478224264774288e-04
-1.218910293789781751e-04
-7.964839571097698679e-05
-3.549383853555636032e-05
8.668909831353437947e-06
5.087425541284883092e-05
8.916824759111176757e-05
1.216899909322662217e-04
1.467618280691260180e-04
1.629860073614445442e-04
1.693409951676931537e-04
1.652663291124808792e-04
1.507232457213707275e-04
1.262205294560725388e-04
9.280044265157261533e-05
5.198617743537805620e-05
5.698157655307264750e-06
-4.384931980104566415e-05
-9.425815881906314346e-05
-1.430525848262792943e-04
-1.877762219905308152e-04
-2.260815597134079925e-04
-2.558178684324853005e-04
-2.751241880140619647e-04
-2.825297417893304322e-04
-2.770565489302927393e-04
-2.583116792956289707e-04
-2.265532317240186058e-04
-1.827164640004691812e-04
-1.283934282691689098e-04
-6.576769149240259957e-05
2.488527298833456388e-06
7.334644092327170187e-05
1.435762758673402788e-04
2.099230996894523743e-04
2.692985561080312698e-04
3.189793649149875467e-04
3.567976501758641085e-04
3.813043176309740471e-04
3.918859887631846836e-04
3.888185753897352372e-04
3.732468209477486751e-04
3.470885863589799874e-04
3.128728146176072656e-04
2.735279809527603988e-04
2.321422780929035916e-04
1.917182300988813106e-04
1.549432306116133528e-04
1.239939813519330691e-04
1.003881336362744521e-04
8.489200472869222317e-05
7.748953760766352197e-05
7.741433999474650975e-05
8.324306056012675359e-05
9.304401671910495408e-05
1.045697000071588270e-04
1.154758129035409506e-04
1.235440125086128063e-04
1.268831834630034135e-04
1.240873820744412242e-04
1.143371311445389539e-04
9.744079032291338440e-05
7.382029403854937632e-05
4.444891824080002502e-05
1.074872706281837043e-05
-2.554540462249700703e-05
-6.254672702980985672e-05
-9.838921165349453135e-05
-1.313931075443112593e-04
-1.602029974940878936e-04
-1.838818155184441128e-04
-2.019523079935126183e-04
-2.143859836428634112e-04
-2.215459894054962468e-04
-2.240942580170455405e-04
-2.228759618450199009e-04
-2.187964983163817807e-04
-2.127069917159234451e-04
-2.053122053072339707e-04
-1.971100727332835497e-04
-1.883668975189748632e-04
-1.791281568846271122e-04
-1.692611698340452963e-04
-1.585217179499970970e-04
-1.466329071431464091e-04
-1.333630763338855595e-04
-1.185912725432291588e-04
-1.023525687179009235e-04
-8.485920684843858692e-05
-6.649624238877857195e-05
-4.779279680946888929e-05
-2.937303066980137957e-05
-1.189409294129762100e-05
4.019595207859917693e-06
1.783608825634168458e-05
2.916165643483047088e-05
3.776754369352896580e-05
4.359669707418426426e-05
4.675326024598431304e-05
4.748011492391351792e-05
4.613004262979299310e-05
4.313446380854283897e-05
3.897153200502345970e-05
3.413407983438920335e-05
2.909810400343804853e-05
2.429351758783003718e-05
2.007964588477164277e-05
1.672771971657825319e-05
1.441159875079383348e-05
1.320675814217017264e-05
1.309666004839528511e-05
1.398509679570206460e-05
1.571282522561555161e-05
1.807671509620937023e-05
2.084967518779376339e-05
1.525483405111980519e-05
1.445551173899737699e-05
1.308784192295285839e-05
1.111289978602140855e-05
8.518868167624940184e-06
5.325993278736871112e-06
1.590288872212768025e-06
-2.594383602644438454e-06
-7.096180626130417398e-06
-1.174734025498259704e-05
-1.634860777346685892e-05
-2.067608030802956765e-05
-2.449040204926597458e-05
-2.754809981627639692e-05
-2.961469361571510736e-05
-3.047905395577647940e-05
-2.996831466409108030e-05
-2.796249755332277912e-05
-2.440787750410727529e-05
-1.932802966496724841e-05
-1.283147115694691239e-05
-5.114853428876127661e-06
3.539208766619915213e-06
1.277036167328800300e-05
2.215516083341346535e-05
3.122810846825931731e-05
3.950857080608958475e-05
4.653254957080933283e-05
5.188775516460590321e-05
5.524992922163025709e-05
5.641793159702101405e-05
5.534478542667665670e-05
5.216170940657404977e-05
4.719220176996094637e-05
4.095350998561456249e-05
3.414334546001093420e-05
2.761048791677839952e-05
2.230895259125305433e-05
1.923662372567661686e-05
1.936062446297318049e-05
2.353310705098094716e-05
3.240249902543896503e-05
4.632640890385600959e-05
6.529325506700569734e-05
8.886011760993909410e-05
1.161142235201648133e-04
1.456647820588160560e-04
1.756705450868159925e-04
2.039064771019273646e-04
2.278703364377144647e-04
2.449269052997425254e-04
2.524842355647097508e-04
2.481928313241585447e-04
2.301554473709521676e-04
1.971324532554588637e-04
1.487258092469297176e-04
8.552392010288040246e-05
9.190229264991606195e-06
-7.751942463731379741e-05
-1.708218591362211324e-04
-2.660597619231997932e-04
-3.579419936742818213e-04
-4.408620796129039243e-04
-5.092777790727722603e-04
-5.581264343548575715e-04
-5.832427444223520869e-04
-5.817388955726544939e-04
-5.523049017502864103e-04
-4.953921144045548295e-04
-4.132537955790945017e-04
-3.098310828461707284e-04
-1.904910518903536840e-04
-6.164465816432522656e-05
6.971113934424097696e-05
1.964771858283099028e-04
3.119151983715892943e-04
4.100495096697359980e-04
4.859748478074119677e-04
5.360502975932939125e-04
5.579771226192698549e-04
5.507754861884965646e-04
5.146872030375334011e-04
4.510364163098185778e-04
3.620775792262856244e-04
2.508519930349693730e-04
1.210641119259025654e-04
-2.301980493326548577e-05
-1.766551969042123990e-04
-3.346959297351408515e-04
-4.916798039259700310e-04
-6.419374138695918943e-04
-7.797318325205899884e-04
-8.994279295235754670e-04
-9.956856998694575862e-04
-1.063672542864852345e-03
-1.099290406438210941e-03
-1.099410612641634789e-03
-1.062101181609877501e-03
-9.868219301435846892e-04
-8.745581084692680704e-04
-7.278686309101192915e-04
-5.508376309113346622e-04
-3.489312429536001875e-04
-1.287705930728056032e-04
1.021645712248830072e-04
3.358888282049939588e-04
5.643089428320509490e-04
7.796469613955147888e-04
9.748505953597367494e-04
1.143936332921072566e-03
1.282212382979249464e-03
1.386354517694519863e-03
1.454347056657387697e-03
1.485335798548191718e-03
1.479457568816704670e-03
1.437706928408381390e-03
1.361875497209290471e-03
1.254564165328847947e-03
1.119238966776143563e-03
9.602860880679435366e-04
7.830194781692668016e-04
5.936030165848762150e-04
3.988665439398809292e-04
2.060174986745614591e-04
2.227008180968528947e-05
-1.455743695062714318e-04
-2.915578435183966929e-04
-4.109668254059634356e-04
-5.006626252554817469e-04
-5.593027491034624401e-04
-5.874268790987451300e-04
-5.873987751976034177e-04
-5.632125463341309309e-04
-5.201828599510135032e-04
-4.645441690563482419e-04
-4.029874187234822069e-04
-3.421653918396392008e-04
-2.881997847971635041e-04
-2.462253261688333514e-04
-2.200090986056820375e-04
-2.116833164598996798e-04
-2.216223113575492402e-04
-2.484783604512327739e-04
-2.893702717580881492e-04
-3.401988347808373352e-04
-3.960487437717185037e-04
-4.516303978632907725e-04
-5.017174321638826363e-04
-5.415436330997286905e-04
-5.671318441894006909e-04
-5.755363579006316302e-04
-5.649904608429264516e-04
-5.349620552068008739e-04
-4.861288570576489769e-04
-4.202868894265222540e-04
-3.402032731594619233e-04
-2.494219339094812119e-04
-1.520317358148043320e-04
-5.240936180680587538e-05
4.504823469421738165e-05
1.361855977191197349e-04
2.173284955011227479e-04
2.854868385078610155e-04
3.385086702188008193e-04
3.751759275949209031e-04
3.952354232885520158e-04
3.993623855735878173e-04
3.890597842620990322e-04
3.665034247824361250e-04
3.343482199170952135e-04
2.955138975218632143e-04
2.529685193091988412e-04
2.095258023455153959e-04
1.676687759660773578e-04
1.294105322057433928e-04
9.620309616139705565e-05
6.890340633831346139e-05
4.779744661801890439e-05
3.267288119697911604e-05
2.292351968177529150e-05
1.766743130726822631e-05
1.586168028790742329e-05
1.639920796029606821e-05
1.817939519365629277e-05
2.015333663611787495e-05
2.135296351394613712e-05
2.091509544026054168e-05
1.810803065741692299e-05
1.236343304788415607e-05
3.311951046753637708e-06
-9.183088544847930123e-06
-2.500223821450941325e-05
-4.376388363660109937e-05
-6.483814582301786395e-05
-8.737902345389879431e-05
-1.103716527825112097e-04
-1.326917932685782334e-04
-1.531741043603410688e-04
-1.706838868321822937e-04
-1.841853185720253804e-04
-1.927997446613213025e-04
-1.958504318550568861e-04
-1.928935920679536627e-04
-1.837376468270654939e-04
-1.684531092132204931e-04
-1.473742639872699801e-04
-1.210916782434740891e-04
-9.043299898017632238e-05
-5.642992086378953708e-05
-2.027147717766339315e-05
1.675350397979708417e-05
5.332011928030752558e-05
8.813211741579425303e-05
1.199829486747524740e-04
1.478095995726045849e-04
1.707373347222532125e-04
1.881146653496100377e-04
1.995374529743198209e-04
2.048602248158005654e-04
2.041941154177225157e-04
1.978939852063633063e-04
1.865386034027401629e-04
1.709055243328726974e-04
1.519388348454524338e-04
1.307065380961870932e-04
1.083456827917900878e-04
8.599622890570815786e-05
6.472787675031375335e-05
4.546703047077542902e-05
2.893296298438291584e-05
1.559203444989985804e-05
5.636033081512584479e-06
-1.013632661317294859e-06
-4.678123966661376935e-06
-5.874154997650949620e-06
-5.252581662303063394e-06
-3.527232846013576893e-06
-1.399210511977578295e-06
5.164502017463454362e-07
1.753093997404425546e-06
2.034628052862613777e-06
1.290482752391206272e-06
-3.590537782523670301e-07
-2.643452116127496798e-06
-5.199943155284220977e-06
-7.638509904543675020e-06
-9.604269012346691779e-06
-1.082954353000375444e-05
-1.117024519897099035e-05
-1.062381361245858752e-05
-9.328544196099559769e-06
-7.546366698314815440e-06
-5.632870214719487198e-06
-3.999136661170193767e-06
-3.069327439869749203e-06
-3.236551169136705889e-06
-4.818667477408682169e-06
-8.016304329512788395e-06
-1.287735824814411069e-05
-1.927444412306198474e-05
-2.690241561568102859e-05
-3.530084660244806212e-05
-4.390142349357152861e-05
-5.209417175812434476e-05
-5.930133913075533181e-05
-6.504542852884195327e-05
-6.899950751656288173e-05
-7.101282835883670108e-05
-7.111042294736319642e-05
-6.946960590006832632e-05
-6.637921081120179716e-05
-6.218961071305644395e-05
-5.726269380306140425e-05
-5.192988619626036703e-05
-4.646314902385952197e-05
-4.106020603974204058e-05
-3.584252352966420046e-05
-3.086314851673654637e-05
-2.612128330256903577e-05
-2.158100789404297906e-05
-1.719189383512243212e-05
-1.290875224129523063e-05
-8.707102302813904767e-06
-4.591341011812914664e-06
-5.944690344082581199e-07
3.229069995003919040e-06
6.813811290482538544e-06
1.009323295175664265e-05
1.300727139885530313e-05
1.550744799537334470e-05
1.756083406309316607e-05
1.915418670773228591e-05
2.029892424207853542e-05
2.103649575456151735e-05
2.144254129709838064e-05
2.162770101991352676e-05
2.173361763700786309e-05
2.192431656663446034e-05
2.237456072676735858e-05
2.325701062120213397e-05
2.472907528845152557e-05
2.691886212750161994e-05
2.990862565953822193e-05
3.371467917686947843e-05
3.826522789237629603e-05
4.338092867128426968e-05
4.876512676122089605e-05
5.400996298593177043e-05
5.862071489616478602e-05
6.205544148908524087e-05
6.377278575570805648e-05
6.327969424298771160e-05
6.017310434171005109e-05
5.417351463364412180e-05
4.515111253081675229e-05
3.314525525408208067e-05
1.837634909465620588e-05
1.247802759563728053e-06
-1.766378106828656958e-05
-3.763038492475945620e-05
-5.780545097669384784e-05
-7.726688850448353073e-05
-9.506912840485934389e-05
-1.103020330231824979e-04
-1.221526556720814536e-04
-1.299642837144407664e-04
-1.332864286335956421e-04
-1.319094505685716430e-04
-1.258785717995977997e-04
-1.154847548596397825e-04
-1.012341908561706165e-04
-8.380243968138768808e-05
-6.398165243017012041e-05
-4.262889529856325141e-05
-2.062082420111199132e-05
1.183801169602840023e-06
2.197523424163480218e-05
4.101984336107537398e-05
5.768449947785157415e-05
7.145793070751931713e-05
8.196791845274408502e-05
8.899341658869647492e-05
9.247094516183834907e-05
9.249420839081416604e-05
8.930536293660856848e-05
8.327687062152392349e-05
7.488463805957442439e-05
6.467510862720860074e-05
5.322994918843266122e-05
4.113180418658293606e-05
2.893388839047269319e-05
1.713545120420957894e-05
6.164528115630187049e-06
-3.631204989863882394e-06
-1.198581414021130986e-05
-1.871123697264206491e-05
-2.369285734481493298e-05
-2.688921228306071084e-05
-2.833728240684966855e-05
-2.816007116231943663e-05
-2.657001082078160601e-05
-2.386199694850698133e-05
-2.039309865659745113e-05
-1.655034226794069687e-05
-1.271145351084083552e-05
-9.204921688026111124e-06
-6.275328873183335939e-06
-4.058542162432435339e-06
-2.569848140706826206e-06
-1.706453447955292964e-06
-1.263900158891496909e-06
-9.641289113349940778e-07
-4.914958643799481749e-07
4.678596864646541981e-07
2.188064721133954548e-06
4.870867859318796740e-06
8.620542393030864852e-06
1.342713685445351226e-05
1.915849217982882951e-05
2.556210010969302022e-05
3.227866443181035732e-05
3.886893662571449517e-05
4.485332163033105052e-05
4.976040098888798640e-05
5.317759611479565089e-05
5.479631646699546045e-05
5.444533476408855877e-05
5.210877018053188220e-05
4.792768458540633833e-05
4.218611011777357504e-05
3.528330410504397008e-05
2.769484197920950796e-05
1.992634343559073542e-05
1.246482605924851211e-05
5.733106404789399286e-06
5.207197805391416750e-08
-4.385547031543933022e-06
-7.527578973690616029e-06
-9.459918157198281472e-06
-1.038939428246901253e-05
-1.061370527437448342e-05
-1.048153694453114187e-05
-1.034712112282855637e-05
-1.052412886532826567e-05
-1.124400384396163387e-05
-1.262382968066143811e-05
-1.464853159872928952e-05
-1.717097162923953235e-05
-1.993071192235513410e-05
-2.258848887849965490e-05
-2.477045145309178642e-05
-2.611530535283555269e-05
-2.631856119307499634e-05
-2.516993365138864961e-05
-2.258151244575920988e-05
-1.860526919623222260e-05
-1.343888093665181776e-05
-7.419034743217120764e-06
-1.001750166293447947e-06
5.269925017045122025e-06
1.080931812344981832e-05
1.503770346753880360e-05
1.743946755988917222e-05
1.761473893291343808e-05
1.532279214228179573e-05
1.051062313746984428e-05
3.323437206913310618e-06
-5.903633369572137645e-06
-1.667118034757613710e-05
-2.835569053407686825e-05
-4.026036696952197378e-05
-5.167186312519550268e-05
-6.191751666778842430e-05
-7.041761801475605669e-05
-7.672811629763713051e-05
-8.057057177865934122e-05
-8.184739413294082021e-05
-8.064127921676064986e-05
-7.719880237727975959e-05
-7.189974436726534674e-05
-6.521550424464406422e-05
-5.766111037156437520e-05
-4.974561202434256109e-05
-4.192542988546432567e-05
-3.456503540028793098e-05
-2.790908067030554567e-05
-2.206933806830772474e-05
-1.702816852816179012e-05
-1.265782100595099272e-05
-8.752176415346873045e-06
-5.065367699862816201e-06
-1.350886088396293250e-06
2.604292493254328815e-06
6.953863344604400829e-06
1.177564330458738000e-05
1.706389972633223795e-05
2.272984777160471314e-05
2.860986803750420427e-05
3.448095301482103232e-05
4.008222422419207691e-05
4.514046337565856798e-05
4.939699764179031149e-05
5.263317888386851546e-05
5.469203391292692105e-05
5.549428138417588231e-05
5.504759476080161343e-05
5.344848900635577427e-05
5.087642495038163126e-05
4.757986090626794553e-05
4.385440417922617030e-05
4.001421970744619252e-05
3.635939378331015420e-05
3.314341443799151128e-05
3.054547794875584908e-05
2.865171091830694404e-05
2.744806435421082218e-05
2.682605010163141123e-05
2.660079719793672211e-05
2.653925060185458680e-05
2.639497545781527930e-05
2.594511062631631450e-05
2.502451976271404896e-05
2.355220759493490226e-05
2.154591627041908372e-05
1.912262777401932320e-05
1.648500142680057448e-05
1.389577765074458181e-05
1.164348327373823769e-05
1.000356740276913339e-05
9.199678533642275584e-06
9.370141664387137065e-06
1.054448121336221579e-05
1.263370135828793012e-05
1.543593225242531852e-05
1.865645972447866512e-05
2.193884847674113604e-05
2.490239972773418886e-05
2.718072583446582151e-05
2.845670749528827960e-05
2.849025753141648016e-05
2.713674877557112060e-05
2.435536606088320455e-05
2.020787070290225263e-05
1.484917960951043740e-05
8.511621658527659557e-06
1.484795186892250810e-06
-5.907152692133428736e-06
-1.332909098259383839e-05
-2.045763744922203298e-05
-2.700148646537666293e-05
-3.271798308758310609e-05
-3.742496468583659039e-05
-8.025335327053383390e-06
-5.390350102009389926e-06
-2.286402369994721033e-06
1.260711251131176501e-06
5.205801329969693739e-06
9.485893169066757409e-06
1.402306833117383323e-05
1.872835967357087549e-05
2.350641624746811881e-05
2.826057318192125856e-05
3.289791099570833375e-05
3.733387447712796780e-05
4.149604588911600409e-05
4.532672995884996336e-05
4.878410499483521969e-05
5.184181906379974221e-05
5.448705362499418371e-05
5.671722813010737400e-05
5.853566442275933882e-05
5.994665479160513121e-05
6.095046875274563508e-05
6.153888062817927120e-05
6.169179610759250362e-05
6.137549830674067953e-05
6.054292347388504617e-05
5.913621892337833137e-05
5.709164021565837303e-05
5.434662304022939815e-05
5.084863228794359936e-05
4.656516383050174888e-05
4.149407297918192831e-05
3.567324718604081675e-05
2.918854776397573778e-05
2.217893225690255814e-05
1.483774762510665300e-05
7.409361085663620589e-06
1.805699866495690106e-07
-6.533403396508525576e-06
-1.240808806895513401e-05
-1.713338056199195037e-05
-2.044036749566569117e-05
-2.212964096345297914e-05
-2.209897880362134606e-05
-2.036795612749303950e-05
-1.709689961514839735e-05
-1.259762957075055484e-05
-7.333684702334973120e-06
-1.908205019322863015e-06
2.961643790283569240e-06
6.483906412960352242e-06
7.843854922718795697e-06
6.266720183240548586e-06
1.087858652280725071e-06
-8.174066950988234166e-06
-2.174628316289934588e-05
-3.953955487896948176e-05
-6.110066931679328131e-05
-8.558596863540066351e-05
-1.117614432436823339e-04
-1.380336334108631731e-04
-1.625137737012029662e-04
-1.831153145824533461e-04
-1.976822795991822626e-04
-2.041430238106031205e-04
-2.006810507696946805e-04
-1.859118559340689858e-04
-1.590525517439648280e-04
-1.200695580677928019e-04
-6.978916017390058354e-05
-9.956453327769471920e-06
5.676974772470235668e-05
1.268949981901123895e-04
1.962444680081226397e-04
2.601935097390966701e-04
3.139648406285906810e-04
3.529762885478772861e-04
3.732158081716317592e-04
3.716140242565725365e-04
3.463796991176603139e-04
2.972612030335062931e-04
2.256985915484486323e-04
1.348377279700810089e-04
2.939059676960309583e-05
-8.465687123794860382e-05
-2.004696086251771606e-04
-3.108842621039481242e-04
-4.089759937060886670e-04
-4.886114146375822049e-04
-5.449247580989189429e-04
-5.746632024001731157e-04
-5.763693522964827547e-04
-5.503972075012308202e-04
-4.987816016922540794e-04
-4.249943481287811638e-04
-3.336245854718906164e-04
-2.300192064992771855e-04
-1.199134882779693422e-04
-9.074358354383251293e-06
9.702745150117121241e-05
1.935031971944680372e-04
2.762784648759266802e-04
3.422632714917812446e-04
3.894543338561000617e-04
4.169671457536573201e-04
4.249999953157392930e-04
4.147380873575050720e-04
3.882103981775642692e-04
3.481123529584410426e-04
2.976063946975475503e-04
2.401133645903169990e-04
1.791085115649472298e-04
1.179334639674181796e-04
5.963164337451911864e-05
6.813708063989226704e-06
-3.843947523634950244e-05
-7.463100812371040139e-05
-1.008599998578482812e-04
-1.167977843443563095e-04
-1.226365219419273101e-04
-1.190175445286332324e-04
-1.069456554213656454e-04
-8.769510658339097755e-05
-6.271288110624205026e-05
-3.352503102285633689e-05
-1.652122343317738234e-06
3.146038998861407521e-05
6.449299531358165338e-05
9.628413153085708985e-05
1.258473708729994692e-04
1.523799761975348755e-04
1.752682857819201179e-04
1.940919846721013658e-04
2.086244994977817053e-04
2.188226483596692027e-04
2.247979597385351682e-04
2.267667528908328387e-04
2.249856506938107108e-04
2.196897248571391724e-04
2.110556429015500348e-04
1.992069256565196726e-04
1.842637171857166786e-04
1.664226325784070280e-04
1.460406144480719628e-04
1.236928768740211285e-04
1.001786601238696043e-04
7.645926859420871754e-05
5.352961580073376479e-05
3.224428873945484958e-05
1.313665306524466826e-05
-3.722660429296160284e-06
-1.878886750652348868e-05
-3.300928502867837551e-05
-4.769932927169413079e-05
-6.435480848794575466e-05
-8.443697053051155057e-05
-1.091670734108987048e-04
-1.393604315353096502e-04
-1.753184544491605582e-04
-2.167841769084031861e-04
-2.629553069412356040e-04
-3.125410515005011850e-04
-3.638464291840445039e-04
-4.148711112538521384e-04
-4.634168314990490538e-04
-5.072027156235509775e-04
-5.439872012000996661e-04
-5.716896840180151970e-04
-5.885003927112265410e-04
-5.929685420643098122e-04
-5.840666778078477733e-04
-5.612378781020685090e-04
-5.244354670910975329e-04
-4.741595799179143468e-04
-4.114847971314873295e-04
-3.380648554264834536e-04
-2.560989199043932330e-04
-1.682491919792511350e-04
-7.750875482708381682e-05
1.297187568919793430e-05
1.000835232245643664e-04
1.809620355110058720e-04
2.531749180015141596e-04
3.148702308275532239e-04
3.648715728678844335e-04
4.027105653362393275e-04
4.285973102636257887e-04
4.433369410938008278e-04
4.482044374550618734e-04
4.447912512072001601e-04
4.348386274061398992e-04
4.200741244013204523e-04
4.020673821269831979e-04
3.821177908120857521e-04
3.611825389878934190e-04
3.398499742790885361e-04
3.183587355809734416e-04
2.966566579980021816e-04
2.744875646386106234e-04
2.514920651496920347e-04
2.273099277662636640e-04
2.016733130747836323e-04
1.744812232726557742e-04
1.458477265767181173e-04
1.161203657731832732e-04
8.586892219359341938e-05
5.584697771111049808e-05
2.692977758349166765e-05
3.326530972317005841e-08
-2.397811512431326014e-05
-4.438429619098062395e-05
-6.069150704514264028e-05
-7.269290343444203119e-05
-8.050016658821402659e-05
-8.454153720020768706e-05
-8.552575752299975060e-05
-8.437561092527073078e-05
-8.213777057162299268e-05
-7.987761647745051676e-05
-7.856993650528724526e-05
-7.899832367550017138e-05
-8.167507971947859718e-05
-8.678922334496934864e-05
-9.418551904533867182e-05
-1.033745567290816485e-04
-1.135727460706496394e-04
-1.237704480889654168e-04
-1.328250140226902522e-04
-1.395721071377337954e-04
-1.429438291165666119e-04
-1.420787164155062009e-04
-1.364094876833379824e-04
-1.257193136697131353e-04
-1.101633258339576566e-04
-9.025642263776642951e-05
-6.683122971804021477e-05
-4.097284615330593744e-05
-1.393946793876455614e-05
1.292211631911055551e-05
3.826019097625118711e-05
6.079814924173082688e-05
7.940896094555173772e-05
9.318086672165883826e-05
1.014692410711319563e-04
1.039286852314486888e-04
1.005209581836060198e-04
9.149874053594050862e-05
7.737064687696174514e-05
5.885618082307241059e-05
3.683845528256763654e-05
1.231844052818561894e-05
-1.362948703660792878e-05
-3.990204953542605243e-05
-6.541134743530643727e-05
-8.912673599534965373e-05
-1.101119023347421936e-04
-1.275559037924605028e-04
-1.407981740909383639e-04
-1.493483066802261570e-04
-1.529016455896017889e-04
-1.513508367640057609e-04
-1.447917415185355017e-04
-1.335211668098031915e-04
-1.180247763507936905e-04
-9.895523982061564050e-05
-7.710172818183506731e-05
-5.335216046164580858e-05
-2.864974162216804446e-05
-3.945786423422392426e-06
1.984827638734042019e-05
4.190599593112019280e-05
6.152438544822821497e-05
7.815321351083487551e-05
9.141423435377690635e-05
1.011108974791194497e-04
1.072292639231812013e-04
1.099298644459201029e-04
1.095293983767272239e-04
1.064718889981544197e-04
1.012910684927216699e-04
9.456784732848874989e-05
8.688739603614599937e-05
7.879952303990407408e-05
7.078451327584893925e-05
6.322550117744796358e-05
5.638840452377803699e-05
5.041093073202843544e-05
4.530206645640185846e-05
4.095244338487791588e-05
3.715472184790481790e-05
3.363219051141578522e-05
3.007300988585581421e-05
2.616685502775117312e-05
2.164048960178460029e-05
1.628919955948261611e-05
1.000177460033184874e-05
2.777463031743187052e-06
-5.266385462538017626e-06
-1.389753863441110711e-05
-2.278455207452808516e-05
-3.152512340592975590e-05
-3.968441180119775745e-05
-4.683752798099828288e-05
-5.260928498508197126e-05
-5.670588180710389205e-05
-5.893610816593399996e-05
-5.922185883503339204e-05
-5.759844179678550217e-05
-5.420522386559724327e-05
-4.926772770196876652e-05
-4.307345825902599424e-05
-3.594470758271718419e-05
-2.821172272730956300e-05
-2.018888681731432957e-05
-1.215545888899755226e-05
-4.341761486718631149e-06
3.078044509955850844e-06
9.984905619202382484e-06
1.630425455331731348e-05
2.198659707182464902e-05
2.698324835693473805e-05
3.122385269798833837e-05
3.460288022604299241e-05
3.698009675728293293e-05
3.819585101291550819e-05
3.809767511889273383e-05
3.657191514114421945e-05
3.357360554063198576e-05
2.914887814685433845e-05
2.344569425502079197e-05
1.671021459984201409e-05
9.268114058544171449e-06
1.492861751519632254e-06
-6.234150850745077889e-06
-1.356468144720928665e-05
-2.021828344391626202e-05
-2.600390096730546970e-05
-3.082466188553265789e-05
-3.466653605490738210e-05
-3.757583349186479260e-05
-3.963245334644586922e-05
-4.092460265595715093e-05
-4.152798370446533500e-05
-4.149043495266111831e-05
-4.082244513348536595e-05
-3.949401009431794437e-05
-3.743811524603286693e-05
-3.456078439470701869e-05
-3.075745117438788602e-05
-2.593500727085455395e-05
-2.003769108928326454e-05
-1.307325403209506754e-05
-5.134527937663968528e-06
3.588500843658216829e-06
1.280922116403020034e-05
2.215732554856409043e-05
3.120064281720216358e-05
3.947113489680030226e-05
4.649173087325011739e-05
5.180334955003080530e-05
5.499332685111979848e-05
5.572633824285182631e-05
5.377703207406091306e-05
4.906116695354009396e-05
4.166037484288179530e-05
3.183553690581512511e-05
2.002530629427343124e-05
6.828999705746712331e-06
-7.024271722726627577e-06
-2.071690637544190022e-05
-3.339124331655419391e-05
-4.420260127475615506e-05
-5.237494666496906801e-05
-5.725698837144945798e-05
-5.837574848736195687e-05
-5.548386289284435341e-05
-4.859620212547535387e-05
-3.801089326154573545e-05
-2.430980168682346355e-05
-8.334640728979718263e-06
8.862568871670504415e-06
2.609250626437008681e-05
4.211949928815788402e-05
5.576232332175151891e-05
6.599504233929638316e-05
7.203733156702469230e-05
7.342436841994538310e-05
7.004855509757699854e-05
6.216850378354750364e-05
5.038430911988012173e-05
3.558195225881033549e-05
1.885331270290562994e-05
1.400801321650602007e-06
-1.556363127026874458e-05
-3.091625050843163229e-05
-4.370882358263987331e-05
-5.323954464221459143e-05
-5.910237127626619168e-05
-6.121012896189334767e-05
-5.978835305503384117e-05
-5.533990482671771526e-05
-4.858408604018525856e-05
-4.037703041673007130e-05
-3.162204598561178570e-05
-2.317945035419267529e-05
-1.578529552354869211e-05
-9.987085809851626553e-06
-6.102284631951959839e-06
-4.202462604133797617e-06
-4.122841731224081313e-06
-5.494336393923959045e-06
-7.793421289491127740e-06
-1.040415173488904312e-05
-1.268600594736147283e-05
-1.404089226414197585e-05
-1.397302652969495313e-05
-1.213646140122906972e-05
-8.366444209375436999e-06
-2.692351158942272389e-06
4.668116391389354886e-06
1.333169499247565667e-05
2.278603287671421762e-05
3.243621653609628333e-05
4.165777439314201618e-05
4.985221230371973959e-05
5.650013725005346971e-05
6.120616143843866344e-05
6.372991339792118104e-05
6.399897651354635470e-05
6.210234693309464821e-05
5.826648917026390723e-05
5.281912469481741612e-05
4.614743191099257059e-05
3.865715544781899072e-05
3.073773344004789953e-05
2.273657345014927110e-05
1.494361546240530265e-05
7.585820685134280806e-06
8.303298499072761334e-07
-5.205628633088697663e-06
-1.044074795193908746e-05
-1.481479833021138691e-05
-1.827593833570721369e-05
-2.077209109884913722e-05
-2.224701531667191721e-05
-2.264103008217707415e-05
-2.189634382412862751e-05
-1.996708546669683729e-05
-1.683400210718147619e-05
-1.252309536306685612e-05
-7.126038466725813669e-06
-8.183589011827494371e-07
6.129855841479528824e-06
1.335543882962145134e-05
2.041811155133325441e-05
2.683005488073966793e-05
3.209562078885609476e-05
3.575644633910106293e-05
3.743706589227087497e-05
3.688643732027919097e-05
3.401115395517385572e-05
2.889648485275771747e-05
2.181195813271556737e-05
1.319916723278744621e-05
3.641090580975212631e-06
-6.185382979145030976e-06
-1.556926135887520861e-05
-2.383094092172573071e-05
-3.038588074349743537e-05
-3.479949133338519510e-05
-3.682775480103934367e-05
-3.643999591084967301e-05
-3.382213257148141013e-05
-2.936049163563287314e-05
-2.360796776822259087e-05
-1.723596716521507609e-05
-1.097688835580247827e-05
-5.562372081355677753e-06
-1.662222354902074346e-06
1.715568547035859642e-07
-4.488037709447667447e-07
-3.714361377442309105e-06
-9.604467961105885303e-06
-1.789058315981998705e-05
-2.815740888425526567e-05
-3.983764835396942151e-05
-5.225582407488279575e-05
-6.467695063318954656e-05
-7.635668913862469066e-05
-8.659015788634966083e-05
-9.475663747872390048e-05
-1.003573301706593284e-04
-1.030435538833949691e-04
-1.026334455835098186e-04
-9.911630248926362212e-05
-9.264486919597242917e-05
-8.351697797219024134e-05
-7.214883527219701767e-05
-5.904282096513747985e-05
-4.475284755703809019e-05
-2.985010447257932395e-05
-1.489146658210153783e-05
-3.921310707370197473e-07
1.319661865518804598e-05
2.550405547670889814e-05
3.625079322493615462e-05
4.525360376997550528e-05
5.242443346600352021e-05
5.776418055903386807e-05
6.135216362587507467e-05
6.333243174772673178e-05
6.389812828023497618e-05
6.327507181108144767e-05
1.951455701962383590e-05
1.964719894995889382e-05
1.949410522389966868e-05
1.902848041375880431e-05
1.823251520571418210e-05
1.709890873168371431e-05
1.563192769402801824e-05
1.384792266978067805e-05
1.177525303463726803e-05
9.453605360629831216e-06
6.932724511777003018e-06
4.270610646236706008e-06
1.531267176161526218e-06
-1.217887607254320223e-06
-3.908810913701205898e-06
-6.475679403069564731e-06
-8.857632859064913628e-06
-1.100126760217205698e-05
-1.286274250839001985e-05
-1.440938188853759148e-05
-1.562068936663123941e-05
-1.648872451690649020e-05
-1.701783649897368892e-05
-1.722379205508050353e-05
-1.713237513788174138e-05
-1.677756876314362330e-05
-1.619945310828182673e-05
-1.544196458267443238e-05
-1.455065714461287985e-05
-1.357059034634464972e-05
-1.254444216072982408e-05
-1.151091442439124198e-05
-1.050347048005243469e-05
-9.549422152018729903e-06
-8.669367740199427800e-06
-7.876972608552136609e-06
-7.179075553696738123e-06
-6.576094435140478568e-06
-6.062693166373176013e-06
-5.628660914808566943e-06
-5.259945462377375396e-06
-4.939777974109479487e-06
-4.649826975714591781e-06
-4.371324531848451008e-06
-4.086115197825567125e-06
-3.777586449593103821e-06
-3.431448213742289874e-06
-3.036340078125913097e-06
-2.584257679130243471e-06
-2.070802563843170286e-06
-1.495269856885759957e-06
-8.605934925189732423e-07
-1.731692049383413843e-07
5.574278300980299808e-07
1.318818383148426706e-06
2.096278718405762487e-06
2.873276278577326442e-06
3.632071439587945656e-06
4.354371494809402993e-06
5.022019431753318301e-06
5.617697198491660927e-06
6.125619771840152597e-06
6.532191748261519766e-06
6.826593729355916057e-06
7.001263475320056435e-06
7.052238045786439439e-06
6.979328978985904118e-06
6.786113549012172756e-06
6.479740446423458402e-06
6.070565242662671006e-06
5.571646161613899195e-06
4.998141004320511056e-06
4.366650243799729628e-06
3.694549528984496270e-06
2.999348230000424852e-06
2.298101169594538749e-06
1.606890991556514046e-06
9.403911371744223617e-07
3.115148751008167900e-07
-2.688469374643506433e-07
-7.919994860980815842e-07
-1.251532986205291792e-06
-1.643335692842859073e-06
-1.965544346925991452e-06
-2.218449706285361491e-06
-2.404378334356516782e-06
-2.527573884715692311e-06
-2.594100079021467458e-06
-2.611781637004797503e-06
-2.590187694252457569e-06
-2.540645650216235731e-06
-2.476254952902613527e-06
-2.411854405229065481e-06
-2.363887359097028817e-06
-2.350109392864893414e-06
-2.389093344935860573e-06
-2.499505208002990239e-06
-2.699148108219756072e-06
-3.003797068410678732e-06
-3.425872409437464421e-06
-3.973023726996307893e-06
-4.646718713997346916e-06
-5.440949849664456433e-06
-6.341184310719246591e-06
-7.323685806215804767e-06
-8.355330328057713622e-06
-9.394021827458049005e-06
-1.038979014507328716e-05
-1.128662269825024618e-05
-1.202504241594541104e-05
-1.254539590101243745e-05
-1.279175790106056681e-05
-1.271629285895323547e-05
-1.228384507777627516e-05
-1.147646108613585373e-05
-1.029748872070529621e-05
-8.774856597953516467e-06
-6.963123853060546238e-06
-4.943909497240876099e-06
-2.824366430424879772e-06
-7.334571766705874389e-07
1.184084896050921581e-06
2.776066618944658805e-06
3.893190676096892846e-06
4.401024441100502915e-06
4.192941217650390044e-06
3.203194724085831134e-06
1.419119826141054301e-06
-1.108663185357436722e-06
-4.259205486611027139e-06
-7.838462116796792676e-06
-1.158175859540125778e-05
-1.516218538202212279e-05
-1.820524526901597630e-05
-2.030962248933396906e-05
-2.107342153407253999e-05
-2.012466912598625331e-05
-1.715432403258262162e-05
-1.194954444964020814e-05
-4.424574636968707386e-06
5.353615308561590386e-06
1.714782156220378981e-05
3.054388668750467197e-05
4.495692295085141406e-05
5.965185612123013049e-05
7.377863061408173001e-05
8.642117072734436254e-05
9.665783057824477848e-05
1.036297203632930575e-04
1.066120936571393781e-04
1.050830272005814919e-04
9.878304962268212239e-05
8.775926034708739221e-05
7.238786877484933927e-05
5.337025306483023925e-05
3.169993692953571441e-05
8.601076970544224395e-06
-1.455753557880401305e-05
-3.636577600106475196e-05
-5.548313674250358863e-05
-7.074667579120510368e-05
-8.126604476067286070e-05
-8.649752754315450081e-05
-8.629116946458733261e-05
-8.090710229817698544e-05
-7.099922270989433848e-05
-5.756689555413467226e-05
-4.187825856744654848e-05
-2.537131035921181887e-05
-9.540813680547583780e-06
4.179797176938967481e-06
1.453188927370188717e-05
2.053139671743518213e-05
2.154712557170049755e-05
1.735155795254593133e-05
8.140144393731383931e-06
-5.482345546958996147e-06
-2.254677453233422841e-05
-4.179124665227448529e-05
-6.175256398911640977e-05
-8.086989874658430367e-05
-9.759340122855637313e-05
-1.104912467421528154e-04
-1.183491468877559611e-04
-1.202565118017151393e-04
-1.156737343954110766e-04
-1.044759671998807921e-04
-8.697019001664756067e-05
-6.388388574457210044e-05
-3.632522953459373338e-05
-5.716731955153447453e-06
2.629330802070493065e-05
5.793514175936843803e-05
8.743026781551647606e-05
1.131049429954137633e-04
1.334973452025185606e-04
1.474519103967971150e-04
1.541953623676334143e-04
1.533900982215735003e-04
1.451616632983419126e-04
1.300981844115100833e-04
1.092212403289770053e-04
8.392981304501559263e-05
5.592107561123221615e-05
2.709303270305529366e-05
-5.656139717393539887e-07
-2.509285867328509375e-05
-4.467224403506428682e-05
-5.774726893567472936e-05
-6.312557005217819394e-05
-6.006695707636601896e-05
-4.834896433817815721e-05
-2.830387407563739679e-05
-8.230944291827370016e-07
3.267216302453488611e-05
7.029233309568234077e-05
1.097701677710622619e-04
1.485769925774856797e-04
1.840596741171205038e-04
2.135916460855266403e-04
2.347299281110722168e-04
2.453695012405509657e-04
2.438863440728164511e-04
2.292605842086433321e-04
2.011716219528740654e-04
1.600576245678886887e-04
1.071323059596898111e-04
4.435294974320707148e-05
-2.566359860284252083e-05
-9.977516308140447262e-05
-1.744905979809088944e-04
-2.461749958540237473e-04
-3.112676727570225623e-04
-3.664956893078392627e-04
-4.090656645053098958e-04
-4.368193756772937642e-04
-4.483446526750680056e-04
-4.430396961875292272e-04
-4.211331731983849634e-04
-3.836636822705405360e-04
-3.324218629393786532e-04
-2.698587108569789565e-04
-1.989654577296503558e-04
-1.231317376267278567e-04
-4.598764519027562767e-05
2.876651340133137835e-05
9.753806212865030138e-05
1.570191116380411191e-04
2.043519648905851513e-04
2.372724290226355744e-04
2.542242611550459366e-04
2.544410984772428521e-04
2.379930013072936929e-04
2.057950791346245707e-04
1.595778743709119307e-04
1.018220814281007550e-04
3.566104332412076280e-05
-3.524703388617137184e-05
-1.068769192694865664e-04
-1.750238683025648128e-04
-2.355176144308431202e-04
-2.844545364065392064e-04
-3.184340884265017785e-04
-3.347820643499628524e-04
-3.317428986514332659e-04
-3.086248141707512898e-04
-2.658841418941657736e-04
-2.051387191317447943e-04
-1.291047157210438760e-04
-4.145576771489545525e-05
5.339156358507256284e-05
1.505546594473883607e-04
2.450035970665825208e-04
3.318941822435726675e-04
4.068860943087199795e-04
4.664208052602310511e-04
5.079397676002514852e-04
5.300286827502696113e-04
5.324786613192803364e-04
5.162609170857927711e-04
4.834181693988552934e-04
4.368815044702915699e-04
3.802251274452374003e-04
3.173750529440907920e-04
2.522936584115246334e-04
1.886690216630370113e-04
1.296417700599671551e-04
7.759903419889298531e-05
3.405475158683491949e-05
-3.784016287586408536e-07
-2.593251886650803589e-05
-4.355779595771010540e-05
-5.474294540146979545e-05
-6.130162802388776496e-05
-6.514623558136514150e-05
-6.807203569321674174e-05
-7.157336462686636654e-05
-7.670898540910969603e-05
-8.402719700578940843e-05
-9.355403273065064737e-05
-1.048411699220615505e-04
-1.170649840727859623e-04
-1.291641125258493413e-04
-1.399989203289571512e-04
-1.485131037127950448e-04
-1.538775766854281882e-04
-1.556005464716781448e-04
-1.535934397182732317e-04
-1.481879552178435536e-04
-1.401046872345986004e-04
-1.303789074792654568e-04
-1.202533317435507094e-04
-1.110497564731051991e-04
-1.040319407395109427e-04
-1.002723439234921209e-04
-1.005347316601990578e-04
-1.051824567258666368e-04
-1.141200424029644659e-04
-1.267749072270609346e-04
-1.421245026322784464e-04
-1.587691535480573093e-04
-1.750439393012245262e-04
-1.891578209654163267e-04
-1.993463699557210451e-04
-2.040244132909113108e-04
-2.019250380685209804e-04
-1.922119258083771658e-04
-1.745543758975047694e-04
-1.491586322464162292e-04
-1.167535920961812327e-04
-7.853311547962933301e-05
-3.606161063534127484e-05
8.846029395335046103e-06
5.425587448027287740e-05
9.824260484950754165e-05
1.390005887413592030e-04
1.749311425575739501e-04
2.047048138057082031e-04
2.273013965612015041e-04
2.420313031385299578e-04
2.485409738682213109e-04
2.468039429115564259e-04
2.370992707096413637e-04
2.199803192461657626e-04
1.962383706815740863e-04
1.668662793371697125e-04
1.330260068581557364e-04
9.601999410659356948e-05
5.726156875237022547e-05
1.823713740381972175e-05
-1.954552167523819441e-05
-5.462358243490703460e-05
-8.565423587394930941e-05
-1.114870604593038892e-04
-1.312208371860628861e-04
-1.442360894931541586e-04
-1.502024690469413385e-04
-1.490672906929569165e-04
-1.410342110864914989e-04
-1.265390280375649210e-04
-1.062260095519273871e-04
-8.092578827069233369e-05
-5.163452972371828688e-05
-1.949263658121592476e-05
1.423996319369134726e-05
4.821487397144123420e-05
8.103468253220787285e-05
1.113021295359301722e-04
1.376793729598463367e-04
1.589552531174307003e-04
1.741148049566905573e-04
1.824025806986579075e-04
1.833716702755837781e-04
1.769135893315981214e-04
1.632682000719872938e-04
1.430152155171070618e-04
1.170493476184553393e-04
8.654088843834458898e-05
5.288308951897478810e-05
1.762733064946803006e-05
-1.759269622005162537e-05
-5.114506323383110709e-05
-8.148668511884934692e-05
-1.072462729934344405e-04
-1.272965201978397420e-04
-1.408112304871684043e-04
-1.473056617878037565e-04
-1.466603730731828154e-04
-1.391295804908129047e-04
-1.253333688458051773e-04
-1.062303785625370487e-04
-8.306745053505114329e-05
-5.730640276267338142e-05
-3.053251154095253962e-05
-4.351267593980834324e-06
1.971960428993640069e-05
4.035447986897653229e-05
5.650982965767702929e-05
6.748888386207050314e-05
7.297392837524729078e-05
7.302593284936302219e-05
6.805660943036610333e-05
5.877932874251906781e-05
4.614372093196006679e-05
3.125745897353632378e-05
1.529959603792839463e-05
-5.677731174802504085e-07
-1.528107924447537331e-05
-2.794230300355991683e-05
-3.786642588604881851e-05
-4.460763124384310735e-05
-4.796540765973275871e-05
-4.797351075793997345e-05
-4.487540361558976863e-05
-3.908963999305357971e-05
-3.116815716897448733e-05
-2.174983976634910140e-05
-1.151138336000047117e-05
-1.118085577299578637e-06
8.821422922759454690e-06
1.779168993757067032e-05
2.539424665846261081e-05
3.135684719245575823e-05
3.552841528752125251e-05
3.786177156945719902e-05
3.838803905674156392e-05
3.718819714036864925e-05
3.436754656169163527e-05
3.003753152383780207e-05
2.430729301734730019e-05
1.728540311823095646e-05
9.090717339080892870e-06
-1.299804598088817104e-07
-1.018123456636131234e-05
-2.080021736388540599e-05
-3.164583474354145293e-05
-4.230028691715871067e-05
-5.228508711469757468e-05
-6.109027009526150432e-05
-6.821253164097094198e-05
-7.319618986197185613e-05
-7.567073364654665628e-05
-7.538020951442376801e-05
-7.220216358393566076e-05
-6.615646241778576581e-05
-5.740607823659695517e-05
-4.625212157264521086e-05
-3.312421489253214403e-05
-1.856571675575160269e-05
-3.212399145754811085e-06
1.223655376637175013e-05
2.705518443166367120e-05
4.053351482894957894e-05
5.202341276793209801e-05
6.098323058990858588e-05
6.701614336121203134e-05
6.989758302543634509e-05
6.958882111863322318e-05
6.623592882199128939e-05
6.015535037177404976e-05
5.180876803878545927e-05
4.177054689978949495e-05
3.069079866792849684e-05
1.925648782129524007e-05
8.152581006469824200e-06
-1.974980580588497323e-06
-1.055293461079713697e-05
-1.710962964697317968e-05
-2.129812660931947935e-05
-2.291281592053449851e-05
-2.189931932906886530e-05
-1.835734771885558128e-05
-1.253567109864715274e-05
-4.818142783287013257e-06
4.299613292852862045e-06
1.424175609955305730e-05
2.438924135594684517e-05
3.411836903444213876e-05
4.283677571318590666e-05
5.001369793306862180e-05
5.520310509667915517e-05
5.806034678212669249e-05
5.835441093807393787e-05
5.597797824513734365e-05
5.095607323423427407e-05
4.345204402074719492e-05
3.376805019083290723e-05
2.233693997813102110e-05
9.703293422165788047e-06
-3.506905844362156414e-06
-1.662640124905521505e-05
-2.899296057791935399e-05
-3.999673138069478488e-05
-4.912309969385920342e-05
-5.598629065009534309e-05
-6.035076703889832248e-05
-6.213954235942204462e-05
-6.143004092034694459e-05
-5.843899719201721155e-05
-5.349847271893391125e-05
-4.702561020707602150e-05
-3.948910943288357284e-05
-3.137536709044230976e-05
-2.315673951862174773e-05
-1.526372509699926812e-05
-8.062358817121892372e-06
-1.837818248838724109e-06
3.215085039920095021e-06
6.994378888024842600e-06
9.486839611660960315e-06
1.075833460876719347e-05
1.093993904765715012e-05
-5.595520482662004968e-06
-5.485933553606806271e-06
-5.308455366798403258e-06
-5.058658377321648531e-06
-4.734483282729037309e-06
-4.336569371252851274e-06
-3.868450552099594648e-06
-3.336594504525445799e-06
-2.750271699699416378e-06
-2.121251702882704733e-06
-1.463335501336497349e-06
-7.917439365758410605e-07
-1.223929402119874620e-07
5.289045250462248456e-07
1.147262811915613708e-06
1.719522826607701474e-06
2.234973618030384345e-06
2.685946271378320714e-06
3.068236409429053052e-06
3.381321812257673836e-06
3.628355426335462896e-06
3.815930472686316667e-06
3.953631752828294589e-06
4.053403396678514952e-06
4.128776662793638119e-06
4.194011601257521776e-06
4.263213240844137647e-06
4.349485446423597329e-06
4.464182234371345279e-06
4.616306630167273628e-06
4.812092438322444209e-06
5.054787046378526418e-06
5.344635805535346643e-06
5.679052103162112762e-06
6.052943309653748051e-06
6.459152712187486841e-06
6.888972123767091900e-06
7.332678853833035259e-06
7.780053187239082641e-06
8.220837502392468491e-06
8.645105522649928329e-06
9.043520593261429472e-06
9.407475606772278007e-06
9.729122847995849146e-06
1.000131651624142011e-05
1.021750096083034480e-05
1.037158240271222792e-05
1.045782158004223390e-05
1.047078051730281442e-05
1.040534937283263856e-05
1.025686935392922066e-05
1.002135504855009780e-05
9.695804989587650897e-06
9.278574789101550261e-06
8.769775027454237111e-06
8.171647936533917971e-06
7.488873854562565205e-06
6.728761123182350483e-06
5.901281627423337001e-06
5.018927735532514208e-06
4.096383173043281815e-06
3.150017922584710144e-06
2.197233281416933154e-06
1.255696256663847327e-06
3.425120028697154547e-07
-5.266109607637290736e-07
-1.338145322750886051e-06
-2.081422489406343558e-06
-2.749150191221845686e-06
-3.337725203953780572e-06
-3.847308256384339378e-06
-4.281644378251474397e-06
-4.647631709513594106e-06
-4.954663922967700802e-06
-5.213793725506471448e-06
-5.436784350736753029e-06
-5.635129091694714632e-06
-5.819123015440028596e-06
-5.997065557500351715e-06
-6.174659709577531416e-06
-6.354655788623317611e-06
-6.536767206043671832e-06
-6.717863261760506111e-06
-6.892420975009263817e-06
-7.053196116296699938e-06
-7.192054627932896657e-06
-7.300890551661927427e-06
-7.372546162264059648e-06
-7.401645429502414141e-06
-7.385254780494794417e-06
-7.323296500131437755e-06
-7.218660008939746425e-06
-7.076983813996376510e-06
-6.906114553215539813e-06
-6.715286686673958795e-06
-6.514103105965797724e-06
-6.311427979523258201e-06
-6.114322669923315061e-06
-5.927158527994014962e-06
-5.751024536704318629e-06
-5.583515234106638889e-06
-5.418941225654695323e-06
-5.248958493150164699e-06
-5.063569783195765697e-06
-4.852415308518656442e-06
-4.606242593920215609e-06
-4.318427223974807221e-06
-3.986407691738321895e-06
-3.612898456295003864e-06
-3.206755183001334182e-06
-2.783383809930306801e-06
-2.364609348013725970e-06
-1.977950813003590292e-06
-1.655285605340694690e-06
-1.430929278982589391e-06
-1.339202740165029984e-06
-1.411605899191037771e-06
-1.673762225695517863e-06
-2.142339041554263070e-06
-2.822178966415017336e-06
-3.703894533467203668e-06
-4.762178261638375416e-06
-5.955063347912957608e-06
-7.224335158311182403e-06
-8.497240700104948631e-06
-9.689572493268189696e-06
-1.071011601092562195e-05
-1.146634918022785346e-05
-1.187117318785114888e-05
-1.185034220126155271e-05
-1.135015245455404328e-05
-1.034485562463384557e-05
-8.843185698334479641e-06
-6.893342998356705102e-06
-4.585776013788331356e-06
-2.053152618310588723e-06
5.329754679619650145e-07
2.969135658037000565e-06
5.030610842008263551e-06
6.485630822314538484e-06
7.112562932261510510e-06
6.719256345091964610e-06
5.163378614439538219e-06
2.372308630612481794e-06
-1.639053496014363117e-06
-6.754303408146785243e-06
-1.274709952300380949e-05
-1.927983949289586963e-05
-2.591069053035296128e-05
-3.210975543559170655e-05
-3.728456095342375082e-05
-4.081435369062907741e-05
-4.209191920191607440e-05
-4.057085124043176652e-05
-3.581545008562225715e-05
-2.754978868196356856e-05
-1.570202396525938285e-05
-4.398155690322749702e-07
1.780720078171104829e-05
3.834151846547859561e-05
6.021131438182596152e-05
8.224523961285594713e-05
1.031088654303930147e-04
1.213815727966112445e-04
1.356508255664219372e-04
1.446188487478706271e-04
1.472149385954761656e-04
1.427050536960498546e-04
1.307889093005444017e-04
1.116734890740070547e-04
8.611109427986091212e-05
5.539070994407269008e-05
2.127464352181755979e-05
-1.412127371387458656e-05
-4.849654668352637403e-05
-7.956684284342987253e-05
-1.052726104257013372e-04
-1.239693457384281536e-04
-1.345767815781187603e-04
-1.366713926137356236e-04
-1.305150550468778291e-04
-1.170205580410563857e-04
-9.766087778429346329e-05
-7.433323279235323267e-05
-4.919105407838778135e-05
-2.445766583996129845e-05
-2.235607419343499971e-06
1.567360183951307809e-05
2.792278804028852944e-05
3.372892632183459934e-05
3.292656505448470492e-05
2.595940285077698838e-05
1.381337504301446135e-05
-2.097424116697697914e-06
-2.007539182006995356e-05
-3.829660879052692918e-05
-5.496465605084021049e-05
-6.844905322993212124e-05
-7.739999090306304871e-05
-8.083363365272110395e-05
-7.818424687347410576e-05
-6.932147916416221494e-05
-5.453374162610413018e-05
-3.448167411983743644e-05
-1.012846544309464470e-05
1.734451201480968925e-05
4.662778356506772851e-05
7.637078603342452223e-05
1.052578601963672191e-04
1.320673390171967561e-04
1.557113006424158566e-04
1.752574831520637463e-04
1.899380806160384046e-04
1.991518922167986026e-04
2.024661720947779314e-04
1.996225276371876791e-04
1.905480710031779660e-04
1.753699630289454691e-04
1.544294043806344278e-04
1.282902860911756858e-04
9.773803917311531817e-05
6.376554721694945764e-05
2.754502035126926197e-05
-9.613002832439026721e-06
-4.631055202378174301e-05
-8.111930123713123456e-05
-1.126404865238885380e-04
-1.395654136493011416e-04
-1.607354703097013248e-04
-1.752010355420837806e-04
-1.822778431312278965e-04
-1.815975306143492827e-04
-1.731476926684914807e-04
-1.572968474917976528e-04
-1.348008294903668800e-04
-1.067879866652505659e-04
-7.472099313211319840e-05
-4.033416308846651604e-05
-5.547530534120852805e-06
2.763831346188465874e-05
5.726093791574953234e-05
8.152174501836973114e-05
9.891040026969263497e-05
1.083173876615672215e-04
1.091226968653357846e-04
1.012500441272251161e-04
8.517976165749773843e-05
6.191787477821634610e-05
3.292290034948082991e-05
-4.355397770374982340e-09
-3.485914723974827277e-05
-6.958765760452736049e-05
-1.022453288830025452e-04
-1.311450956457779651e-04
-1.549816160767105333e-04
-1.729180732436870081e-04
-1.846249361650097024e-04
-1.902655568182699678e-04
-1.904305308674155426e-04
-1.860305185965289532e-04
-1.781647283961650227e-04
-1.679866257572262692e-04
-1.565863854326256569e-04
-1.449015034117320734e-04
-1.336574707448140312e-04
-1.233343054594305177e-04
-1.141531024311598705e-04
-1.060776845084881342e-04
-9.882826538003706084e-05
-9.190611048644956288e-05
-8.462989554684137460e-05
-7.618524611123522229e-05
-6.568856174579245895e-05
-5.226489735562054884e-05
-3.513789743261162840e-05
-1.372757089381516487e-05
1.225152568116248783e-05
4.270333856437246117e-05
7.708964701948694490e-05
1.144103536918430499e-04
1.532339217011114449e-04
1.917786182933503894e-04
2.280373007260289573e-04
2.599329867193098196e-04
2.854890056821301038e-04
3.029959275522935667e-04
3.111584656795314671e-04
3.092089609772120289e-04
2.969782291866174262e-04
2.749182501416173527e-04
2.440747479253561100e-04
2.060123990244268550e-04
1.627014198839880519e-04
1.163793938657497394e-04
6.940345108006690722e-05
2.410516482257316572e-05
-1.734309346007435553e-05
-5.304340612962793423e-05
-8.146316614975820665e-05
-1.014982226343865898e-04
-1.125092420604431582e-04
-1.143347374840147950e-04
-1.072833656244394796e-04
-9.210630762074100255e-05
-6.995066968444238736e-05
-4.229596845410372313e-05
-1.087532010695592980e-05
2.241851961075186407e-05
5.564124914282370641e-05
8.691396098278317609e-05
1.145392041922918818e-04
1.371051698508517767e-04
1.535683702119798101e-04
1.633070638186536632e-04
1.661400870620858986e-04
1.623096000329488585e-04
1.524305870131567272e-04
1.374131383335007082e-04
1.183652620767995482e-04
9.648471118129284502e-05
7.294861827858222869e-05
4.881020434223162086e-05
2.491225068691968334e-05
1.826125834869385812e-06
-2.017710463032325866e-05
-4.111875528712344763e-05
-6.126460365107458991e-05
-8.103851298929562008e-05
-1.009079982731822588e-04
-1.212605697321644013e-04
-1.422924475386200943e-04
-1.639277296324613195e-04
-1.857793624008166427e-04
-2.071560592394736306e-04
-2.271125539554018032e-04
-2.445346230085343833e-04
-2.582461369811064238e-04
-2.671240993401130526e-04
-2.702093475470371438e-04
-2.668040074759086611e-04
-2.565494439724489871e-04
-2.394788300533703571e-04
-2.160381650244331858e-04
-1.870715123083790672e-04
-1.537707299476668318e-04
-1.175946132847829830e-04
-8.016521029298375334e-05
-4.315040038224404728e-05
-8.142655160622738579e-06
2.345593373937954261e-05
5.053310492433244557e-05
7.234222163926513427e-05
8.854726121476003185e-05
9.923120754615026833e-05
1.048644787338735384e-04
1.062344772990846006e-04
1.043441215112475453e-04
1.002939665474362276e-04
9.516533795867000213e-05
8.991884165581524846e-05
8.531556698189312227e-05
8.186159611729797441e-05
7.977373879660250517e-05
7.896590404907990102e-05
7.905806504080042387e-05
7.941049869532170542e-05
7.918465960472334552e-05
7.742943498992749425e-05
7.318741718010402246e-05
6.561048895973158068e-05
5.407024157220680723e-05
3.824954000997506966e-05
1.820638544976595148e-05
-5.592874004793678758e-06
-3.226964622871839039e-05
-6.055651797288022552e-05
-8.884891092023419496e-05
-1.152886238237916259e-04
-1.378811693535229215e-04
-1.546424054893911701e-04
-1.637628162185390140e-04
-1.637737162532075475e-04
-1.536994752738514501e-04
-1.331819277973018880e-04
-1.025649974593234462e-04
-6.292801154055585556e-05
-1.605677643506310767e-05
3.565453445085340007e-05
8.936871632189299865e-05
1.420247088605458173e-04
1.905878447265229800e-04
2.323036289877937629e-04
2.649268106404968582e-04
2.868997618059194185e-04
2.974596474657838132e-04
2.966629780221937220e-04
2.853274623201231984e-04
2.649019532320433246e-04
2.372837928461160963e-04
2.046082165187048784e-04
1.690360968591968639e-04
1.325639384154423967e-04
9.687468535907444583e-05
6.324147850280775708e-05
3.248991529179073075e-05
5.017238259139071782e-06
-1.914058795853856208e-05
-4.020905938485591343e-05
-5.856093218902187812e-05
-7.460605056483481394e-05
-8.870072132128724741e-05
-1.010867524552467933e-04
-1.118637274644227624e-04
-1.209924493601182848e-04
-1.283242907127230188e-04
-1.336500521025563962e-04
-1.367608719749150012e-04
-1.375116399287148550e-04
-1.358754658025676965e-04
-1.319783212812350036e-04
-1.261070294070846544e-04
-1.186899207057447056e-04
-1.102551422021342848e-04
-1.013752565328856299e-04
-9.260813289370736908e-05
-8.444342943033611676e-05
-7.726175824882932958e-05
-7.131064922653937031e-05
-6.669837791926092594e-05
-6.340416184575093088e-05
-6.130117327674103377e-05
-6.018692533944234793e-05
-5.981424368842696128e-05
-5.991627854169119760e-05
-6.022133225139582097e-05
-6.045703085023392144e-05
-6.034714594476854864e-05
-5.960692262217886990e-05
-5.794350616037852761e-05
-5.506679304009232611e-05
-5.071293539910136150e-05
-4.467856492444996730e-05
-3.685986889203779493e-05
-2.728846558275809067e-05
-1.615632188892662482e-05
-3.824067649018537539e-06
9.190068410080875420e-06
2.224050733163070956e-05
3.460113179836093105e-05
4.552463579534965672e-05
5.430969310950023877e-05
6.037047960676033219e-05
6.330209866908479571e-05
6.293481333804969201e-05
5.937020105217894963e-05
5.299345452847862897e-05
4.445802056594990359e-05
3.464165366791463257e-05
2.457660187150540677e-05
1.536046679653187060e-05
8.057446657076116372e-06
3.601368198462640067e-06
2.711487567300554082e-06
5.829313096158890992e-06
1.308064154164998723e-05
2.426335194729781078e-05
3.885927914513102329e-05
5.606741326306792180e-05
7.485510855569111612e-05
9.402371712987752576e-05
1.122850922806614785e-04
1.283453920263297795e-04
1.409919235380574227e-04
1.491774077313125376e-04
1.520950546120134654e-04
1.492382180362153811e-04
1.404401535707496267e-04
1.258918562940123862e-04
1.061381056415848143e-04
8.205272664257290123e-05
5.479362738271763809e-05
2.573754523404931684e-05
-3.604852024952789695e-06
-3.169018177891905533e-05
-5.705273785254293519e-05
-7.841356839266936665e-05
-9.477612361068431235e-05
-1.054970774062318926e-04
-1.103241576810356372e-04
-1.093980006547636631e-04
-1.032205657580639505e-04
-9.259664355024890424e-05
-7.855674443934591335e-05
-6.226968981453872480e-05
-4.495235117094850051e-05
-2.778293893759232813e-05
-1.182350661188167566e-05
2.043334267224021885e-06
1.315965675230836341e-05
2.111723720567900976e-05
2.576191041645198047e-05
2.717853200078560776e-05
2.565947339237335239e-05
2.166090834520496047e-05
1.575187934439292031e-05
8.561172972622839504e-06
7.264764400485847852e-07
-7.150637447737059042e-06
-1.454138448293446163e-05
-2.101658559130794435e-05
-2.626302656168800172e-05
-3.008958984697384192e-05
