           1   9261.447      -11340.09       67719.89    
           2   9243.995      -10340.24       67719.89    
           3   9226.542      -9340.396       67719.89    
           4   9209.090      -8340.548       67719.89    
           5   9191.637      -7340.700       67719.89    
           6   9174.185      -6340.852       67719.89    
           7   9156.731      -5341.004       67719.89    
           8   9139.279      -4341.157       67719.89    
           9   9121.826      -3341.309       67719.89    
          10   9104.374      -2341.461       67719.89    
          11   9086.921      -1341.613       67719.89    
          12   9069.469      -341.7656       67719.89    
          13   9052.017       658.0820       67719.89    
          14   9034.563       1657.930       67719.89    
          15   9017.111       2657.777       67719.89    
          16   8999.658       3657.625       67719.89    
          17   8982.206       4657.473       67719.89    
          18   8964.753       5657.321       67719.89    
          19   8947.301       6657.169       67719.89    
          20   8929.848       7657.017       67719.89    
          21   8912.396       8656.864       67719.89    
          22   8894.943       9656.712       67719.89    
          23   8877.490       10656.56       67719.89    
          24   8860.038       11656.41       67719.89    
          25   8473.557      -11353.84       68335.55    
          26   8456.104      -10354.00       68335.55    
          27   8438.651      -9354.148       68335.55    
          28   8421.199      -8354.301       68335.55    
          29   8403.746      -7354.453       68335.55    
          30   8386.294      -6354.605       68335.55    
          31   8368.841      -5354.757       68335.55    
          32   8351.389      -4354.910       68335.55    
          33   8333.936      -3355.062       68335.55    
          34   8316.483      -2355.214       68335.55    
          35   8299.030      -1355.366       68335.55    
          36   8281.578      -355.5186       68335.55    
          37   8264.125       644.3291       68335.55    
          38   8246.673       1644.177       68335.55    
          39   8229.221       2644.024       68335.55    
          40   8211.768       3643.872       68335.55    
          41   8194.315       4643.720       68335.55    
          42   8176.862       5643.568       68335.55    
          43   8159.410       6643.416       68335.55    
          44   8141.957       7643.264       68335.55    
          45   8124.505       8643.111       68335.55    
          46   8107.052       9642.959       68335.55    
          47   8089.600       10642.81       68335.55    
          48   8072.147       11642.65       68335.55    
          49   7685.666      -11367.60       68951.21    
          50   7668.213      -10367.75       68951.21    
          51   7650.761      -9367.901       68951.21    
          52   7633.308      -8368.054       68951.21    
          53   7615.855      -7368.206       68951.21    
          54   7598.403      -6368.358       68951.21    
          55   7580.950      -5368.510       68951.21    
          56   7563.498      -4368.663       68951.21    
          57   7546.045      -3368.815       68951.21    
          58   7528.593      -2368.967       68951.21    
          59   7511.140      -1369.119       68951.21    
          60   7493.688      -369.2715       68951.21    
          61   7476.235       630.5762       68951.21    
          62   7458.782       1630.424       68951.21    
          63   7441.330       2630.271       68951.21    
          64   7423.877       3630.119       68951.21    
          65   7406.424       4629.967       68951.21    
          66   7388.972       5629.815       68951.21    
          67   7371.519       6629.663       68951.21    
          68   7354.066       7629.511       68951.21    
          69   7336.614       8629.358       68951.21    
          70   7319.161       9629.206       68951.21    
          71   7301.709       10629.05       68951.21    
          72   7284.256       11628.90       68951.21    
          73   6897.775      -11381.35       69566.88    
          74   6880.322      -10381.50       69566.88    
          75   6862.870      -9381.654       69566.88    
          76   6845.417      -8381.807       69566.88    
          77   6827.965      -7381.959       69566.88    
          78   6810.512      -6382.111       69566.88    
          79   6793.060      -5382.263       69566.88    
          80   6775.606      -4382.416       69566.88    
          81   6758.154      -3382.568       69566.88    
          82   6740.702      -2382.720       69566.88    
          83   6723.249      -1382.872       69566.88    
          84   6705.796      -383.0244       69566.88    
          85   6688.344       616.8232       69566.88    
          86   6670.892       1616.671       69566.88    
          87   6653.438       2616.519       69566.88    
          88   6635.986       3616.366       69566.88    
          89   6618.533       4616.214       69566.88    
          90   6601.081       5616.062       69566.88    
          91   6583.628       6615.910       69566.88    
          92   6566.176       7615.758       69566.88    
          93   6548.723       8615.605       69566.88    
          94   6531.271       9615.453       69566.88    
          95   6513.818       10615.30       69566.88    
          96   6496.365       11615.15       69566.88    
          97   6109.884      -11395.10       70182.54    
          98   6092.432      -10395.25       70182.54    
          99   6074.979      -9395.407       70182.54    
         100   6057.526      -8395.560       70182.54    
         101   6040.074      -7395.712       70182.54    
         102   6022.621      -6395.864       70182.54    
         103   6005.169      -5396.016       70182.54    
         104   5987.716      -4396.168       70182.54    
         105   5970.264      -3396.321       70182.54    
         106   5952.811      -2396.473       70182.54    
         107   5935.358      -1396.625       70182.54    
         108   5917.906      -396.7773       70182.54    
         109   5900.453       603.0703       70182.54    
         110   5883.001       1602.918       70182.54    
         111   5865.548       2602.766       70182.54    
         112   5848.096       3602.613       70182.54    
         113   5830.643       4602.461       70182.54    
         114   5813.190       5602.310       70182.54    
         115   5795.738       6602.157       70182.54    
         116   5778.285       7602.005       70182.54    
         117   5760.833       8601.853       70182.54    
         118   5743.380       9601.700       70182.54    
         119   5725.927       10601.55       70182.54    
         120   5708.475       11601.40       70182.54    
         121   5321.994      -11408.85       70798.20    
         122   5304.541      -10409.01       70798.20    
         123   5287.088      -9409.159       70798.20    
         124   5269.636      -8409.312       70798.20    
         125   5252.184      -7409.464       70798.20    
         126   5234.730      -6409.616       70798.20    
         127   5217.278      -5409.768       70798.20    
         128   5199.825      -4409.920       70798.20    
         129   5182.373      -3410.073       70798.20    
         130   5164.920      -2410.225       70798.20    
         131   5147.468      -1410.377       70798.20    
         132   5130.015      -410.5293       70798.20    
         133   5112.562       589.3184       70798.20    
         134   5095.110       1589.166       70798.20    
         135   5077.657       2589.014       70798.20    
         136   5060.205       3588.861       70798.20    
         137   5042.752       4588.709       70798.20    
         138   5025.300       5588.558       70798.20    
         139   5007.847       6588.405       70798.20    
         140   4990.395       7588.253       70798.20    
         141   4972.942       8588.101       70798.20    
         142   4955.489       9587.948       70798.20    
         143   4938.037       10587.80       70798.20    
         144   4920.584       11587.64       70798.20    
         145   4534.103      -11422.61       71413.86    
         146   4516.650      -10422.76       71413.86    
         147   4499.197      -9422.912       71413.86    
         148   4481.745      -8423.064       71413.86    
         149   4464.292      -7423.217       71413.86    
         150   4446.839      -6423.369       71413.86    
         151   4429.387      -5423.521       71413.86    
         152   4411.935      -4423.673       71413.86    
         153   4394.482      -3423.826       71413.86    
         154   4377.029      -2423.978       71413.86    
         155   4359.577      -1424.130       71413.86    
         156   4342.124      -424.2822       71413.86    
         157   4324.671       575.5654       71413.86    
         158   4307.219       1575.413       71413.86    
         159   4289.766       2575.261       71413.86    
         160   4272.313       3575.108       71413.86    
         161   4254.861       4574.956       71413.86    
         162   4237.409       5574.805       71413.86    
         163   4219.956       6574.652       71413.86    
         164   4202.503       7574.500       71413.86    
         165   4185.051       8574.348       71413.86    
         166   4167.598       9574.195       71413.86    
         167   4150.146       10574.04       71413.86    
         168   4132.693       11573.89       71413.86    
         169   3746.212      -11436.36       72029.52    
         170   3728.759      -10436.51       72029.52    
         171   3711.307      -9436.665       72029.52    
         172   3693.854      -8436.817       72029.52    
         173   3676.401      -7436.970       72029.52    
         174   3658.949      -6437.122       72029.52    
         175   3641.497      -5437.274       72029.52    
         176   3624.044      -4437.426       72029.52    
         177   3606.591      -3437.579       72029.52    
         178   3589.139      -2437.730       72029.52    
         179   3571.686      -1437.883       72029.52    
         180   3554.233      -438.0352       72029.52    
         181   3536.781       561.8125       72029.52    
         182   3519.328       1561.660       72029.52    
         183   3501.875       2561.508       72029.52    
         184   3484.423       3561.355       72029.52    
         185   3466.971       4561.203       72029.52    
         186   3449.518       5561.052       72029.52    
         187   3432.065       6560.899       72029.52    
         188   3414.613       7560.747       72029.52    
         189   3397.160       8560.595       72029.52    
         190   3379.708       9560.442       72029.52    
         191   3362.255       10560.29       72029.52    
         192   3344.802       11560.14       72029.52    
         193   2958.321      -11450.11       72645.18    
         194   2940.869      -10450.27       72645.18    
         195   2923.416      -9450.418       72645.18    
         196   2905.963      -8450.570       72645.18    
         197   2888.511      -7450.723       72645.18    
         198   2871.058      -6450.875       72645.18    
         199   2853.606      -5451.027       72645.18    
         200   2836.153      -4451.179       72645.18    
         201   2818.701      -3451.332       72645.18    
         202   2801.248      -2451.483       72645.18    
         203   2783.795      -1451.636       72645.18    
         204   2766.343      -451.7881       72645.18    
         205   2748.890       548.0596       72645.18    
         206   2731.438       1547.907       72645.18    
         207   2713.985       2547.755       72645.18    
         208   2696.532       3547.603       72645.18    
         209   2679.080       4547.450       72645.18    
         210   2661.627       5547.299       72645.18    
         211   2644.175       6547.146       72645.18    
         212   2626.722       7546.994       72645.18    
         213   2609.270       8546.842       72645.18    
         214   2591.817       9546.689       72645.18    
         215   2574.364       10546.54       72645.18    
         216   2556.912       11546.38       72645.18    
         217   2170.431      -11463.87       73260.84    
         218   2152.978      -10464.02       73260.84    
         219   2135.525      -9464.171       73260.84    
         220   2118.073      -8464.323       73260.84    
         221   2100.620      -7464.476       73260.84    
         222   2083.167      -6464.627       73260.84    
         223   2065.715      -5464.780       73260.84    
         224   2048.263      -4464.932       73260.84    
         225   2030.810      -3465.084       73260.84    
         226   2013.357      -2465.236       73260.84    
         227   1995.905      -1465.389       73260.84    
         228   1978.452      -465.5410       73260.84    
         229   1961.000       534.3066       73260.84    
         230   1943.547       1534.154       73260.84    
         231   1926.094       2534.002       73260.84    
         232   1908.642       3533.850       73260.84    
         233   1891.189       4533.697       73260.84    
         234   1873.737       5533.546       73260.84    
         235   1856.284       6533.394       73260.84    
         236   1838.832       7533.241       73260.84    
         237   1821.379       8533.089       73260.84    
         238   1803.926       9532.937       73260.84    
         239   1786.474       10532.78       73260.84    
         240   1769.021       11532.63       73260.84    
         241   1382.540      -11477.62       73876.51    
         242   1365.087      -10477.77       73876.51    
         243   1347.635      -9477.924       73876.51    
         244   1330.182      -8478.076       73876.51    
         245   1312.729      -7478.229       73876.51    
         246   1295.277      -6478.380       73876.51    
         247   1277.825      -5478.533       73876.51    
         248   1260.372      -4478.685       73876.51    
         249   1242.919      -3478.837       73876.51    
         250   1225.467      -2478.989       73876.51    
         251   1208.014      -1479.142       73876.51    
         252   1190.562      -479.2939       73876.51    
         253   1173.109       520.5537       73876.51    
         254   1155.656       1520.401       73876.51    
         255   1138.204       2520.249       73876.51    
         256   1120.751       3520.097       73876.51    
         257   1103.299       4519.944       73876.51    
         258   1085.846       5519.793       73876.51    
         259   1068.394       6519.641       73876.51    
         260   1050.940       7519.488       73876.51    
         261   1033.488       8519.336       73876.51    
         262   1016.036       9519.184       73876.51    
         263   998.5830       10519.03       73876.51    
         264   981.1309       11518.88       73876.51    
         265   594.6494      -11491.37       74492.16    
         266   577.1973      -10491.52       74492.16    
         267   559.7441      -9491.677       74492.16    
         268   542.2920      -8491.829       74492.16    
         269   524.8389      -7491.981       74492.16    
         270   507.3867      -6492.133       74492.16    
         271   489.9336      -5492.286       74492.16    
         272   472.4814      -4492.438       74492.16    
         273   455.0283      -3492.590       74492.16    
         274   437.5762      -2492.742       74492.16    
         275   420.1230      -1492.895       74492.16    
         276   402.6709      -493.0469       74492.16    
         277   385.2188       506.8008       74492.16    
         278   367.7656       1506.648       74492.16    
         279   350.3135       2506.496       74492.16    
         280   332.8604       3506.344       74492.16    
         281   315.4082       4506.191       74492.16    
         282   297.9551       5506.040       74492.16    
         283   280.5029       6505.888       74492.16    
         284   263.0498       7505.735       74492.16    
         285   245.5977       8505.583       74492.16    
         286   228.1455       9505.431       74492.16    
         287   210.6924       10505.28       74492.16    
         288   193.2402       11505.13       74492.16    
         289  -193.2422      -11505.12       75107.83    
         290  -210.6943      -10505.28       75107.83    
         291  -228.1475      -9505.430       75107.83    
         292  -245.5996      -8505.582       75107.83    
         293  -263.0527      -7505.734       75107.83    
         294  -280.5049      -6505.886       75107.83    
         295  -297.9580      -5506.039       75107.83    
         296  -315.4102      -4506.191       75107.83    
         297  -332.8633      -3506.343       75107.83    
         298  -350.3154      -2506.495       75107.83    
         299  -367.7686      -1506.647       75107.83    
         300  -385.2207      -506.7998       75107.83    
         301  -402.6729       493.0479       75107.83    
         302  -420.1260       1492.896       75107.83    
         303  -437.5781       2492.743       75107.83    
         304  -455.0312       3492.591       75107.83    
         305  -472.4834       4492.438       75107.83    
         306  -489.9365       5492.287       75107.83    
         307  -507.3887       6492.135       75107.83    
         308  -524.8418       7491.982       75107.83    
         309  -542.2939       8491.830       75107.83    
         310  -559.7461       9491.678       75107.83    
         311  -577.1992       10491.53       75107.83    
         312  -594.6514       11491.37       75107.83    
         313  -981.1328      -11518.88       75723.49    
         314  -998.5850      -10519.03       75723.49    
         315  -1016.038      -9519.183       75723.49    
         316  -1033.490      -8519.335       75723.49    
         317  -1050.943      -7519.487       75723.49    
         318  -1068.396      -6519.639       75723.49    
         319  -1085.849      -5519.792       75723.49    
         320  -1103.301      -4519.944       75723.49    
         321  -1120.754      -3520.096       75723.49    
         322  -1138.206      -2520.248       75723.49    
         323  -1155.659      -1520.400       75723.49    
         324  -1173.111      -520.5527       75723.49    
         325  -1190.563       479.2949       75723.49    
         326  -1208.017       1479.143       75723.49    
         327  -1225.469       2478.990       75723.49    
         328  -1242.922       3478.838       75723.49    
         329  -1260.374       4478.686       75723.49    
         330  -1277.827       5478.534       75723.49    
         331  -1295.279       6478.382       75723.49    
         332  -1312.732       7478.229       75723.49    
         333  -1330.185       8478.077       75723.49    
         334  -1347.637       9477.925       75723.49    
         335  -1365.090       10477.77       75723.49    
         336  -1382.542       11477.62       75723.49    
         337  -1769.023      -11532.63       76339.15    
         338  -1786.476      -10532.78       76339.15    
         339  -1803.929      -9532.936       76339.15    
         340  -1821.381      -8533.088       76339.15    
         341  -1838.834      -7533.240       76339.15    
         342  -1856.286      -6533.392       76339.15    
         343  -1873.739      -5533.544       76339.15    
         344  -1891.191      -4533.697       76339.15    
         345  -1908.645      -3533.849       76339.15    
         346  -1926.097      -2534.001       76339.15    
         347  -1943.550      -1534.153       76339.15    
         348  -1961.002      -534.3057       76339.15    
         349  -1978.454       465.5420       76339.15    
         350  -1995.907       1465.390       76339.15    
         351  -2013.359       2465.237       76339.15    
         352  -2030.812       3465.085       76339.15    
         353  -2048.265       4464.933       76339.15    
         354  -2065.718       5464.781       76339.15    
         355  -2083.170       6464.629       76339.15    
         356  -2100.623       7464.477       76339.15    
         357  -2118.075       8464.324       76339.15    
         358  -2135.527       9464.172       76339.15    
         359  -2152.980       10464.02       76339.15    
         360  -2170.433       11463.87       76339.15    
         361  -2556.914      -11546.38       76954.81    
         362  -2574.366      -10546.54       76954.81    
         363  -2591.819      -9546.688       76954.81    
         364  -2609.271      -8546.840       76954.81    
         365  -2626.725      -7546.992       76954.81    
         366  -2644.177      -6547.144       76954.81    
         367  -2661.630      -5547.296       76954.81    
         368  -2679.082      -4547.449       76954.81    
         369  -2696.535      -3547.601       76954.81    
         370  -2713.987      -2547.753       76954.81    
         371  -2731.440      -1547.905       76954.81    
         372  -2748.893      -548.0576       76954.81    
         373  -2766.345       451.7900       76954.81    
         374  -2783.798       1451.638       76954.81    
         375  -2801.250       2451.485       76954.81    
         376  -2818.703       3451.333       76954.81    
         377  -2836.155       4451.181       76954.81    
         378  -2853.608       5451.029       76954.81    
         379  -2871.061       6450.877       76954.81    
         380  -2888.514       7450.725       76954.81    
         381  -2905.966       8450.572       76954.81    
         382  -2923.418       9450.420       76954.81    
         383  -2940.871       10450.27       76954.81    
         384  -2958.323       11450.12       76954.81    
         385  -3344.805      -11560.14       77570.48    
         386  -3362.257      -10560.29       77570.48    
         387  -3379.710      -9560.440       77570.48    
         388  -3397.162      -8560.593       77570.48    
         389  -3414.615      -7560.745       77570.48    
         390  -3432.067      -6560.897       77570.48    
         391  -3449.521      -5561.049       77570.48    
         392  -3466.973      -4561.202       77570.48    
         393  -3484.426      -3561.354       77570.48    
         394  -3501.878      -2561.506       77570.48    
         395  -3519.331      -1561.658       77570.48    
         396  -3536.783      -561.8105       77570.48    
         397  -3554.235       438.0371       77570.48    
         398  -3571.688       1437.885       77570.48    
         399  -3589.141       2437.732       77570.48    
         400  -3606.594       3437.580       77570.48    
         401  -3624.046       4437.428       77570.48    
         402  -3641.499       5437.276       77570.48    
         403  -3658.951       6437.124       77570.48    
         404  -3676.404       7436.972       77570.48    
         405  -3693.856       8436.819       77570.48    
         406  -3711.309       9436.667       77570.48    
         407  -3728.762       10436.51       77570.48    
         408  -3746.214       11436.36       77570.48    
         409  -4132.695      -11573.89       78186.13    
         410  -4150.147      -10574.04       78186.13    
         411  -4167.601      -9574.193       78186.13    
         412  -4185.053      -8574.346       78186.13    
         413  -4202.506      -7574.498       78186.13    
         414  -4219.958      -6574.650       78186.13    
         415  -4237.411      -5574.802       78186.13    
         416  -4254.863      -4574.955       78186.13    
         417  -4272.316      -3575.107       78186.13    
         418  -4289.769      -2575.259       78186.13    
         419  -4307.222      -1575.411       78186.13    
         420  -4324.674      -575.5635       78186.13    
         421  -4342.126       424.2842       78186.13    
         422  -4359.579       1424.132       78186.13    
         423  -4377.031       2423.979       78186.13    
         424  -4394.484       3423.827       78186.13    
         425  -4411.937       4423.675       78186.13    
         426  -4429.390       5423.523       78186.13    
         427  -4446.842       6423.371       78186.13    
         428  -4464.295       7423.219       78186.13    
         429  -4481.747       8423.066       78186.13    
         430  -4499.199       9422.914       78186.13    
         431  -4516.652       10422.76       78186.13    
         432  -4534.104       11422.61       78186.13    
         433  -4920.586      -11587.64       78801.80    
         434  -4938.038      -10587.79       78801.80    
         435  -4955.491      -9587.946       78801.80    
         436  -4972.943      -8588.099       78801.80    
         437  -4990.396      -7588.251       78801.80    
         438  -5007.849      -6588.403       78801.80    
         439  -5025.302      -5588.555       78801.80    
         440  -5042.754      -4588.708       78801.80    
         441  -5060.207      -3588.860       78801.80    
         442  -5077.659      -2589.012       78801.80    
         443  -5095.112      -1589.164       78801.80    
         444  -5112.564      -589.3164       78801.80    
         445  -5130.017       410.5312       78801.80    
         446  -5147.470       1410.379       78801.80    
         447  -5164.922       2410.227       78801.80    
         448  -5182.375       3410.074       78801.80    
         449  -5199.827       4409.922       78801.80    
         450  -5217.280       5409.771       78801.80    
         451  -5234.732       6409.618       78801.80    
         452  -5252.186       7409.466       78801.80    
         453  -5269.638       8409.313       78801.80    
         454  -5287.090       9409.161       78801.80    
         455  -5304.543       10409.01       78801.80    
         456  -5321.995       11408.86       78801.80    
         457  -5708.477      -11601.39       79417.46    
         458  -5725.929      -10601.55       79417.46    
         459  -5743.382      -9601.699       79417.46    
         460  -5760.834      -8601.852       79417.46    
         461  -5778.287      -7602.004       79417.46    
         462  -5795.739      -6602.156       79417.46    
         463  -5813.192      -5602.308       79417.46    
         464  -5830.645      -4602.460       79417.46    
         465  -5848.098      -3602.613       79417.46    
         466  -5865.550      -2602.765       79417.46    
         467  -5883.003      -1602.917       79417.46    
         468  -5900.455      -603.0693       79417.46    
         469  -5917.907       396.7783       79417.46    
         470  -5935.360       1396.626       79417.46    
         471  -5952.812       2396.474       79417.46    
         472  -5970.266       3396.321       79417.46    
         473  -5987.718       4396.169       79417.46    
         474  -6005.171       5396.018       79417.46    
         475  -6022.623       6395.865       79417.46    
         476  -6040.076       7395.713       79417.46    
         477  -6057.528       8395.561       79417.46    
         478  -6074.980       9395.408       79417.46    
         479  -6092.434       10395.26       79417.46    
         480  -6109.886       11395.10       79417.46    
         481  -6496.367      -11615.15       80033.12    
         482  -6513.819      -10615.30       80033.12    
         483  -6531.272      -9615.452       80033.12    
         484  -6548.725      -8615.604       80033.12    
         485  -6566.178      -7615.757       80033.12    
         486  -6583.630      -6615.909       80033.12    
         487  -6601.083      -5616.061       80033.12    
         488  -6618.535      -4616.213       80033.12    
         489  -6635.988      -3616.366       80033.12    
         490  -6653.440      -2616.518       80033.12    
         491  -6670.894      -1616.670       80033.12    
         492  -6688.346      -616.8223       80033.12    
         493  -6705.798       383.0254       80033.12    
         494  -6723.251       1382.873       80033.12    
         495  -6740.703       2382.721       80033.12    
         496  -6758.156       3382.568       80033.12    
         497  -6775.608       4382.416       80033.12    
         498  -6793.062       5382.265       80033.12    
         499  -6810.514       6382.112       80033.12    
         500  -6827.967       7381.960       80033.12    
         501  -6845.419       8381.808       80033.12    
         502  -6862.871       9381.655       80033.12    
         503  -6880.324       10381.50       80033.12    
         504  -6897.776       11381.35       80033.12    
         505  -7284.258      -11628.90       80648.78    
         506  -7301.711      -10629.05       80648.78    
         507  -7319.162      -9629.205       80648.78    
         508  -7336.615      -8629.357       80648.78    
         509  -7354.068      -7629.510       80648.78    
         510  -7371.521      -6629.662       80648.78    
         511  -7388.973      -5629.814       80648.78    
         512  -7406.426      -4629.966       80648.78    
         513  -7423.879      -3630.119       80648.78    
         514  -7441.332      -2630.271       80648.78    
         515  -7458.783      -1630.423       80648.78    
         516  -7476.236      -630.5752       80648.78    
         517  -7493.689       369.2725       80648.78    
         518  -7511.141       1369.120       80648.78    
         519  -7528.594       2368.968       80648.78    
         520  -7546.047       3368.815       80648.78    
         521  -7563.500       4368.663       80648.78    
         522  -7580.951       5368.512       80648.78    
         523  -7598.404       6368.359       80648.78    
         524  -7615.857       7368.207       80648.78    
         525  -7633.311       8368.055       80648.78    
         526  -7650.762       9367.902       80648.78    
         527  -7668.215       10367.75       80648.78    
         528  -7685.668       11367.60       80648.78    
         529  -8072.148      -11642.65       81264.45    
         530  -8089.602      -10642.81       81264.45    
         531  -8107.053      -9642.958       81264.45    
         532  -8124.506      -8643.110       81264.45    
         533  -8141.959      -7643.263       81264.45    
         534  -8159.412      -6643.415       81264.45    
         535  -8176.863      -5643.567       81264.45    
         536  -8194.316      -4643.719       81264.45    
         537  -8211.770      -3643.872       81264.45    
         538  -8229.223      -2644.023       81264.45    
         539  -8246.674      -1644.176       81264.45    
         540  -8264.127      -644.3281       81264.45    
         541  -8281.580       355.5195       81264.45    
         542  -8299.031       1355.367       81264.45    
         543  -8316.484       2355.215       81264.45    
         544  -8333.938       3355.062       81264.45    
         545  -8351.391       4354.910       81264.45    
         546  -8368.842       5354.759       81264.45    
         547  -8386.295       6354.606       81264.45    
         548  -8403.748       7354.454       81264.45    
         549  -8421.201       8354.302       81264.45    
         550  -8438.652       9354.149       81264.45    
         551  -8456.105       10354.00       81264.45    
         552  -8473.559       11353.84       81264.45    
         553  -8860.039      -11656.41       81880.11    
         554  -8877.492      -10656.56       81880.11    
         555  -8894.943      -9656.711       81880.11    
         556  -8912.396      -8656.863       81880.11    
         557  -8929.850      -7657.016       81880.11    
         558  -8947.303      -6657.167       81880.11    
         559  -8964.754      -5657.320       81880.11    
         560  -8982.207      -4657.472       81880.11    
         561  -8999.660      -3657.625       81880.11    
         562  -9017.113      -2657.776       81880.11    
         563  -9034.564      -1657.929       81880.11    
         564  -9052.018      -658.0811       81880.11    
         565  -9069.471       341.7666       81880.11    
         566  -9086.922       1341.614       81880.11    
         567  -9104.375       2341.462       81880.11    
         568  -9121.828       3341.310       81880.11    
         569  -9139.281       4341.157       81880.11    
         570  -9156.732       5341.006       81880.11    
         571  -9174.186       6340.854       81880.11    
         572  -9191.639       7340.701       81880.11    
         573  -9209.092       8340.549       81880.11    
         574  -9226.543       9340.396       81880.11    
         575  -9243.996       10340.24       81880.11    
         576  -9261.449       11340.09       81880.11    
