 	-7.899598e-04
 	-8.162371e-04
 	-8.408017e-04
 	-8.636653e-04
 	-8.848424e-04
 	-9.043504e-04
 	-9.222085e-04
 	-9.384369e-04
 	-9.530564e-04
 	-9.660877e-04
 	-9.775504e-04
 	-9.874630e-04
 	-9.958426e-04
 	-1.002704e-03
 	-1.008062e-03
 	-1.011929e-03
 	-1.014316e-03
 	-1.015238e-03
 	-1.014709e-03
 	-1.012745e-03
 	-1.009367e-03
 	-1.004597e-03
 	-9.984636e-04
 	-9.909986e-04
 	-9.822397e-04
 	-9.722299e-04
 	-9.610177e-04
 	-9.486565e-04
 	-9.352036e-04
 	-9.207201e-04
 	-9.052684e-04
 	-8.889135e-04
 	-8.717205e-04
 	-8.537546e-04
 	-8.350806e-04
 	-8.157613e-04
 	-7.958576e-04
 	-7.754286e-04
 	-7.545294e-04
 	-7.332119e-04
 	-7.115242e-04
 	-6.895093e-04
 	-6.672057e-04
 	-6.446471e-04
 	-6.218627e-04
 	-5.988771e-04
 	-5.757118e-04
 	-5.523852e-04
 	-5.289131e-04
 	-5.053101e-04
 	-4.815895e-04
 	-4.577643e-04
 	-4.338479e-04
 	-4.098541e-04
 	-3.857975e-04
 	-3.616938e-04
 	-3.375598e-04
 	-3.134146e-04
 	-2.892787e-04
 	-2.651753e-04
 	-2.411301e-04
 	-2.171715e-04
 	-1.933306e-04
 	-1.696408e-04
 	-1.461381e-04
 	-1.228606e-04
 	-9.984921e-05
 	-7.714903e-05
 	-5.481058e-05
 	-3.289200e-05
 	-1.146309e-05
 	 9.390727e-06
 	 2.957505e-05
 	 4.900248e-05
 	 6.760217e-05
 	 8.530809e-05
 	 1.020523e-04
 	 1.177731e-04
 	 1.324092e-04
 	 1.459152e-04
 	 1.582782e-04
 	 1.695040e-04
 	 1.796058e-04
 	 1.886072e-04
 	 1.965249e-04
 	 2.033412e-04
 	 2.090071e-04
 	 2.134773e-04
 	 2.167269e-04
 	 2.187301e-04
 	 2.194447e-04
 	 2.188164e-04
 	 2.167931e-04
 	 2.133477e-04
 	 2.084752e-04
 	 2.021671e-04
 	 1.944138e-04
 	 1.852304e-04
 	 1.746733e-04
 	 1.628426e-04
 	 1.498664e-04
 	 1.358681e-04
 	 1.209592e-04
 	 1.052812e-04
 	 8.904964e-05
 	 7.253491e-05
 	 5.602726e-05
 	 3.985362e-05
 	 2.436434e-05
 	 9.905868e-06
 	-3.070729e-06
 	-1.381585e-05
 	-2.121154e-05
 	-2.387932e-05
 	-2.030892e-05
 	-8.997707e-06
 	 1.137267e-05
 	 4.186345e-05
 	 8.319210e-05
 	 1.355709e-04
 	 1.985363e-04
 	 2.709141e-04
 	 3.508637e-04
 	 4.359174e-04
 	 5.230974e-04
 	 6.091282e-04
 	 6.906899e-04
 	 7.647489e-04
 	 8.290059e-04
 	 8.821713e-04
 	 9.239144e-04
 	 9.548115e-04
 	 9.762730e-04
 	 9.902017e-04
 	 9.986011e-04
 	 1.003284e-03
 	 1.005561e-03
 	 1.005989e-03
 	 1.004279e-03
 	 9.991915e-04
 	 9.882641e-04
 	 9.677064e-04
 	 9.325703e-04
 	 8.769622e-04
 	 7.942981e-04
 	 6.776869e-04
 	 5.203834e-04
 	 3.162055e-04
 	 5.996387e-05
 	-2.521594e-04
 	-6.224908e-04
 	-1.051898e-03
 	-1.539758e-03
 	-2.083839e-03
 	-2.680180e-03
 	-3.322944e-03
 	-4.004327e-03
 	-4.714605e-03
 	-5.442256e-03
 	-6.174277e-03
 	-6.896714e-03
 	-7.595160e-03
 	-8.255031e-03
 	-8.861788e-03
 	-9.401271e-03
 	-9.859976e-03
 	-1.022541e-02
 	-1.048661e-02
 	-1.063462e-02
 	-1.066292e-02
 	-1.056716e-02
 	-1.034592e-02
 	-9.999416e-03
 	-9.529435e-03
 	-8.939191e-03
 	-8.233179e-03
 	-7.416407e-03
 	-6.493066e-03
 	-5.465026e-03
 	-4.330233e-03
 	-3.081384e-03
 	-1.705448e-03
 	-1.842876e-04
 	 1.503683e-03
 	 3.381266e-03
 	 5.469937e-03
 	 7.787163e-03
 	 1.034391e-02
 	 1.314242e-02
 	 1.617389e-02
 	 1.941605e-02
 	 2.283065e-02
 	 2.636166e-02
 	 2.993527e-02
 	 3.346217e-02
 	 3.684180e-02
 	 3.996810e-02
 	 4.273609e-02
 	 4.504837e-02
 	 4.682063e-02
 	 4.798547e-02
 	 4.849458e-02
 	 4.831757e-02
 	 4.744724e-02
 	 4.589525e-02
 	 4.369465e-02
 	 4.089771e-02
 	 3.757307e-02
 	 3.380231e-02
 	 2.967610e-02
 	 2.528926e-02
 	 2.073648e-02
 	 1.610955e-02
 	 1.149564e-02
 	 6.975356e-03
 	 2.620973e-03
 	-1.504430e-03
 	-5.347070e-03
 	-8.862839e-03
 	-1.201837e-02
 	-1.479273e-02
 	-1.717849e-02
 	-1.918130e-02
 	-2.081891e-02
 	-2.212001e-02
 	-2.312258e-02
 	-2.387083e-02
 	-2.441162e-02
 	-2.479133e-02
 	-2.505369e-02
 	-2.523797e-02
 	-2.537730e-02
 	-2.549726e-02
 	-2.561482e-02
 	-2.573824e-02
 	-2.586821e-02
 	-2.599973e-02
 	-2.612391e-02
 	-2.622960e-02
 	-2.630505e-02
 	-2.633979e-02
 	-2.632613e-02
 	-2.625997e-02
 	-2.614062e-02
 	-2.597019e-02
 	-2.575283e-02
 	-2.549385e-02
 	-2.519908e-02
 	-2.487430e-02
 	-2.452453e-02
 	-2.415309e-02
 	-2.376091e-02
 	-2.334656e-02
 	-2.290688e-02
 	-2.243767e-02
 	-2.193417e-02
 	-2.139143e-02
 	-2.080465e-02
 	-2.016945e-02
 	-1.948205e-02
 	-1.873944e-02
 	-1.793931e-02
 	-1.708014e-02
 	-1.616138e-02
 	-1.518395e-02
 	-1.415093e-02
 	-1.306805e-02
 	-1.194382e-02
 	-1.078950e-02
 	-9.618706e-03
 	-8.446640e-03
 	-7.289270e-03
 	-6.162601e-03
 	-5.082176e-03
 	-4.062578e-03
 	-3.116837e-03
 	-2.255921e-03
 	-1.488507e-03
 	-8.208010e-04
 	-2.564359e-04
 	 2.036500e-04
 	 5.612343e-04
 	 8.209087e-04
 	 9.902311e-04
 	 1.079715e-03
 	 1.102724e-03
 	 1.075258e-03
 	 1.015745e-03
 	 9.446014e-04
 	 8.837967e-04
 	 8.561059e-04
 	 8.841880e-04
 	 9.894562e-04
 	 1.191147e-03
 	 1.505420e-03
 	 1.944766e-03
 	 2.517574e-03
 	 3.227888e-03
 	 4.075352e-03
 	 5.055415e-03
 	 6.159866e-03
 	 7.377489e-03
 	 8.694696e-03
 	 1.009606e-02
 	 1.156481e-02
 	 1.308313e-02
 	 1.463236e-02
 	 1.619310e-02
 	 1.774545e-02
 	 1.926915e-02
 	 2.074378e-02
 	 2.214902e-02
 	 2.346503e-02
 	 2.467281e-02
 	 2.575457e-02
 	 2.669395e-02
 	 2.747651e-02
 	 2.809004e-02
 	 2.852498e-02
 	 2.877484e-02
 	 2.883635e-02
 	 2.870932e-02
 	 2.839673e-02
 	 2.790418e-02
 	 2.723967e-02
 	 2.641334e-02
 	 2.543722e-02
 	 2.432526e-02
 	 2.309319e-02
 	 2.175831e-02
 	 2.033914e-02
 	 1.885497e-02
 	 1.732538e-02
 	 1.576966e-02
 	 1.420646e-02
 	 1.265337e-02
 	 1.112678e-02
 	 9.641712e-03
 	 8.211591e-03
 	 6.848147e-03
 	 5.561411e-03
 	 4.359818e-03
 	 3.250128e-03
 	 2.237324e-03
 	 1.324548e-03
 	 5.130247e-04
 	-1.980074e-04
 	-8.112739e-04
 	-1.331292e-03
 	-1.764067e-03
 	-2.116763e-03
 	-2.397339e-03
 	-2.614159e-03
 	-2.775630e-03
 	-2.889997e-03
 	-2.965319e-03
 	-3.009530e-03
 	-3.030565e-03
 	-3.036600e-03
 	-3.036236e-03
 	-3.038490e-03
 	-3.052714e-03
 	-3.088439e-03
 	-3.155098e-03
 	-3.261581e-03
 	-3.415751e-03
 	-3.624049e-03
 	-3.891225e-03
 	-4.220182e-03
 	-4.611898e-03
 	-5.065396e-03
 	-5.577691e-03
 	-6.143733e-03
 	-6.756436e-03
 	-7.406839e-03
 	-8.084409e-03
 	-8.777265e-03
 	-9.472361e-03
 	-1.015576e-02
 	-1.081308e-02
 	-1.142997e-02
 	-1.199267e-02
 	-1.248866e-02
 	-1.290735e-02
 	-1.324067e-02
 	-1.348349e-02
 	-1.363391e-02
 	-1.369318e-02
 	-1.366518e-02
 	-1.355633e-02
 	-1.337470e-02
 	-1.312962e-02
 	-1.283099e-02
 	-1.248883e-02
 	-1.211280e-02
 	-1.171181e-02
 	-1.129379e-02
 	-1.086558e-02
 	-1.043293e-02
 	-1.000056e-02
 	-9.572121e-03
 	-9.150198e-03
 	-8.736425e-03
 	-8.331661e-03
 	-7.936199e-03
 	-7.549927e-03
 	-7.172478e-03
 	-6.803311e-03
 	-6.441833e-03
 	-6.087561e-03
 	-5.740183e-03
 	-5.399524e-03
 	-5.065511e-03
 	-4.738141e-03
 	-4.417395e-03
 	-4.103076e-03
 	-3.794695e-03
 	-3.491408e-03
 	-3.191988e-03
 	-2.894810e-03
 	-2.597915e-03
 	-2.299175e-03
 	-1.996460e-03
 	-1.687785e-03
 	-1.371496e-03
 	-1.046470e-03
 	-7.123204e-04
 	-3.695879e-04
 	-1.990575e-05
 	 3.339267e-04
 	 6.880010e-04
 	 1.037410e-03
 	 1.376346e-03
 	 1.698237e-03
 	 1.995930e-03
 	 2.261874e-03
 	 2.488365e-03
 	 2.667905e-03
 	 2.793616e-03
 	 2.859642e-03
 	 2.861599e-03
 	 2.796859e-03
 	 2.664982e-03
 	 2.467844e-03
 	 2.209859e-03
 	 1.897919e-03
 	 1.541151e-03
 	 1.150531e-03
 	 7.384376e-04
 	 3.182440e-04
 	-9.608352e-05
 	-4.904843e-04
 	-8.513818e-04
 	-1.166183e-03
 	-1.423661e-03
 	-1.614284e-03
 	-1.730478e-03
 	-1.766648e-03
 	-1.720047e-03
 	-1.589382e-03
 	-1.376164e-03
 	-1.084045e-03
 	-7.188394e-04
 	-2.882883e-04
 	 1.981995e-04
 	 7.297976e-04
 	 1.294570e-03
 	 1.879865e-03
 	 2.472701e-03
 	 3.060053e-03
 	 3.629102e-03
 	 4.167494e-03
 	 4.663603e-03
 	 5.106778e-03
 	 5.487585e-03
 	 5.798092e-03
 	 6.032107e-03
 	 6.185387e-03
 	 6.255790e-03
 	 6.243391e-03
 	 6.150496e-03
 	 5.981752e-03
 	 5.743898e-03
 	 5.445611e-03
 	 5.097182e-03
 	 4.710136e-03
 	 4.296836e-03
 	 3.870061e-03
 	 3.442572e-03
 	 3.026695e-03
 	 2.633938e-03
 	 2.274665e-03
 	 1.957837e-03
 	 1.690834e-03
 	 1.479328e-03
 	 1.327165e-03
 	 1.236259e-03
 	 1.206683e-03
 	 1.236421e-03
 	 1.322247e-03
 	 1.459321e-03
 	 1.641712e-03
 	 1.862565e-03
 	 2.114331e-03
 	 2.388986e-03
 	 2.678252e-03
 	 2.973746e-03
 	 3.267131e-03
 	 3.550272e-03
 	 3.815359e-03
 	 4.055027e-03
 	 4.262513e-03
	-1.879656e-05
	-1.894914e-05
	-1.909558e-05
	-1.923424e-05
	-1.936340e-05
	-1.948127e-05
	-1.958610e-05
	-1.967621e-05
	-1.975013e-05
	-1.980672e-05
	-1.984525e-05
	-1.986541e-05
	-1.986733e-05
	-1.985166e-05
	-1.981950e-05
	-1.977246e-05
	-1.971251e-05
	-1.964200e-05
	-1.956352e-05
	-1.947988e-05
	-1.939407e-05
	-1.930919e-05
	-1.922835e-05
	-1.915458e-05
	-1.909075e-05
	-1.903951e-05
	-1.900316e-05
	-1.898356e-05
	-1.898206e-05
	-1.899941e-05
	-1.903574e-05
	-1.909052e-05
	-1.916244e-05
	-1.924945e-05
	-1.934866e-05
	-1.945644e-05
	-1.956839e-05
	-1.967954e-05
	-1.978452e-05
	-1.987774e-05
	-1.995366e-05
	-2.000691e-05
	-2.003255e-05
	-2.002616e-05
	-1.998400e-05
	-1.990316e-05
	-1.978161e-05
	-1.961837e-05
	-1.941352e-05
	-1.916834e-05
	-1.888530e-05
	-1.856799e-05
	-1.822110e-05
	-1.785018e-05
	-1.746153e-05
	-1.706191e-05
	-1.665836e-05
	-1.625793e-05
	-1.586755e-05
	-1.549377e-05
	-1.514263e-05
	-1.481955e-05
	-1.452921e-05
	-1.427548e-05
	-1.406133e-05
	-1.388876e-05
	-1.375877e-05
	-1.367127e-05
	-1.362514e-05
	-1.361818e-05
	-1.364724e-05
	-1.370830e-05
	-1.379671e-05
	-1.390736e-05
	-1.403493e-05
	-1.417412e-05
	-1.431985e-05
	-1.446747e-05
	-1.461290e-05
	-1.475273e-05
	-1.488431e-05
	-1.500586e-05
	-1.511654e-05
	-1.521648e-05
	-1.530632e-05
	-1.538638e-05
	-1.545517e-05
	-1.550817e-05
	-1.553697e-05
	-1.552801e-05
	-1.546007e-05
	-1.530171e-05
	-1.501403e-05
	-1.455763e-05
	-1.389982e-05
	-1.301759e-05
	-1.189672e-05
	-1.052909e-05
	-8.911482e-06
	-7.044767e-06
	-4.933273e-06
	-2.583224e-06
	 1.205223e-10
	 2.818400e-06
	 5.882905e-06
	 9.214808e-06
	 1.284484e-05
	 1.681712e-05
	 2.119489e-05
	 2.606425e-05
	 3.153438e-05
	 3.772553e-05
	 4.475028e-05
	 5.269477e-05
	 6.160511e-05
	 7.147789e-05
	 8.225345e-05
	 9.381463e-05
	 1.059958e-04
	 1.185920e-04
	 1.313569e-04
	 1.440145e-04
	 1.562729e-04
	 1.678402e-04
	 1.784418e-04
	 1.878270e-04
	 1.957778e-04
	 2.021097e-04
	 2.066744e-04
	 2.093625e-04
	 2.101110e-04
	 2.089146e-04
	 2.058331e-04
	 2.009767e-04
	 1.944892e-04
	 1.865422e-04
	 1.773410e-04
	 1.671348e-04
	 1.562167e-04
	 1.449168e-04
	 1.336045e-04
	 1.226974e-04
	 1.126725e-04
	 1.040674e-04
	 9.749977e-05
	 9.369072e-05
	 9.342234e-05
	 9.750777e-05
	 1.067236e-04
	 1.218151e-04
	 1.435461e-04
	 1.727497e-04
	 2.103167e-04
	 2.571758e-04
	 3.143081e-04
	 3.826666e-04
	 4.631049e-04
	 5.563881e-04
	 6.631803e-04
	 7.839706e-04
	 9.189465e-04
	 1.067971e-03
	 1.230636e-03
	 1.406265e-03
	 1.593825e-03
	 1.791870e-03
	 1.998560e-03
	 2.211573e-03
	 2.428075e-03
	 2.644962e-03
	 2.858963e-03
	 3.066770e-03
	 3.265192e-03
	 3.451133e-03
	 3.621649e-03
	 3.774018e-03
	 3.905880e-03
	 4.015293e-03
	 4.100684e-03
	 4.161011e-03
	 4.195860e-03
	 4.205500e-03
	 4.190778e-03
	 4.152889e-03
	 4.093408e-03
	 4.014251e-03
	 3.917645e-03
	 3.806096e-03
	 3.682334e-03
	 3.549244e-03
	 3.409697e-03
	 3.266124e-03
	 3.120346e-03
	 2.973578e-03
	 2.826452e-03
	 2.679069e-03
	 2.530996e-03
	 2.381268e-03
	 2.228245e-03
	 2.069641e-03
	 1.902328e-03
	 1.722083e-03
	 1.523454e-03
	 1.299343e-03
	 1.040619e-03
	 7.362663e-04
	 3.735187e-04
	-6.183653e-05
	-5.848191e-04
	-1.210649e-03
	-1.953925e-03
	-2.827588e-03
	-3.841974e-03
	-5.003959e-03
	-6.316263e-03
	-7.777079e-03
	-9.379927e-03
	-1.111385e-02
	-1.296388e-02
	-1.491114e-02
	-1.693275e-02
	-1.900175e-02
	-2.108785e-02
	-2.315851e-02
	-2.518031e-02
	-2.712003e-02
	-2.894545e-02
	-3.062660e-02
	-3.213668e-02
	-3.345284e-02
	-3.455667e-02
	-3.543381e-02
	-3.607422e-02
	-3.647208e-02
	-3.662545e-02
	-3.653704e-02
	-3.621128e-02
	-3.565658e-02
	-3.488352e-02
	-3.390421e-02
	-3.273257e-02
	-3.138445e-02
	-2.987568e-02
	-2.822097e-02
	-2.643377e-02
	-2.452620e-02
	-2.250856e-02
	-2.038877e-02
	-1.817227e-02
	-1.586206e-02
	-1.345934e-02
	-1.096496e-02
	-8.380099e-03
	-5.706043e-03
	-2.944343e-03
	-9.717292e-05
	 2.832146e-03
	 5.838965e-03
	 8.917470e-03
	 1.206024e-02
	 1.525769e-02
	 1.849779e-02
	 2.176625e-02
	 2.504721e-02
	 2.832342e-02
	 3.157651e-02
	 3.478748e-02
	 3.793681e-02
	 4.100538e-02
	 4.397489e-02
	 4.682791e-02
	 4.954838e-02
	 5.212208e-02
	 5.453706e-02
	 5.678391e-02
	 5.885547e-02
	 6.074626e-02
	 6.245203e-02
	 6.396951e-02
	 6.529544e-02
	 6.642599e-02
	 6.735660e-02
	 6.808167e-02
	 6.859387e-02
	 6.888425e-02
	 6.894266e-02
	 6.875782e-02
	 6.831828e-02
	 6.761274e-02
	 6.663037e-02
	 6.536135e-02
	 6.379778e-02
	 6.193455e-02
	 5.976986e-02
	 5.730521e-02
	 5.454560e-02
	 5.149971e-02
	 4.817984e-02
	 4.460164e-02
	 4.078409e-02
	 3.674921e-02
	 3.252171e-02
	 2.812859e-02
	 2.359887e-02
	 1.896320e-02
	 1.425379e-02
	 9.503911e-03
	 4.747455e-03
	 1.825562e-05
	-4.650418e-03
	-9.226443e-03
	-1.367958e-02
	-1.798217e-02
	-2.210968e-02
	-2.604129e-02
	-2.976036e-02
	-3.325493e-02
	-3.651796e-02
	-3.954745e-02
	-4.234615e-02
	-4.492106e-02
	-4.728285e-02
	-4.944515e-02
	-5.142372e-02
	-5.323558e-02
	-5.489796e-02
	-5.642738e-02
	-5.783889e-02
	-5.914539e-02
	-6.035703e-02
	-6.148090e-02
	-6.252065e-02
	-6.347649e-02
	-6.434508e-02
	-6.511973e-02
	-6.579053e-02
	-6.634464e-02
	-6.676673e-02
	-6.703972e-02
	-6.714513e-02
	-6.706513e-02
	-6.678020e-02
	-6.627294e-02
	-6.552710e-02
	-6.452874e-02
	-6.326700e-02
	-6.173484e-02
	-5.992943e-02
	-5.785257e-02
	-5.551088e-02
	-5.291572e-02
	-5.008299e-02
	-4.703277e-02
	-4.378900e-02
	-4.037906e-02
	-3.683344e-02
	-3.318503e-02
	-2.946834e-02
	-2.571877e-02
	-2.197169e-02
	-1.826162e-02
	-1.462140e-02
	-1.108147e-02
	-7.669286e-03
	-4.408817e-03
	-1.320275e-03
	 1.580174e-03
	 4.280626e-03
	 6.773416e-03
	 9.054948e-03
	 1.112545e-02
	 1.298866e-02
	 1.465147e-02
	 1.612342e-02
	 1.741611e-02
	 1.854263e-02
	 1.951714e-02
	 2.035426e-02
	 2.106875e-02
	 2.167511e-02
	 2.218727e-02
	 2.261835e-02
	 2.298047e-02
	 2.328462e-02
	 2.354069e-02
	 2.375741e-02
	 2.394234e-02
	 2.410196e-02
	 2.424187e-02
	 2.436689e-02
	 2.448110e-02
	 2.458800e-02
	 2.469054e-02
	 2.479122e-02
	 2.489223e-02
	 2.499547e-02
	 2.510260e-02
	 2.521494e-02
	 2.533330e-02
	 2.545789e-02
	 2.558819e-02
	 2.572279e-02
	 2.585943e-02
	 2.599494e-02
	 2.612526e-02
	 2.624545e-02
	 2.634978e-02
	 2.643204e-02
	 2.648564e-02
	 2.650403e-02
	 2.648092e-02
	 2.641051e-02
	 2.628786e-02
	 2.610898e-02
	 2.587102e-02
	 2.557231e-02
	 2.521226e-02
	 2.479126e-02
	 2.431057e-02
	 2.377221e-02
	 2.317880e-02
	 2.253338e-02
	 2.183930e-02
	 2.110009e-02
	 2.031945e-02
	 1.950122e-02
	 1.864931e-02
	 1.776760e-02
	 1.685991e-02
	 1.592998e-02
	 1.498154e-02
	 1.401830e-02
	 1.304407e-02
	 1.206283e-02
	 1.107886e-02
	 1.009681e-02
	 9.121779e-03
	 8.159298e-03
	 7.215266e-03
	 6.295826e-03
	 5.407187e-03
	 4.555401e-03
	 3.746134e-03
	 2.984426e-03
	 2.274476e-03
	 1.619432e-03
	 1.021216e-03
	 4.804057e-04
	-3.827127e-06
	-4.337335e-04
	-8.129354e-04
	-1.146374e-03
	-1.440176e-03
	-1.701437e-03
	-1.937957e-03
	-2.157929e-03
	-2.369626e-03
	-2.581113e-03
	-2.799954e-03
	-3.032981e-03
	-3.286135e-03
	-3.564364e-03
	-3.871521e-03
	-4.210295e-03
	-4.582225e-03
	-4.987764e-03
	-5.426373e-03
	-5.896582e-03
	-6.396048e-03
	-6.921633e-03
	-7.469527e-03
	-8.035327e-03
	-8.614153e-03
	-9.200769e-03
	-9.789689e-03
	-1.037528e-02
	-1.095185e-02
	-1.151377e-02
	-1.205554e-02
	-1.257180e-02
	-1.305741e-02
	-1.350749e-02
	-1.391748e-02
	-1.428331e-02
	-1.460139e-02
	-1.486865e-02
	-1.508257e-02
	-1.524124e-02
	-1.534342e-02
	-1.538865e-02
	-1.537721e-02
	-1.531001e-02
	-1.518874e-02
	-1.501576e-02
	-1.479405e-02
	-1.452710e-02
	-1.421887e-02
	-1.387370e-02
	-1.349630e-02
	-1.309164e-02
	-1.266489e-02
	-1.222135e-02
	-1.176632e-02
	-1.130497e-02
	-1.084226e-02
	-1.038289e-02
	-9.931162e-03
	-9.490896e-03
	-9.065387e-03
	-8.657348e-03
	-8.268818e-03
	-7.901120e-03
	 7.763013e-04
	 7.774408e-04
	 7.774364e-04
	 7.763146e-04
	 7.741028e-04
	 7.708297e-04
	 7.665247e-04
	 7.612174e-04
	 7.549386e-04
	 7.477192e-04
	 7.395903e-04
	 7.305832e-04
	 7.207296e-04
	 7.100604e-04
	 6.986067e-04
	 6.863996e-04
	 6.734701e-04
	 6.598497e-04
	 6.455691e-04
	 6.306602e-04
	 6.151548e-04
	 5.990849e-04
	 5.824831e-04
	 5.653820e-04
	 5.478147e-04
	 5.298142e-04
	 5.114140e-04
	 4.926472e-04
	 4.735468e-04
	 4.541458e-04
	 4.344764e-04
	 4.145709e-04
	 3.944605e-04
	 3.741763e-04
	 3.537483e-04
	 3.332060e-04
	 3.125779e-04
	 2.918921e-04
	 2.711758e-04
	 2.504557e-04
	 2.297580e-04
	 2.091081e-04
	 1.885314e-04
	 1.680526e-04
	 1.476961e-04
	 1.274860e-04
	 1.074459e-04
	 8.759922e-05
	 6.796883e-05
	 4.857712e-05
	 2.944601e-05
	 1.059821e-05
	-7.940061e-06
	-2.613903e-05
	-4.396514e-05
	-6.137665e-05
	-7.832617e-05
	-9.476880e-05
	-1.106594e-04
	-1.259267e-04
	-1.404515e-04
	-1.540933e-04
	-1.667091e-04
	-1.781343e-04
	-1.881715e-04
	-1.966377e-04
	-2.034287e-04
	-2.085199e-04
	-2.119155e-04
	-2.136439e-04
	-2.138046e-04
	-2.125559e-04
	-2.100401e-04
	-2.063500e-04
	-2.016094e-04
	-1.960154e-04
	-1.897703e-04
	-1.829849e-04
	-1.756843e-04
	-1.679038e-04
	-1.597627e-04
	-1.514346e-04
	-1.430867e-04
	-1.348962e-04
	-1.271007e-04
	-1.199561e-04
	-1.136848e-04
	-1.084834e-04
	-1.045517e-04
	-1.020410e-04
	-1.009986e-04
	-1.014287e-04
	-1.034658e-04
	-1.074576e-04
	-1.138016e-04
	-1.226758e-04
	-1.339352e-04
	-1.473631e-04
	-1.627749e-04
	-1.799709e-04
	-1.986977e-04
	-2.187171e-04
	-2.399275e-04
	-2.623561e-04
	-2.860946e-04
	-3.112263e-04
	-3.379390e-04
	-3.666467e-04
	-3.979344e-04
	-4.326336e-04
	-4.719028e-04
	-5.173196e-04
	-5.709811e-04
	-6.357216e-04
	-7.153119e-04
	-8.142825e-04
	-9.374710e-04
	-1.089590e-03
	-1.275206e-03
	-1.499092e-03
	-1.766353e-03
	-2.082061e-03
	-2.450638e-03
	-2.875405e-03
	-3.358556e-03
	-3.901497e-03
	-4.504835e-03
	-5.168202e-03
	-5.890013e-03
	-6.667331e-03
	-7.495509e-03
	-8.367458e-03
	-9.272696e-03
	-1.019603e-02
	-1.111724e-02
	-1.201179e-02
	-1.285100e-02
	-1.360178e-02
	-1.422691e-02
	-1.468644e-02
	-1.493966e-02
	-1.494573e-02
	-1.466282e-02
	-1.404510e-02
	-1.304356e-02
	-1.160936e-02
	-9.698790e-03
	-7.278143e-03
	-4.326507e-03
	-8.365176e-04
	 3.184829e-03
	 7.716036e-03
	 1.272241e-02
	 1.815603e-02
	 2.395153e-02
	 3.002180e-02
	 3.625881e-02
	 4.254035e-02
	 4.873975e-02
	 5.473520e-02
	 6.041495e-02
	 6.567617e-02
	 7.042000e-02
	 7.454719e-02
	 7.795689e-02
	 8.054953e-02
	 8.223237e-02
	 8.292737e-02
	 8.257090e-02
	 8.113230e-02
	 7.860381e-02
	 7.500607e-02
	 7.038220e-02
	 6.479418e-02
	 5.832004e-02
	 5.105309e-02
	 4.310256e-02
	 3.459198e-02
	 2.565477e-02
	 1.643061e-02
	 7.061730e-03
	-2.311697e-03
	-1.155736e-02
	-2.055578e-02
	-2.920313e-02
	-3.741225e-02
	-4.511074e-02
	-5.223703e-02
	-5.873808e-02
	-6.456949e-02
	-6.969716e-02
	-7.410119e-02
	-7.777937e-02
	-8.074678e-02
	-8.303456e-02
	-8.468731e-02
	-8.575875e-02
	-8.630911e-02
	-8.640591e-02
	-8.612339e-02
	-8.554342e-02
	-8.474997e-02
	-8.382440e-02
	-8.283959e-02
	-8.185572e-02
	-8.091845e-02
	-8.005771e-02
	-7.928700e-02
	-7.860421e-02
	-7.799459e-02
	-7.743426e-02
	-7.689379e-02
	-7.634021e-02
	-7.573594e-02
	-7.503777e-02
	-7.419754e-02
	-7.316402e-02
	-7.188580e-02
	-7.031410e-02
	-6.840500e-02
	-6.612071e-02
	-6.343071e-02
	-6.031302e-02
	-5.675430e-02
	-5.274903e-02
	-4.829871e-02
	-4.341186e-02
	-3.810452e-02
	-3.240096e-02
	-2.633381e-02
	-1.994355e-02
	-1.327727e-02
	-6.387447e-03
	 6.685946e-04
	 7.829289e-03
	 1.502955e-02
	 2.220141e-02
	 2.927533e-02
	 3.618177e-02
	 4.285248e-02
	 4.922150e-02
	 5.522623e-02
	 6.080889e-02
	 6.591819e-02
	 7.051014e-02
	 7.454857e-02
	 7.800536e-02
	 8.086073e-02
	 8.310384e-02
	 8.473321e-02
	 8.575676e-02
	 8.619177e-02
	 8.606264e-02
	 8.540329e-02
	 8.425357e-02
	 8.266128e-02
	 8.067998e-02
	 7.836707e-02
	 7.578330e-02
	 7.299200e-02
	 7.005839e-02
	 6.704821e-02
	 6.402568e-02
	 6.105082e-02
	 5.817750e-02
	 5.545275e-02
	 5.291647e-02
	 5.060105e-02
	 4.853029e-02
	 4.671819e-02
	 4.516784e-02
	 4.387129e-02
	 4.281059e-02
	 4.195958e-02
	 4.128567e-02
	 4.075156e-02
	 4.031670e-02
	 3.993839e-02
	 3.957241e-02
	 3.917421e-02
	 3.870078e-02
	 3.811264e-02
	 3.737554e-02
	 3.646167e-02
	 3.534999e-02
	 3.402612e-02
	 3.248215e-02
	 3.071637e-02
	 2.873320e-02
	 2.654316e-02
	 2.416256e-02
	 2.161288e-02
	 1.891962e-02
	 1.611107e-02
	 1.321741e-02
	 1.026998e-02
	 7.300584e-03
	 4.340672e-03
	 1.420353e-03
	-1.432371e-03
	-4.191886e-03
	-6.834775e-03
	-9.339844e-03
	-1.168893e-02
	-1.386788e-02
	-1.586738e-02
	-1.768328e-02
	-1.931610e-02
	-2.077024e-02
	-2.205333e-02
	-2.317570e-02
	-2.414984e-02
	-2.498999e-02
	-2.571179e-02
	-2.633184e-02
	-2.686747e-02
	-2.733648e-02
	-2.775648e-02
	-2.814412e-02
	-2.851443e-02
	-2.888039e-02
	-2.925264e-02
	-2.963906e-02
	-3.004459e-02
	-3.047132e-02
	-3.091880e-02
	-3.138449e-02
	-3.186380e-02
	-3.234980e-02
	-3.283300e-02
	-3.330173e-02
	-3.374291e-02
	-3.414287e-02
	-3.448815e-02
	-3.476591e-02
	-3.496433e-02
	-3.507312e-02
	-3.508406e-02
	-3.499131e-02
	-3.479105e-02
	-3.448130e-02
	-3.406172e-02
	-3.353351e-02
	-3.289947e-02
	-3.216415e-02
	-3.133383e-02
	-3.041630e-02
	-2.942063e-02
	-2.835691e-02
	-2.723610e-02
	-2.606974e-02
	-2.486968e-02
	-2.364788e-02
	-2.241655e-02
	-2.118802e-02
	-1.997412e-02
	-1.878541e-02
	-1.763058e-02
	-1.651638e-02
	-1.544796e-02
	-1.442900e-02
	-1.346159e-02
	-1.254591e-02
	-1.168001e-02
	-1.086000e-02
	-1.008085e-02
	-9.337225e-03
	-8.623957e-03
	-7.935897e-03
	-7.267592e-03
	-6.613234e-03
	-5.967156e-03
	-5.324706e-03
	-4.682753e-03
	-4.039436e-03
	-3.393447e-03
	-2.743413e-03
	-2.087931e-03
	-1.426109e-03
	-7.580176e-04
	-8.476689e-05
	 5.916786e-04
	 1.268718e-03
	 1.943315e-03
	 2.612259e-03
	 3.272340e-03
	 3.920452e-03
	 4.553651e-03
	 5.168997e-03
	 5.763430e-03
	 6.334034e-03
	 6.878565e-03
	 7.395616e-03
	 7.884504e-03
	 8.345010e-03
	 8.777304e-03
	 9.182112e-03
	 9.560914e-03
	 9.915864e-03
	 1.024941e-02
	 1.056378e-02
	 1.086083e-02
	 1.114196e-02
	 1.140816e-02
	 1.166011e-02
	 1.189821e-02
	 1.212272e-02
	 1.233372e-02
	 1.253102e-02
	 1.271406e-02
	 1.288203e-02
	 1.303412e-02
	 1.316970e-02
	 1.328816e-02
	 1.338862e-02
	 1.346980e-02
	 1.353023e-02
	 1.356862e-02
	 1.358407e-02
	 1.357594e-02
	 1.354363e-02
	 1.348659e-02
	 1.340445e-02
	 1.329727e-02
	 1.316573e-02
	 1.301099e-02
	 1.283455e-02
	 1.263823e-02
	 1.242424e-02
	 1.219521e-02
	 1.195398e-02
	 1.170326e-02
	 1.144568e-02
	 1.118368e-02
	 1.091961e-02
	 1.065576e-02
	 1.039434e-02
	 1.013733e-02
	 9.886339e-03
	 9.642445e-03
	 9.406032e-03
	 9.176599e-03
	 8.952846e-03
	 8.732796e-03
	 8.513915e-03
	 8.293177e-03
	 8.067124e-03
	 7.831932e-03
	 7.583693e-03
	 7.318806e-03
	 7.034285e-03
	 6.727861e-03
	 6.397956e-03
	 6.043595e-03
	 5.664424e-03
	 5.260819e-03
	 4.834095e-03
	 4.386676e-03
	 3.922063e-03
	 3.444576e-03
	 2.959014e-03
	 2.470384e-03
	 1.983678e-03
	 1.503746e-03
	 1.035330e-03
	 5.830723e-04
	 1.513941e-04
	-2.556513e-04
	-6.345237e-04
	-9.823996e-04
	-1.297326e-03
	-1.578353e-03
	-1.825494e-03
	-2.039514e-03
	-2.221781e-03
	-2.374170e-03
	-2.499149e-03
	-2.599963e-03
	-2.680637e-03
	-2.745834e-03
	-2.800527e-03
	-2.849602e-03
	-2.897669e-03
	-2.949007e-03
	-3.007517e-03
	-3.076618e-03
	-3.159159e-03
	-3.257451e-03
	-3.373318e-03
	-3.508104e-03
	-3.662630e-03
	-3.837076e-03
	-4.030888e-03
	-4.242820e-03
	-4.471021e-03
	-4.713197e-03
	-4.966724e-03
	-5.228609e-03
	-5.495339e-03
	-5.762864e-03
	-6.026783e-03
	-6.282564e-03
	-6.525666e-03
	-6.751661e-03
	-6.956276e-03
	-7.135537e-03
	-7.285984e-03
	-7.404855e-03
	-7.490300e-03
	-7.541401e-03
	-7.557977e-03
	-7.540321e-03
 	 5.906263e-06
 	 5.803819e-06
 	 5.693406e-06
 	 5.568949e-06
 	 5.425473e-06
 	 5.258933e-06
 	 5.065875e-06
 	 4.843271e-06
 	 4.588573e-06
 	 4.299975e-06
 	 3.976560e-06
 	 3.618070e-06
 	 3.224649e-06
 	 2.796982e-06
 	 2.336630e-06
 	 1.846324e-06
 	 1.330223e-06
 	 7.938308e-07
 	 2.435701e-07
 	-3.135246e-07
 	-8.699811e-07
 	-1.418268e-06
 	-1.951413e-06
 	-2.463505e-06
 	-2.949944e-06
 	-3.407440e-06
 	-3.833743e-06
 	-4.227389e-06
 	-4.587694e-06
 	-4.914911e-06
 	-5.210138e-06
 	-5.474996e-06
 	-5.711447e-06
 	-5.921645e-06
 	-6.107692e-06
 	-6.271567e-06
 	-6.415171e-06
 	-6.540363e-06
 	-6.649139e-06
 	-6.743882e-06
 	-6.827273e-06
 	-6.901705e-06
 	-6.968733e-06
 	-7.028928e-06
 	-7.081933e-06
 	-7.126610e-06
 	-7.161157e-06
 	-7.183357e-06
 	-7.190894e-06
 	-7.181256e-06
 	-7.151697e-06
 	-7.099521e-06
 	-7.022322e-06
 	-6.918191e-06
 	-6.786080e-06
 	-6.626125e-06
 	-6.439449e-06
 	-6.227681e-06
 	-5.992713e-06
 	-5.736686e-06
 	-5.461618e-06
 	-5.168607e-06
 	-4.855990e-06
 	-4.516340e-06
 	-4.128476e-06
 	-3.640105e-06
 	-2.942541e-06
 	-1.851976e-06
 	-9.813040e-08
 	 2.705572e-06
 	 7.116237e-06
 	 1.387102e-05
 	 2.377313e-05
 	 3.752231e-05
 	 5.559640e-05
 	 7.818272e-05
 	 1.051455e-04
 	 1.360575e-04
 	 1.702517e-04
 	 2.068368e-04
 	 2.446965e-04
 	 2.825276e-04
 	 3.189751e-04
 	 3.529013e-04
 	 3.836796e-04
 	 4.113345e-04
 	 4.365304e-04
 	 4.604794e-04
 	 4.847964e-04
 	 5.113510e-04
 	 5.420970e-04
 	 5.787933e-04
 	 6.227283e-04
 	 6.745802e-04
 	 7.343456e-04
 	 8.012919e-04
 	 8.739185e-04
 	 9.498626e-04
 	 1.025891e-03
 	 1.098135e-03
 	 1.162439e-03
 	 1.214676e-03
 	 1.251082e-03
 	 1.268550e-03
 	 1.264879e-03
 	 1.238858e-03
 	 1.190683e-03
 	 1.122151e-03
 	 1.036477e-03
 	 9.375900e-04
 	 8.292995e-04
 	 7.145469e-04
 	 5.949332e-04
 	 4.705439e-04
 	 3.399023e-04
 	 2.002550e-04
 	 4.833423e-05
 	-1.186580e-04
 	-3.022721e-04
 	-5.023548e-04
 	-7.165930e-04
 	-9.398802e-04
 	-1.163892e-03
 	-1.377280e-03
 	-1.566498e-03
 	-1.717091e-03
 	-1.814985e-03
 	-1.847427e-03
 	-1.804834e-03
 	-1.680986e-03
 	-1.474412e-03
 	-1.186340e-03
 	-8.186268e-04
 	-3.726365e-04
 	 1.501824e-04
 	 7.468665e-04
 	 1.412211e-03
 	 2.139279e-03
 	 2.920455e-03
 	 3.748527e-03
 	 4.617646e-03
 	 5.524016e-03
 	 6.466064e-03
 	 7.443729e-03
 	 8.457104e-03
 	 9.505149e-03
 	 1.058492e-02
 	 1.169156e-02
 	 1.281876e-02
 	 1.395927e-02
 	 1.510520e-02
 	 1.624803e-02
 	 1.737855e-02
 	 1.848670e-02
 	 1.956189e-02
 	 2.059309e-02
 	 2.156868e-02
 	 2.247612e-02
 	 2.330204e-02
 	 2.403230e-02
 	 2.465184e-02
 	 2.514443e-02
 	 2.549253e-02
 	 2.567744e-02
 	 2.568009e-02
 	 2.548187e-02
 	 2.506645e-02
 	 2.442019e-02
 	 2.353305e-02
 	 2.239992e-02
 	 2.102281e-02
 	 1.941346e-02
 	 1.759477e-02
 	 1.560050e-02
 	 1.347373e-02
 	 1.126401e-02
 	 9.023238e-03
 	 6.800120e-03
 	 4.634210e-03
 	 2.551886e-03
 	 5.651273e-04
 	-1.328463e-03
 	-3.146168e-03
 	-4.921035e-03
 	-6.702003e-03
 	-8.552687e-03
 	-1.054861e-02
 	-1.277226e-02
 	-1.530577e-02
 	-1.822188e-02
 	-2.157556e-02
 	-2.539854e-02
 	-2.969778e-02
 	-3.445658e-02
 	-3.963553e-02
 	-4.517243e-02
 	-5.098088e-02
 	-5.694896e-02
 	-6.294039e-02
 	-6.879896e-02
 	-7.435547e-02
 	-7.943619e-02
 	-8.387198e-02
 	-8.750781e-02
 	-9.021284e-02
 	-9.189019e-02
 	-9.248452e-02
 	-9.198736e-02
 	-9.043546e-02
 	-8.790520e-02
 	-8.450325e-02
 	-8.035684e-02
 	-7.560611e-02
 	-7.039791e-02
 	-6.487977e-02
 	-5.919355e-02
 	-5.346984e-02
 	-4.782468e-02
 	-4.235846e-02
 	-3.715536e-02
 	-3.228226e-02
 	-2.778719e-02
 	-2.369721e-02
 	-2.001661e-02
 	-1.672741e-02
 	-1.379258e-02
 	-1.116119e-02
 	-8.773557e-03
 	-6.564961e-03
 	-4.468335e-03
 	-2.417093e-03
 	-3.489019e-04
 	 1.790729e-03
 	 4.046401e-03
 	 6.451699e-03
 	 9.027252e-03
 	 1.177800e-02
 	 1.469137e-02
 	 1.773759e-02
 	 2.087242e-02
 	 2.404192e-02
 	 2.718870e-02
 	 3.025877e-02
 	 3.320714e-02
 	 3.600161e-02
 	 3.862451e-02
 	 4.107305e-02
 	 4.335824e-02
 	 4.550284e-02
 	 4.753872e-02
 	 4.950397e-02
 	 5.143972e-02
 	 5.338664e-02
 	 5.538075e-02
 	 5.744891e-02
 	 5.960463e-02
 	 6.184456e-02
 	 6.414653e-02
 	 6.646948e-02
 	 6.875560e-02
 	 7.093444e-02
 	 7.292864e-02
 	 7.466038e-02
 	 7.605742e-02
 	 7.705797e-02
 	 7.761402e-02
 	 7.769286e-02
 	 7.727854e-02
 	 7.637050e-02
 	 7.498344e-02
 	 7.314502e-02
 	 7.089386e-02
 	 6.827702e-02
 	 6.534760e-02
 	 6.216231e-02
 	 5.877850e-02
 	 5.525131e-02
 	 5.163086e-02
 	 4.795955e-02
 	 4.427084e-02
 	 4.058934e-02
 	 3.693239e-02
 	 3.331245e-02
 	 2.973999e-02
 	 2.622609e-02
 	 2.278403e-02
 	 1.942974e-02
 	 1.618152e-02
 	 1.305946e-02
 	 1.008453e-02
 	 7.277313e-03
 	 4.656632e-03
 	 2.238235e-03
 	 3.374876e-05
 	-1.950388e-03
 	-3.714079e-03
 	-5.264618e-03
 	-6.617249e-03
 	-7.794866e-03
 	-8.826756e-03
 	-9.746589e-03
 	-1.059001e-02
 	-1.139218e-02
 	-1.218524e-02
 	-1.299592e-02
 	-1.384313e-02
 	-1.473610e-02
 	-1.567353e-02
 	-1.664376e-02
 	-1.762591e-02
 	-1.859197e-02
 	-1.951003e-02
 	-2.034848e-02
 	-2.108020e-02
 	-2.168606e-02
 	-2.215762e-02
 	-2.249832e-02
 	-2.272322e-02
 	-2.285688e-02
 	-2.293017e-02
 	-2.297650e-02
 	-2.302792e-02
 	-2.311160e-02
 	-2.324725e-02
 	-2.344571e-02
 	-2.370869e-02
 	-2.402943e-02
 	-2.439441e-02
 	-2.478543e-02
 	-2.518219e-02
 	-2.556462e-02
 	-2.591509e-02
 	-2.622031e-02
 	-2.647291e-02
 	-2.667206e-02
 	-2.682300e-02
 	-2.693561e-02
 	-2.702219e-02
 	-2.709481e-02
 	-2.716300e-02
 	-2.723208e-02
 	-2.730218e-02
 	-2.736827e-02
 	-2.742109e-02
 	-2.744875e-02
 	-2.743877e-02
 	-2.737979e-02
 	-2.726323e-02
 	-2.708415e-02
 	-2.684176e-02
 	-2.653955e-02
 	-2.618496e-02
 	-2.578870e-02
 	-2.536385e-02
 	-2.492507e-02
 	-2.448744e-02
 	-2.406517e-02
 	-2.367000e-02
 	-2.330967e-02
 	-2.298685e-02
 	-2.269839e-02
 	-2.243514e-02
 	-2.218215e-02
 	-2.191954e-02
 	-2.162385e-02
 	-2.126986e-02
 	-2.083274e-02
 	-2.028988e-02
 	-1.962247e-02
 	-1.881681e-02
 	-1.786559e-02
 	-1.676890e-02
 	-1.553467e-02
 	-1.417865e-02
 	-1.272366e-02
 	-1.119835e-02
 	-9.635510e-03
 	-8.069978e-03
 	-6.536396e-03
 	-5.067023e-03
 	-3.689567e-03
 	-2.425190e-03
 	-1.287064e-03
 	-2.798351e-04
 	 5.999239e-04
 	 1.362525e-03
 	 2.023632e-03
 	 2.602612e-03
 	 3.120709e-03
 	 3.599052e-03
 	 4.056581e-03
 	 4.508108e-03
 	 4.962865e-03
 	 5.423919e-03
 	 5.888418e-03
 	 6.348275e-03
 	 6.791182e-03
 	 7.202201e-03
 	 7.566012e-03
 	 7.869393e-03
 	 8.103387e-03
 	 8.264774e-03
 	 8.356784e-03
 	 8.389180e-03
 	 8.378011e-03
 	 8.344400e-03
 	 8.313482e-03
 	 8.312336e-03
 	 8.367821e-03
 	 8.504764e-03
 	 8.744260e-03
 	 9.102254e-03
 	 9.588304e-03
 	 1.020469e-02
 	 1.094606e-02
 	 1.179959e-02
 	 1.274532e-02
 	 1.375688e-02
 	 1.480258e-02
 	 1.584724e-02
 	 1.685434e-02
 	 1.778850e-02
 	 1.861765e-02
 	 1.931487e-02
 	 1.985985e-02
 	 2.023978e-02
 	 2.044945e-02
 	 2.049072e-02
 	 2.037187e-02
 	 2.010656e-02
 	 1.971251e-02
 	 1.921034e-02
 	 1.862209e-02
 	 1.796957e-02
 	 1.727270e-02
 	 1.654827e-02
 	 1.580944e-02
 	 1.506583e-02
 	 1.432408e-02
 	 1.358880e-02
 	 1.286369e-02
 	 1.215269e-02
 	 1.146083e-02
 	 1.079475e-02
 	 1.016275e-02
 	 9.574753e-03
 	 9.042091e-03
 	 8.577215e-03
 	 8.193123e-03
 	 7.902446e-03
 	 7.716212e-03
 	 7.642220e-03
 	 7.683943e-03
 	 7.838049e-03
 	 8.094699e-03
 	 8.436659e-03
 	 8.839880e-03
 	 9.274713e-03
 	 9.707635e-03
 	 1.010322e-02
 	 1.042622e-02
 	 1.064366e-02
 	 1.072662e-02
 	 1.065307e-02
 	 1.040687e-02
 	 9.980527e-03
 	 9.374551e-03
 	 8.597563e-03
 	 7.665901e-03
 	 6.602760e-03
 	 5.436782e-03
 	 4.200222e-03
 	 2.926970e-03
 	 1.650621e-03
 	 4.026845e-04
 	-7.889502e-04
 	-1.901223e-03
 	-2.916781e-03
 	-3.824478e-03
 	-4.619433e-03
 	-5.302735e-03
 	-5.880861e-03
 	-6.364866e-03
 	-6.769361e-03
 	-7.111324e-03
 	-7.408803e-03
 	-7.679611e-03
 	-7.940082e-03
 	-8.204054e-03
 	-8.482167e-03
 	-8.781358e-03
 	-9.104533e-03
 	-9.450457e-03
 	-9.813907e-03
 	-1.018610e-02
 	-1.055543e-02
 	-1.090845e-02
 	-1.123092e-02
 	-1.150888e-02
 	-1.172959e-02
 	-1.188242e-02
 	-1.195967e-02
 	-1.195710e-02
 	-1.187438e-02
 	-1.171473e-02
 	-1.148471e-02
 	-1.119377e-02
 	-1.085388e-02
 	-1.047897e-02
 	-1.008439e-02
 	-9.685989e-03
 	-9.299077e-03
 	-4.786470e-04
 	-4.952311e-04
 	-5.108253e-04
 	-5.254254e-04
 	-5.390292e-04
 	-5.516370e-04
 	-5.632502e-04
 	-5.738726e-04
 	-5.835093e-04
 	-5.921674e-04
 	-5.998556e-04
 	-6.065833e-04
 	-6.123614e-04
 	-6.172026e-04
 	-6.211199e-04
 	-6.241278e-04
 	-6.262416e-04
 	-6.274777e-04
 	-6.278533e-04
 	-6.273863e-04
 	-6.260957e-04
 	-6.240010e-04
 	-6.211231e-04
 	-6.174833e-04
 	-6.131040e-04
 	-6.080082e-04
 	-6.022193e-04
 	-5.957609e-04
 	-5.886568e-04
 	-5.809309e-04
 	-5.726062e-04
 	-5.637055e-04
 	-5.542511e-04
 	-5.442644e-04
 	-5.337666e-04
 	-5.227781e-04
 	-5.113192e-04
 	-4.994099e-04
 	-4.870704e-04
 	-4.743208e-04
 	-4.611815e-04
 	-4.476733e-04
 	-4.338177e-04
 	-4.196364e-04
 	-4.051520e-04
 	-3.903877e-04
 	-3.753677e-04
 	-3.601167e-04
 	-3.446606e-04
 	-3.290260e-04
 	-3.132403e-04
 	-2.973320e-04
 	-2.813301e-04
 	-2.652645e-04
 	-2.491650e-04
 	-2.330628e-04
 	-2.169925e-04
 	-2.009930e-04
 	-1.851078e-04
 	-1.693892e-04
 	-1.538980e-04
 	-1.386972e-04
 	-1.238652e-04
 	-1.095192e-04
 	-9.581484e-05
 	-8.293119e-05
 	-7.107645e-05
 	-6.049500e-05
 	-5.146360e-05
 	-4.427344e-05
 	-3.919760e-05
 	-3.647844e-05
 	-3.632309e-05
 	-3.888184e-05
 	-4.424480e-05
 	-5.246062e-05
 	-6.354140e-05
 	-7.746764e-05
 	-9.414225e-05
 	-1.133604e-04
 	-1.348767e-04
 	-1.584577e-04
 	-1.838758e-04
 	-2.108739e-04
 	-2.391310e-04
 	-2.682593e-04
 	-2.978416e-04
 	-3.274193e-04
 	-3.564678e-04
 	-3.844327e-04
 	-4.107449e-04
 	-4.347962e-04
 	-4.559732e-04
 	-4.737083e-04
 	-4.874903e-04
 	-4.968998e-04
 	-5.016275e-04
 	-5.014186e-04
 	-4.960723e-04
 	-4.856202e-04
 	-4.704919e-04
 	-4.513980e-04
 	-4.291280e-04
 	-4.045671e-04
 	-3.787943e-04
 	-3.529612e-04
 	-3.280912e-04
 	-3.050623e-04
 	-2.847466e-04
 	-2.683204e-04
 	-2.575807e-04
 	-2.550002e-04
 	-2.636097e-04
 	-2.870090e-04
 	-3.293960e-04
 	-3.955049e-04
 	-4.905120e-04
 	-6.199228e-04
 	-7.893082e-04
 	-1.003883e-03
 	-1.267975e-03
 	-1.584558e-03
 	-1.955054e-03
 	-2.379269e-03
 	-2.855298e-03
 	-3.379423e-03
 	-3.946011e-03
 	-4.547230e-03
 	-5.172899e-03
 	-5.810876e-03
 	-6.447508e-03
 	-7.068045e-03
 	-7.657157e-03
 	-8.199283e-03
 	-8.678926e-03
 	-9.081074e-03
 	-9.391591e-03
 	-9.597729e-03
 	-9.689198e-03
 	-9.659451e-03
 	-9.506894e-03
 	-9.235363e-03
 	-8.854052e-03
 	-8.377216e-03
 	-7.823501e-03
 	-7.215039e-03
 	-6.576882e-03
 	-5.936832e-03
 	-5.325641e-03
 	-4.777466e-03
 	-4.330223e-03
 	-4.025080e-03
 	-3.904285e-03
 	-4.006948e-03
 	-4.368068e-03
 	-5.013821e-03
 	-5.961219e-03
 	-7.218121e-03
 	-8.784244e-03
 	-1.065233e-02
 	-1.281011e-02
 	-1.524103e-02
 	-1.792146e-02
 	-2.081610e-02
 	-2.387480e-02
 	-2.703163e-02
 	-3.020616e-02
 	-3.330495e-02
 	-3.622298e-02
 	-3.884774e-02
 	-4.106443e-02
 	-4.275984e-02
 	-4.382532e-02
 	-4.416189e-02
 	-4.368950e-02
 	-4.234253e-02
 	-4.007601e-02
 	-3.686135e-02
 	-3.268827e-02
 	-2.756674e-02
 	-2.152849e-02
 	-1.462781e-02
 	-6.942472e-03
 	 1.426043e-03
 	 1.035469e-02
 	 1.970367e-02
 	 2.932274e-02
 	 3.905660e-02
 	 4.874934e-02
 	 5.824878e-02
 	 6.741004e-02
 	 7.609740e-02
 	 8.418531e-02
 	 9.155969e-02
 	 9.812011e-02
 	 1.037826e-01
 	 1.084826e-01
 	 1.121760e-01
 	 1.148408e-01
 	 1.164758e-01
 	 1.170992e-01
 	 1.167453e-01
 	 1.154653e-01
 	 1.133240e-01
 	 1.103989e-01
 	 1.067773e-01
 	 1.025533e-01
 	 9.782572e-02
 	 9.269454e-02
 	 8.725779e-02
 	 8.160982e-02
 	 7.584014e-02
 	 7.003263e-02
 	 6.426369e-02
 	 5.859967e-02
 	 5.309568e-02
 	 4.779582e-02
 	 4.273368e-02
 	 3.793161e-02
 	 3.339980e-02
 	 2.913659e-02
 	 2.513064e-02
 	 2.136251e-02
 	 1.780523e-02
 	 1.442473e-02
 	 1.118085e-02
 	 8.028666e-03
 	 4.919266e-03
 	 1.800715e-03
 	-1.380247e-03
 	-4.675960e-03
 	-8.135644e-03
 	-1.180322e-02
 	-1.571510e-02
 	-1.989788e-02
 	-2.436573e-02
 	-2.911875e-02
 	-3.414315e-02
 	-3.941211e-02
 	-4.488687e-02
 	-5.051818e-02
 	-5.624782e-02
 	-6.201029e-02
 	-6.773436e-02
 	-7.334466e-02
 	-7.876341e-02
 	-8.391239e-02
 	-8.871483e-02
 	-9.309752e-02
 	-9.699350e-02
 	-1.003444e-01
 	-1.031018e-01
 	-1.052285e-01
 	-1.066992e-01
 	-1.075014e-01
 	-1.076350e-01
 	-1.071117e-01
 	-1.059556e-01
 	-1.042003e-01
 	-1.018885e-01
 	-9.907081e-02
 	-9.580461e-02
 	-9.215248e-02
 	-8.818073e-02
 	-8.395766e-02
 	-7.955153e-02
 	-7.502861e-02
 	-7.045179e-02
 	-6.588031e-02
 	-6.136934e-02
 	-5.696839e-02
 	-5.271946e-02
 	-4.865603e-02
 	-4.480281e-02
 	-4.117570e-02
 	-3.778223e-02
 	-3.462221e-02
 	-3.168869e-02
 	-2.896873e-02
 	-2.644435e-02
 	-2.409391e-02
 	-2.189336e-02
 	-1.981715e-02
 	-1.783907e-02
 	-1.593313e-02
 	-1.407444e-02
 	-1.223991e-02
 	-1.040866e-02
 	-8.562529e-03
 	-6.686553e-03
 	-4.769297e-03
 	-2.803057e-03
 	-7.838958e-04
 	 1.288418e-03
 	 3.410547e-03
 	 5.575920e-03
 	 7.775083e-03
 	 9.996030e-03
 	 1.222461e-02
 	 1.444523e-02
 	 1.664168e-02
 	 1.879763e-02
 	 2.089678e-02
 	 2.292318e-02
 	 2.486151e-02
 	 2.669742e-02
 	 2.841778e-02
 	 3.001126e-02
 	 3.146880e-02
 	 3.278401e-02
 	 3.395354e-02
 	 3.497724e-02
 	 3.585789e-02
 	 3.660070e-02
 	 3.721319e-02
 	 3.770502e-02
 	 3.808771e-02
 	 3.837444e-02
 	 3.857991e-02
 	 3.871997e-02
 	 3.881077e-02
 	 3.886778e-02
 	 3.890473e-02
 	 3.893299e-02
 	 3.896121e-02
 	 3.899523e-02
 	 3.903810e-02
 	 3.909053e-02
 	 3.915129e-02
 	 3.921751e-02
 	 3.928489e-02
 	 3.934790e-02
 	 3.939985e-02
 	 3.943315e-02
 	 3.943971e-02
 	 3.941108e-02
 	 3.933879e-02
 	 3.921445e-02
 	 3.902987e-02
 	 3.877730e-02
 	 3.844969e-02
 	 3.804085e-02
 	 3.754569e-02
 	 3.696039e-02
 	 3.628257e-02
 	 3.551132e-02
 	 3.464735e-02
 	 3.369292e-02
 	 3.265180e-02
 	 3.152925e-02
 	 3.033167e-02
 	 2.906623e-02
 	 2.774063e-02
 	 2.636304e-02
 	 2.494196e-02
 	 2.348618e-02
 	 2.200492e-02
 	 2.050783e-02
 	 1.900486e-02
 	 1.750590e-02
 	 1.602033e-02
 	 1.455671e-02
 	 1.312240e-02
 	 1.172328e-02
 	 1.036365e-02
 	 9.046354e-03
 	 7.772884e-03
 	 6.543318e-03
 	 5.356328e-03
 	 4.209451e-03
 	 3.099401e-03
 	 2.022364e-03
 	 9.744390e-04
 	-4.794675e-05
 	-1.047753e-03
 	-2.027166e-03
 	-2.987491e-03
 	-3.929039e-03
 	-4.850962e-03
 	-5.751187e-03
 	-6.626446e-03
 	-7.472487e-03
 	-8.284513e-03
 	-9.057723e-03
 	-9.787859e-03
 	-1.047165e-02
 	-1.110707e-02
 	-1.169360e-02
 	-1.223229e-02
 	-1.272557e-02
 	-1.317683e-02
 	-1.359018e-02
 	-1.397020e-02
 	-1.432179e-02
 	-1.465000e-02
 	-1.495993e-02
 	-1.525647e-02
 	-1.554411e-02
 	-1.582690e-02
 	-1.610843e-02
 	-1.639172e-02
 	-1.667900e-02
 	-1.697147e-02
 	-1.726919e-02
 	-1.757098e-02
 	-1.787457e-02
 	-1.817687e-02
 	-1.847417e-02
 	-1.876225e-02
 	-1.903651e-02
 	-1.929220e-02
 	-1.952452e-02
 	-1.972881e-02
 	-1.990073e-02
 	-2.003631e-02
 	-2.013196e-02
 	-2.018461e-02
 	-2.019174e-02
 	-2.015167e-02
 	-2.006352e-02
 	-1.992715e-02
 	-1.974306e-02
 	-1.951224e-02
 	-1.923610e-02
 	-1.891650e-02
 	-1.855564e-02
 	-1.815599e-02
 	-1.772019e-02
 	-1.725118e-02
 	-1.675211e-02
 	-1.622619e-02
 	-1.567668e-02
 	-1.510689e-02
 	-1.452013e-02
 	-1.391968e-02
 	-1.330867e-02
 	-1.268995e-02
 	-1.206592e-02
 	-1.143845e-02
 	-1.080907e-02
 	-1.017895e-02
 	-9.549016e-03
 	-8.920024e-03
 	-8.292584e-03
 	-7.667096e-03
 	-7.043789e-03
 	-6.422757e-03
 	-5.803939e-03
 	-5.187172e-03
 	-4.572282e-03
 	-3.959183e-03
 	-3.347928e-03
 	-2.738665e-03
 	-2.131523e-03
 	-1.526495e-03
 	-9.234292e-04
 	-3.221601e-04
 	 2.774124e-04
 	 8.752344e-04
 	 1.471027e-03
 	 2.064193e-03
 	 2.653712e-03
 	 3.238052e-03
 	 3.815181e-03
 	 4.382646e-03
 	 4.937615e-03
 	 5.476943e-03
 	 5.997228e-03
 	 6.494898e-03
 	 6.966372e-03
 	 7.408191e-03
 	 7.817072e-03
 	 8.189956e-03
 	 8.524001e-03
 	 8.816479e-03
 	 9.064736e-03
 	 9.266404e-03
 	 9.419672e-03
 	 9.523496e-03
 	 9.577791e-03
 	 9.583591e-03
 	 9.542987e-03
 	 9.459108e-03
 	 9.335865e-03
 	 9.177835e-03
 	 8.990121e-03
 	 8.778222e-03
 	 8.547791e-03
 	 8.304428e-03
 	 8.053540e-03
 	 7.800306e-03
 	 7.549620e-03
 	 7.305989e-03
 	 7.073454e-03
 	 6.855524e-03
 	 6.655077e-03
 	 6.474254e-03
 	 6.314410e-03
 	 6.176116e-03
 	 6.059179e-03
 	 5.962642e-03
 	 5.884777e-03
 	 5.823167e-03
 	 5.774811e-03
 	 5.736213e-03
 	 5.703493e-03
 	 5.672527e-03
 	 5.639107e-03
 	 5.599125e-03
 	 5.548805e-03
 	 5.484865e-03
 	 5.404612e-03
	 2.970689e-05
	 2.935898e-05
	 2.902641e-05
	 2.870922e-05
	 2.840672e-05
	 2.811758e-05
	 2.783973e-05
	 2.757048e-05
	 2.730654e-05
	 2.704409e-05
	 2.677887e-05
	 2.650642e-05
	 2.622212e-05
	 2.592139e-05
	 2.559988e-05
	 2.525360e-05
	 2.487903e-05
	 2.447330e-05
	 2.403430e-05
	 2.356077e-05
	 2.305244e-05
	 2.251004e-05
	 2.193529e-05
	 2.133090e-05
	 2.070040e-05
	 2.004812e-05
	 1.937902e-05
	 1.869861e-05
	 1.801284e-05
	 1.732795e-05
	 1.665027e-05
	 1.598616e-05
	 1.534179e-05
	 1.472304e-05
	 1.413535e-05
	 1.358362e-05
	 1.307213e-05
	 1.260436e-05
	 1.218296e-05
	 1.180964e-05
	 1.148514e-05
	 1.120922e-05
	 1.098063e-05
	 1.079718e-05
	 1.065577e-05
	 1.055255e-05
	 1.048305e-05
	 1.044237e-05
	 1.042532e-05
	 1.042660e-05
	 1.044103e-05
	 1.046363e-05
	 1.048983e-05
	 1.051556e-05
	 1.053733e-05
	 1.055231e-05
	 1.055835e-05
	 1.055400e-05
	 1.053854e-05
	 1.051193e-05
	 1.047476e-05
	 1.042818e-05
	 1.037382e-05
	 1.031366e-05
	 1.024991e-05
	 1.018496e-05
	 1.012125e-05
	 1.006119e-05
	 1.000715e-05
	 9.961363e-06
	 9.925876e-06
	 9.902502e-06
	 9.892822e-06
	 9.898161e-06
	 9.919586e-06
	 9.957893e-06
	 1.001361e-05
	 1.008702e-05
	 1.017819e-05
	 1.028694e-05
	 1.041290e-05
	 1.055545e-05
	 1.071379e-05
	 1.088694e-05
	 1.107377e-05
	 1.127305e-05
	 1.148343e-05
	 1.170333e-05
	 1.192970e-05
	 1.215711e-05
	 1.237783e-05
	 1.257942e-05
	 1.274471e-05
	 1.285509e-05
	 1.288866e-05
	 1.281271e-05
	 1.257502e-05
	 1.211062e-05
	 1.135510e-05
	 1.024593e-05
	 8.714565e-06
	 6.682683e-06
	 4.069585e-06
	 8.048249e-07
	-3.165836e-06
	-7.881217e-06
	-1.337129e-05
	-1.965956e-05
	-2.675602e-05
	-3.465698e-05
	-4.334966e-05
	-5.281294e-05
	-6.301655e-05
	-7.392917e-05
	-8.552692e-05
	-9.778882e-05
	-1.106842e-04
	-1.241632e-04
	-1.381512e-04
	-1.525432e-04
	-1.671903e-04
	-1.818853e-04
	-1.963604e-04
	-2.102985e-04
	-2.233584e-04
	-2.351805e-04
	-2.453745e-04
	-2.535194e-04
	-2.591924e-04
	-2.620065e-04
	-2.616452e-04
	-2.578950e-04
	-2.506942e-04
	-2.402057e-04
	-2.268702e-04
	-2.114398e-04
	-1.949940e-04
	-1.789442e-04
	-1.650422e-04
	-1.554262e-04
	-1.526438e-04
	-1.596611e-04
	-1.798123e-04
	-2.167240e-04
	-2.742629e-04
	-3.564455e-04
	-4.672878e-04
	-6.105958e-04
	-7.898049e-04
	-1.007873e-03
	-1.267151e-03
	-1.569216e-03
	-1.914694e-03
	-2.303062e-03
	-2.732607e-03
	-3.200469e-03
	-3.702673e-03
	-4.234083e-03
	-4.788369e-03
	-5.358020e-03
	-5.934454e-03
	-6.508197e-03
	-7.069102e-03
	-7.606547e-03
	-8.109708e-03
	-8.567888e-03
	-8.970900e-03
	-9.309351e-03
	-9.574852e-03
	-9.760143e-03
	-9.859180e-03
	-9.867276e-03
	-9.781282e-03
	-9.599683e-03
	-9.322672e-03
	-8.952195e-03
	-8.491944e-03
	-7.947330e-03
	-7.325409e-03
	-6.634763e-03
	-5.885306e-03
	-5.088076e-03
	-4.254971e-03
	-3.398336e-03
	-2.530508e-03
	-1.663466e-03
	-8.086470e-04
	 2.321936e-05
	 8.222923e-04
	 1.579770e-03
	 2.288003e-03
	 2.940618e-03
	 3.532731e-03
	 4.061186e-03
	 4.524663e-03
	 4.923674e-03
	 5.260713e-03
	 5.540557e-03
	 5.770265e-03
	 5.958756e-03
	 6.116048e-03
	 6.252402e-03
	 6.377744e-03
	 6.501805e-03
	 6.634870e-03
	 6.788608e-03
	 6.976653e-03
	 7.214503e-03
	 7.518870e-03
	 7.906782e-03
	 8.394153e-03
	 8.994240e-03
	 9.716515e-03
	 1.056626e-02
	 1.154489e-02
	 1.265020e-02
	 1.387597e-02
	 1.521113e-02
	 1.663936e-02
	 1.813903e-02
	 1.968383e-02
	 2.124350e-02
	 2.278521e-02
	 2.427483e-02
	 2.567797e-02
	 2.696093e-02
	 2.809135e-02
	 2.903896e-02
	 2.977655e-02
	 3.028116e-02
	 3.053533e-02
	 3.052804e-02
	 3.025505e-02
	 2.971848e-02
	 2.892621e-02
	 2.789129e-02
	 2.663165e-02
	 2.516977e-02
	 2.353209e-02
	 2.174843e-02
	 1.985104e-02
	 1.787377e-02
	 1.585077e-02
	 1.381518e-02
	 1.179789e-02
	 9.826685e-03
	 7.925587e-03
	 6.114437e-03
	 4.408611e-03
	 2.818857e-03
	 1.351320e-03
	 7.787735e-06
	-1.214162e-03
	-2.321016e-03
	-3.322888e-03
	-4.232925e-03
	-5.066827e-03
	-5.842392e-03
	-6.578994e-03
	-7.297068e-03
	-8.017557e-03
	-8.761189e-03
	-9.547635e-03
	-1.039472e-02
	-1.131784e-02
	-1.232943e-02
	-1.343862e-02
	-1.465094e-02
	-1.596797e-02
	-1.738683e-02
	-1.889993e-02
	-2.049472e-02
	-2.215364e-02
	-2.385423e-02
	-2.556951e-02
	-2.726884e-02
	-2.891921e-02
	-3.048660e-02
	-3.193728e-02
	-3.323908e-02
	-3.436256e-02
	-3.528204e-02
	-3.597654e-02
	-3.643047e-02
	-3.663395e-02
	-3.658297e-02
	-3.627936e-02
	-3.573069e-02
	-3.495006e-02
	-3.395559e-02
	-3.276944e-02
	-3.141705e-02
	-2.992637e-02
	-2.832698e-02
	-2.664892e-02
	-2.492163e-02
	-2.317309e-02
	-2.142917e-02
	-1.971306e-02
	-1.804484e-02
	-1.644125e-02
	-1.491561e-02
	-1.347797e-02
	-1.213522e-02
	-1.089142e-02
	-9.748030e-03
	-8.704366e-03
	-7.757977e-03
	-6.905055e-03
	-6.140762e-03
	-5.459478e-03
	-4.855070e-03
	-4.321141e-03
	-3.851231e-03
	-3.438955e-03
	-3.078090e-03
	-2.762639e-03
	-2.486819e-03
	-2.244938e-03
	-2.031256e-03
	-1.839998e-03
	-1.665343e-03
	-1.501299e-03
	-1.341637e-03
	-1.179918e-03
	-1.009545e-03
	-8.237541e-04
	-6.155919e-04
	-3.781020e-04
	-1.045699e-04
	 2.113643e-04
	 5.756763e-04
	 9.939044e-04
	 1.471022e-03
	 2.011145e-03
	 2.617212e-03
	 3.290663e-03
	 4.031139e-03
	 4.836293e-03
	 5.701711e-03
	 6.620932e-03
	 7.585645e-03
	 8.586022e-03
	 9.611109e-03
	 1.064925e-02
	 1.168854e-02
	 1.271725e-02
	 1.372419e-02
	 1.469894e-02
	 1.563212e-02
	 1.651553e-02
	 1.734228e-02
	 1.810678e-02
	 1.880478e-02
	 1.943319e-02
	 1.999005e-02
	 2.047447e-02
	 2.088660e-02
	 2.122751e-02
	 2.149920e-02
	 2.170437e-02
	 2.184629e-02
	 2.192852e-02
	 2.195475e-02
	 2.192862e-02
	 2.185355e-02
	 2.173251e-02
	 2.156786e-02
	 2.136118e-02
	 2.111334e-02
	 2.082452e-02
	 2.049439e-02
	 2.012227e-02
	 1.970724e-02
	 1.924834e-02
	 1.874470e-02
	 1.819581e-02
	 1.760169e-02
	 1.696294e-02
	 1.628089e-02
	 1.555757e-02
	 1.479578e-02
	 1.399917e-02
	 1.317235e-02
	 1.232096e-02
	 1.145169e-02
	 1.057215e-02
	 9.690685e-03
	 8.816040e-03
	 7.957092e-03
	 7.122521e-03
	 6.320511e-03
	 5.558466e-03
	 4.842674e-03
	 4.177953e-03
	 3.567335e-03
	 3.011838e-03
	 2.510336e-03
	 2.059556e-03
	 1.654216e-03
	 1.287321e-03
	 9.505604e-04
	 6.347295e-04
	 3.301733e-04
	 2.719758e-05
	-2.834991e-04
	-6.103801e-04
	-9.606551e-04
	-1.339938e-03
	-1.752046e-03
	-2.198931e-03
	-2.680687e-03
	-3.195639e-03
	-3.740520e-03
	-4.310719e-03
	-4.900586e-03
	-5.503753e-03
	-6.113475e-03
	-6.722912e-03
	-7.325363e-03
	-7.914389e-03
	-8.483915e-03
	-9.028334e-03
	-9.542581e-03
	-1.002217e-02
	-1.046326e-02
	-1.086257e-02
	-1.121741e-02
	-1.152561e-02
	-1.178553e-02
	-1.199612e-02
	-1.215688e-02
	-1.226791e-02
	-1.232982e-02
	-1.234375e-02
	-1.231133e-02
	-1.223465e-02
	-1.211628e-02
	-1.195922e-02
	-1.176699e-02
	-1.154352e-02
	-1.129302e-02
	-1.101986e-02
	-1.072841e-02
	-1.042281e-02
	-1.010685e-02
	-9.783825e-03
	-9.456442e-03
	-9.126807e-03
	-8.796399e-03
	-8.466123e-03
	-8.136415e-03
	-7.807375e-03
	-7.478884e-03
	-7.150666e-03
	-6.822341e-03
	-6.493527e-03
	-6.163977e-03
	-5.833702e-03
	-5.503081e-03
	-5.172887e-03
	-4.844254e-03
	-4.518594e-03
	-4.197537e-03
	-3.882877e-03
	-3.576520e-03
	-3.280497e-03
	-2.996943e-03
	-2.728002e-03
	-2.475721e-03
	-2.241929e-03
	-2.028134e-03
	-1.835438e-03
	-1.664496e-03
	-1.515510e-03
	-1.388221e-03
	-1.281884e-03
	-1.195207e-03
	-1.126302e-03
	-1.072699e-03
	-1.031399e-03
	-9.989698e-04
	-9.716756e-04
	-9.456152e-04
	-9.168841e-04
	-8.817277e-04
	-8.366485e-04
	-7.784826e-04
	-7.044402e-04
	-6.121469e-04
	-4.997078e-04
	-3.657695e-04
	-2.095481e-04
	-3.084940e-05
	 1.699132e-04
	 3.917139e-04
	 6.329335e-04
	 8.913702e-04
	 1.164243e-03
	 1.448243e-03
	 1.739644e-03
	 2.034435e-03
	 2.328481e-03
	 2.617706e-03
	 2.898299e-03
	 3.166875e-03
	 3.420591e-03
	 3.657209e-03
	 3.875123e-03
	 4.073353e-03
	 4.251510e-03
	 4.409684e-03
 	 1.477598e-03
 	 1.444575e-03
 	 1.410221e-03
 	 1.374612e-03
 	 1.337821e-03
 	 1.299924e-03
 	 1.260994e-03
 	 1.221105e-03
 	 1.180331e-03
 	 1.138745e-03
 	 1.096417e-03
 	 1.053421e-03
 	 1.009825e-03
 	 9.657002e-04
 	 9.211148e-04
 	 8.761372e-04
 	 8.308344e-04
 	 7.852728e-04
 	 7.395179e-04
 	 6.936342e-04
 	 6.476850e-04
 	 6.017330e-04
 	 5.558398e-04
 	 5.100663e-04
 	 4.644724e-04
 	 4.191170e-04
 	 3.740575e-04
 	 3.293509e-04
 	 2.850526e-04
 	 2.412165e-04
 	 1.978956e-04
 	 1.551409e-04
 	 1.130020e-04
 	 7.152686e-05
 	 3.076118e-05
 	-9.251218e-06
 	-4.846864e-05
 	-8.685161e-05
 	-1.243642e-04
 	-1.609755e-04
 	-1.966625e-04
 	-2.314093e-04
 	-2.652034e-04
 	-2.980453e-04
 	-3.299477e-04
 	-3.609303e-04
 	-3.910135e-04
 	-4.202144e-04
 	-4.485329e-04
 	-4.759333e-04
 	-5.023953e-04
 	-5.278870e-04
 	-5.522899e-04
 	-5.754483e-04
 	-5.972483e-04
 	-6.175934e-04
 	-6.363817e-04
 	-6.535582e-04
 	-6.691172e-04
 	-6.830836e-04
 	-6.954971e-04
 	-7.064594e-04
 	-7.161307e-04
 	-7.246484e-04
 	-7.323804e-04
 	-7.401609e-04
 	-7.490470e-04
 	-7.599168e-04
 	-7.733273e-04
 	-7.894616e-04
 	-8.080864e-04
 	-8.286820e-04
 	-8.503913e-04
 	-8.719945e-04
 	-8.920936e-04
 	-9.094643e-04
 	-9.232206e-04
 	-9.328151e-04
 	-9.378433e-04
 	-9.378354e-04
 	-9.322605e-04
 	-9.207883e-04
 	-9.035147e-04
 	-8.808624e-04
 	-8.533259e-04
 	-8.211833e-04
 	-7.843262e-04
 	-7.424647e-04
 	-6.951261e-04
 	-6.416941e-04
 	-5.817880e-04
 	-5.157146e-04
 	-4.444151e-04
 	-3.692054e-04
 	-2.919913e-04
 	-2.156175e-04
 	-1.432602e-04
 	-7.779888e-05
 	-2.178317e-05
 	 2.230208e-05
 	 5.215794e-05
 	 6.607202e-05
 	 6.278604e-05
 	 4.110648e-05
 	-3.680057e-07
 	-6.340080e-05
 	-1.500640e-04
 	-2.626411e-04
 	-4.037693e-04
 	-5.762957e-04
 	-7.827398e-04
 	-1.025067e-03
 	-1.304915e-03
 	-1.623667e-03
 	-1.982095e-03
 	-2.379938e-03
 	-2.815804e-03
 	-3.286923e-03
 	-3.788802e-03
 	-4.314926e-03
 	-4.856381e-03
 	-5.401959e-03
 	-5.938283e-03
 	-6.450228e-03
 	-6.922057e-03
 	-7.338035e-03
 	-7.682978e-03
 	-7.942402e-03
 	-8.101740e-03
 	-8.146261e-03
 	-8.062232e-03
 	-7.839439e-03
 	-7.473300e-03
 	-6.966059e-03
 	-6.327209e-03
 	-5.574038e-03
 	-4.730775e-03
 	-3.824980e-03
 	-2.883890e-03
 	-1.934764e-03
 	-1.007498e-03
 	-1.363302e-04
 	 6.390019e-04
 	 1.273950e-03
 	 1.723126e-03
 	 1.944622e-03
 	 1.900957e-03
 	 1.557817e-03
 	 8.834795e-04
 	-1.476195e-04
 	-1.547958e-03
 	-3.310953e-03
 	-5.410773e-03
 	-7.806067e-03
 	-1.044405e-02
 	-1.326399e-02
 	-1.619731e-02
 	-1.916602e-02
 	-2.208382e-02
 	-2.485850e-02
 	-2.739379e-02
 	-2.959183e-02
 	-3.135748e-02
 	-3.260463e-02
 	-3.326340e-02
 	-3.328363e-02
 	-3.263361e-02
 	-3.129940e-02
 	-2.928567e-02
 	-2.661525e-02
 	-2.332396e-02
 	-1.945501e-02
 	-1.505809e-02
 	-1.019029e-02
 	-4.915136e-03
 	 6.977390e-04
 	 6.570842e-03
 	 1.261937e-02
 	 1.875447e-02
 	 2.488855e-02
 	 3.094045e-02
 	 3.683542e-02
 	 4.250171e-02
 	 4.787087e-02
 	 5.288176e-02
 	 5.748410e-02
 	 6.164177e-02
 	 6.533378e-02
 	 6.855163e-02
 	 7.129611e-02
 	 7.357403e-02
 	 7.539617e-02
 	 7.677693e-02
 	 7.773394e-02
 	 7.828569e-02
 	 7.844845e-02
 	 7.823367e-02
 	 7.764783e-02
 	 7.669525e-02
 	 7.537977e-02
 	 7.370495e-02
 	 7.167315e-02
 	 6.928464e-02
 	 6.653813e-02
 	 6.343130e-02
 	 5.996119e-02
 	 5.612559e-02
 	 5.192509e-02
 	 4.736403e-02
 	 4.245074e-02
 	 3.719857e-02
 	 3.162678e-02
 	 2.576110e-02
 	 1.963424e-02
 	 1.328587e-02
 	 6.762138e-03
 	 1.151550e-04
 	-6.597718e-03
 	-1.331521e-02
 	-1.997373e-02
 	-2.650886e-02
 	-3.285629e-02
 	-3.895123e-02
 	-4.472833e-02
 	-5.012379e-02
 	-5.507860e-02
 	-5.954079e-02
 	-6.346655e-02
 	-6.682116e-02
 	-6.957956e-02
 	-7.172754e-02
 	-7.326262e-02
 	-7.419440e-02
 	-7.454371e-02
 	-7.434121e-02
 	-7.362764e-02
 	-7.245106e-02
 	-7.086518e-02
 	-6.892741e-02
 	-6.669709e-02
 	-6.423406e-02
 	-6.159741e-02
 	-5.884432e-02
 	-5.602879e-02
 	-5.320041e-02
 	-5.040368e-02
 	-4.767752e-02
 	-4.505475e-02
 	-4.256163e-02
 	-4.021770e-02
 	-3.803614e-02
 	-3.602457e-02
 	-3.418609e-02
 	-3.252001e-02
 	-3.102209e-02
 	-2.968466e-02
 	-2.849679e-02
 	-2.744461e-02
 	-2.651197e-02
 	-2.568114e-02
 	-2.493340e-02
 	-2.424937e-02
 	-2.360940e-02
 	-2.299396e-02
 	-2.238404e-02
 	-2.176154e-02
 	-2.110979e-02
 	-2.041398e-02
 	-1.966146e-02
 	-1.884158e-02
 	-1.794553e-02
 	-1.696633e-02
 	-1.589883e-02
 	-1.473997e-02
 	-1.348877e-02
 	-1.214612e-02
 	-1.071471e-02
 	-9.198993e-03
 	-7.605261e-03
 	-5.941370e-03
 	-4.216528e-03
 	-2.441158e-03
 	-6.266572e-04
 	 1.215064e-03
 	 3.071677e-03
 	 4.930515e-03
 	 6.778924e-03
 	 8.604673e-03
 	 1.039636e-02
 	 1.214370e-02
 	 1.383735e-02
 	 1.546896e-02
 	 1.703141e-02
 	 1.851881e-02
 	 1.992643e-02
 	 2.125081e-02
 	 2.248976e-02
 	 2.364247e-02
 	 2.470938e-02
 	 2.569214e-02
 	 2.659352e-02
 	 2.741714e-02
 	 2.816703e-02
 	 2.884741e-02
 	 2.946244e-02
 	 3.001586e-02
 	 3.051090e-02
 	 3.095018e-02
 	 3.133537e-02
 	 3.166667e-02
 	 3.194297e-02
 	 3.216201e-02
 	 3.232076e-02
 	 3.241570e-02
 	 3.244318e-02
 	 3.239962e-02
 	 3.228201e-02
 	 3.208835e-02
 	 3.181770e-02
 	 3.147030e-02
 	 3.104741e-02
 	 3.055091e-02
 	 2.998310e-02
 	 2.934696e-02
 	 2.864655e-02
 	 2.788678e-02
 	 2.707318e-02
 	 2.621167e-02
 	 2.530846e-02
 	 2.436998e-02
 	 2.340267e-02
 	 2.241284e-02
 	 2.140655e-02
 	 2.038933e-02
 	 1.936601e-02
 	 1.834114e-02
 	 1.731912e-02
 	 1.630427e-02
 	 1.530063e-02
 	 1.431199e-02
 	 1.334187e-02
 	 1.239338e-02
 	 1.146930e-02
 	 1.057202e-02
 	 9.703247e-03
 	 8.864054e-03
 	 8.054931e-03
 	 7.275669e-03
 	 6.525295e-03
 	 5.802286e-03
 	 5.104643e-03
 	 4.429857e-03
 	 3.775117e-03
 	 3.137488e-03
 	 2.514045e-03
 	 1.902071e-03
 	 1.299061e-03
 	 7.026137e-04
 	 1.104567e-04
 	-4.794054e-04
 	-1.068472e-03
 	-1.657865e-03
 	-2.248508e-03
 	-2.841004e-03
 	-3.435395e-03
 	-4.031210e-03
 	-4.627349e-03
 	-5.221957e-03
 	-5.812610e-03
 	-6.396626e-03
 	-6.971140e-03
 	-7.533066e-03
 	-8.079108e-03
 	-8.605802e-03
 	-9.109583e-03
 	-9.586986e-03
 	-1.003476e-02
 	-1.044976e-02
 	-1.082876e-02
 	-1.116872e-02
 	-1.146670e-02
 	-1.171996e-02
 	-1.192614e-02
 	-1.208346e-02
 	-1.219074e-02
 	-1.224735e-02
 	-1.225357e-02
 	-1.221082e-02
 	-1.212167e-02
 	-1.198973e-02
 	-1.181950e-02
 	-1.161632e-02
 	-1.138648e-02
 	-1.113715e-02
 	-1.087606e-02
 	-1.061113e-02
 	-1.035027e-02
 	-1.010134e-02
 	-9.871824e-03
 	-9.668466e-03
 	-9.497049e-03
 	-9.362087e-03
 	-9.266715e-03
 	-9.212683e-03
 	-9.200265e-03
 	-9.228235e-03
 	-9.294007e-03
 	-9.393736e-03
 	-9.522267e-03
 	-9.673282e-03
 	-9.839684e-03
 	-1.001391e-02
 	-1.018805e-02
 	-1.035405e-02
 	-1.050403e-02
 	-1.063054e-02
 	-1.072671e-02
 	-1.078631e-02
 	-1.080387e-02
 	-1.077486e-02
 	-1.069570e-02
 	-1.056383e-02
 	-1.037755e-02
 	-1.013601e-02
 	-9.839390e-03
 	-9.488891e-03
 	-9.086641e-03
 	-8.635546e-03
 	-8.139281e-03
 	-7.602220e-03
 	-7.029287e-03
 	-6.425757e-03
 	-5.797124e-03
 	-5.149041e-03
 	-4.487250e-03
 	-3.817422e-03
 	-3.144974e-03
 	-2.475009e-03
 	-1.812286e-03
 	-1.161081e-03
 	-5.250983e-04
 	 9.244130e-05
 	 6.886854e-04
 	 1.261074e-03
 	 1.807337e-03
 	 2.325528e-03
 	 2.813956e-03
 	 3.271015e-03
 	 3.695127e-03
 	 4.084724e-03
 	 4.438174e-03
 	 4.753722e-03
 	 5.029586e-03
 	 5.264172e-03
 	 5.456224e-03
 	 5.604930e-03
 	 5.709956e-03
 	 5.771509e-03
 	 5.790395e-03
 	 5.768063e-03
 	 5.706609e-03
 	 5.608747e-03
 	 5.477714e-03
 	 5.317316e-03
 	 5.131905e-03
 	 4.926231e-03
 	 4.705310e-03
 	 4.474357e-03
 	 4.238767e-03
 	 4.004002e-03
 	 3.775389e-03
 	 3.557931e-03
 	 3.356290e-03
 	 3.174818e-03
 	 3.017445e-03
 	 2.887538e-03
 	 2.787853e-03
 	 2.720591e-03
 	 2.687427e-03
 	 2.689446e-03
 	 2.727075e-03
 	 2.800067e-03
 	 2.907539e-03
 	 3.048002e-03
 	 3.219354e-03
 	 3.418817e-03
 	 3.642925e-03
 	 3.887597e-03
 	 4.148173e-03
 	 4.419415e-03
 	 4.695492e-03
 	 4.970071e-03
 	 5.236537e-03
 	 5.488208e-03
 	 5.718506e-03
 	 5.921100e-03
 	 6.090124e-03
 	 6.220370e-03
 	 6.307342e-03
 	 6.347313e-03
 	 6.337453e-03
 	 6.275939e-03
 	 6.161997e-03
 	 5.995895e-03
 	 5.778856e-03
 	 5.512962e-03
 	 5.201218e-03
 	 4.847557e-03
 	 4.456721e-03
 	 4.034124e-03
 	 3.585765e-03
 	 3.118125e-03
 	-4.605832e-05
 	-6.169517e-05
 	-7.701125e-05
 	-9.199125e-05
 	-1.066206e-04
 	-1.208854e-04
 	-1.347726e-04
 	-1.482698e-04
 	-1.613653e-04
 	-1.740481e-04
 	-1.863076e-04
 	-1.981342e-04
 	-2.095187e-04
 	-2.204526e-04
 	-2.309280e-04
 	-2.409377e-04
 	-2.504751e-04
 	-2.595344e-04
 	-2.681104e-04
 	-2.761986e-04
 	-2.837952e-04
 	-2.908971e-04
 	-2.975020e-04
 	-3.036085e-04
 	-3.092157e-04
 	-3.143240e-04
 	-3.189343e-04
 	-3.230486e-04
 	-3.266697e-04
 	-3.298010e-04
 	-3.324470e-04
 	-3.346126e-04
 	-3.363036e-04
 	-3.375262e-04
 	-3.382876e-04
 	-3.385950e-04
 	-3.384566e-04
 	-3.378809e-04
 	-3.368772e-04
 	-3.354549e-04
 	-3.336237e-04
 	-3.313941e-04
 	-3.287765e-04
 	-3.257821e-04
 	-3.224220e-04
 	-3.187080e-04
 	-3.146518e-04
 	-3.102658e-04
 	-3.055627e-04
 	-3.005550e-04
 	-2.952559e-04
 	-2.896785e-04
 	-2.838363e-04
 	-2.777428e-04
 	-2.714118e-04
 	-2.648569e-04
 	-2.580921e-04
 	-2.511309e-04
 	-2.439868e-04
 	-2.366734e-04
 	-2.292039e-04
 	-2.215914e-04
 	-2.138489e-04
 	-2.059893e-04
 	-1.980254e-04
 	-1.899697e-04
 	-1.818348e-04
 	-1.736329e-04
 	-1.653761e-04
 	-1.570767e-04
 	-1.487463e-04
 	-1.403968e-04
 	-1.320399e-04
 	-1.236872e-04
 	-1.153499e-04
 	-1.070395e-04
 	-9.876702e-05
 	-9.054332e-05
 	-8.237905e-05
 	-7.428457e-05
 	-6.626997e-05
 	-5.834501e-05
 	-5.051917e-05
 	-4.280160e-05
 	-3.520103e-05
 	-2.772489e-05
 	-2.037858e-05
 	-1.316417e-05
 	-6.078006e-06
 	 8.901071e-07
 	 7.759040e-06
 	 1.455703e-05
 	 2.132292e-05
 	 2.810448e-05
 	 3.494832e-05
 	 4.189031e-05
 	 4.894867e-05
 	 5.613684e-05
 	 6.347530e-05
 	 7.098104e-05
 	 7.864885e-05
 	 8.645274e-05
 	 9.435887e-05
 	 1.023355e-04
 	 1.103609e-04
 	 1.184266e-04
 	 1.265370e-04
 	 1.347155e-04
 	 1.430030e-04
 	 1.514611e-04
 	 1.601671e-04
 	 1.692041e-04
 	 1.786613e-04
 	 1.886200e-04
 	 1.991342e-04
 	 2.102082e-04
 	 2.218129e-04
 	 2.339085e-04
 	 2.464170e-04
 	 2.592099e-04
 	 2.721167e-04
 	 2.849242e-04
 	 2.973863e-04
 	 3.092492e-04
 	 3.202433e-04
 	 3.300870e-04
 	 3.385052e-04
 	 3.452451e-04
 	 3.500923e-04
 	 3.528509e-04
 	 3.533308e-04
 	 3.513731e-04
 	 3.468749e-04
 	 3.398028e-04
 	 3.301993e-04
 	 3.181838e-04
 	 3.039798e-04
 	 2.878657e-04
 	 2.701620e-04
 	 2.512645e-04
 	 2.316028e-04
 	 2.116147e-04
 	 1.916805e-04
 	 1.721116e-04
 	 1.530909e-04
 	 1.346700e-04
 	 1.168919e-04
 	 9.992927e-05
 	 8.426380e-05
 	 7.078040e-05
 	 6.069577e-05
 	 5.551971e-05
 	 5.703107e-05
 	 6.715272e-05
 	 8.780416e-05
 	 1.208555e-04
 	 1.681265e-04
 	 2.312860e-04
 	 3.116317e-04
 	 4.098435e-04
 	 5.259659e-04
 	 6.594036e-04
 	 8.089932e-04
 	 9.729709e-04
 	 1.149171e-03
 	 1.335162e-03
 	 1.528256e-03
 	 1.725754e-03
 	 1.925028e-03
 	 2.123462e-03
 	 2.318503e-03
 	 2.507701e-03
 	 2.688975e-03
 	 2.860620e-03
 	 3.021521e-03
 	 3.171458e-03
 	 3.310954e-03
 	 3.441218e-03
 	 3.563842e-03
 	 3.680614e-03
 	 3.793186e-03
 	 3.902872e-03
 	 4.010788e-03
 	 4.117753e-03
 	 4.224044e-03
 	 4.329469e-03
 	 4.433395e-03
 	 4.534636e-03
 	 4.631412e-03
 	 4.721531e-03
 	 4.802478e-03
 	 4.871449e-03
 	 4.925387e-03
 	 4.961026e-03
 	 4.975165e-03
 	 4.964722e-03
 	 4.926756e-03
 	 4.858425e-03
 	 4.756658e-03
 	 4.618052e-03
 	 4.439046e-03
 	 4.215640e-03
 	 3.943260e-03
 	 3.616471e-03
 	 3.228287e-03
 	 2.769528e-03
 	 2.228941e-03
 	 1.593902e-03
 	 8.511704e-04
 	-1.233391e-05
 	-1.008341e-03
 	-2.146521e-03
 	-3.434028e-03
 	-4.875059e-03
 	-6.470216e-03
 	-8.216145e-03
 	-1.010512e-02
 	-1.212491e-02
 	-1.425836e-02
 	-1.648346e-02
 	-1.877427e-02
 	-2.110120e-02
 	-2.343206e-02
 	-2.573278e-02
 	-2.796816e-02
 	-3.010316e-02
 	-3.210408e-02
 	-3.394067e-02
 	-3.558753e-02
 	-3.702480e-02
 	-3.823836e-02
 	-3.921956e-02
 	-3.996401e-02
 	-4.047142e-02
 	-4.074487e-02
 	-4.078937e-02
 	-4.061163e-02
 	-4.021895e-02
 	-3.961735e-02
 	-3.881087e-02
 	-3.779878e-02
 	-3.657340e-02
 	-3.512197e-02
 	-3.342984e-02
 	-3.148301e-02
 	-2.927076e-02
 	-2.678785e-02
 	-2.403488e-02
 	-2.101807e-02
 	-1.775011e-02
 	-1.425062e-02
 	-1.054581e-02
 	-6.667225e-03
 	-2.650221e-03
 	 1.467990e-03
 	 5.649823e-03
 	 9.857163e-03
 	 1.405093e-02
 	 1.819158e-02
 	 2.224071e-02
 	 2.616318e-02
 	 2.992873e-02
 	 3.351367e-02
 	 3.690253e-02
 	 4.008800e-02
 	 4.306927e-02
 	 4.585027e-02
 	 4.843931e-02
 	 5.084827e-02
 	 5.309184e-02
 	 5.518670e-02
 	 5.714949e-02
 	 5.899566e-02
 	 6.073886e-02
 	 6.238887e-02
 	 6.394970e-02
 	 6.541811e-02
 	 6.678336e-02
 	 6.802824e-02
 	 6.913035e-02
 	 7.006389e-02
 	 7.080122e-02
 	 7.131444e-02
 	 7.157744e-02
 	 7.156756e-02
 	 7.126701e-02
 	 7.066310e-02
 	 6.974772e-02
 	 6.851688e-02
 	 6.697032e-02
 	 6.511074e-02
 	 6.294288e-02
 	 6.047312e-02
 	 5.770933e-02
 	 5.466111e-02
 	 5.134032e-02
 	 4.776181e-02
 	 4.394320e-02
 	 3.990484e-02
 	 3.566981e-02
 	 3.126398e-02
 	 2.671533e-02
 	 2.205329e-02
 	 1.730826e-02
 	 1.251071e-02
 	 7.690579e-03
 	 2.876483e-03
 	-1.904752e-03
 	-6.628409e-03
 	-1.127235e-02
 	-1.581731e-02
 	-2.024671e-02
 	-2.454644e-02
 	-2.870464e-02
 	-3.271152e-02
 	-3.655871e-02
 	-4.023863e-02
 	-4.374414e-02
 	-4.706855e-02
 	-5.020602e-02
 	-5.315171e-02
 	-5.590153e-02
 	-5.845182e-02
 	-6.079906e-02
 	-6.294001e-02
 	-6.487192e-02
 	-6.659254e-02
 	-6.810008e-02
 	-6.939327e-02
 	-7.047135e-02
 	-7.133379e-02
 	-7.198017e-02
 	-7.241001e-02
 	-7.262276e-02
 	-7.261779e-02
 	-7.239460e-02
 	-7.195330e-02
 	-7.129461e-02
 	-7.042021e-02
 	-6.933267e-02
 	-6.803523e-02
 	-6.653180e-02
 	-6.482700e-02
 	-6.292611e-02
 	-6.083498e-02
 	-5.856044e-02
 	-5.611036e-02
 	-5.349396e-02
 	-5.072201e-02
 	-4.780665e-02
 	-4.476141e-02
 	-4.160120e-02
 	-3.834227e-02
 	-3.500197e-02
 	-3.159859e-02
 	-2.815118e-02
 	-2.467932e-02
 	-2.120281e-02
 	-1.774136e-02
 	-1.431424e-02
 	-1.094012e-02
 	-7.636763e-03
 	-4.420830e-03
 	-1.308067e-03
 	 1.686863e-03
 	 4.550439e-03
 	 7.270177e-03
 	 9.834643e-03
 	 1.223346e-02
 	 1.445731e-02
 	 1.649796e-02
 	 1.834845e-02
 	 2.000334e-02
 	 2.145905e-02
 	 2.271424e-02
 	 2.376999e-02
 	 2.463005e-02
 	 2.530089e-02
 	 2.579168e-02
 	 2.611414e-02
 	 2.628210e-02
 	 2.631109e-02
 	 2.621836e-02
 	 2.602272e-02
 	 2.574434e-02
 	 2.540450e-02
 	 2.502536e-02
 	 2.462927e-02
 	 2.423824e-02
 	 2.387314e-02
 	 2.355298e-02
 	 2.329443e-02
 	 2.311115e-02
 	 2.301325e-02
 	 2.300697e-02
 	 2.309455e-02
 	 2.327407e-02
 	 2.353963e-02
 	 2.388157e-02
 	 2.428687e-02
 	 2.473964e-02
 	 2.522168e-02
 	 2.571318e-02
 	 2.619347e-02
 	 2.664211e-02
 	 2.703962e-02
 	 2.736810e-02
 	 2.761174e-02
 	 2.775717e-02
 	 2.779370e-02
 	 2.771360e-02
 	 2.751233e-02
 	 2.718846e-02
 	 2.674366e-02
 	 2.618237e-02
 	 2.551151e-02
 	 2.474003e-02
 	 2.387862e-02
 	 2.293934e-02
 	 2.193513e-02
 	 2.087944e-02
 	 1.978584e-02
 	 1.866763e-02
 	 1.753759e-02
 	 1.640761e-02
 	 1.528848e-02
 	 1.418975e-02
 	 1.311954e-02
 	 1.208466e-02
 	 1.109072e-02
 	 1.014222e-02
 	 9.242610e-03
 	 8.394149e-03
 	 7.597836e-03
 	 6.853495e-03
 	 6.159959e-03
 	 5.515130e-03
 	 4.916191e-03
 	 4.359912e-03
 	 3.842760e-03
 	 3.360981e-03
 	 2.910646e-03
 	 2.487569e-03
 	 2.087293e-03
 	 1.705253e-03
 	 1.336900e-03
 	 9.778008e-04
 	 6.238444e-04
 	 2.713343e-04
 	-8.303426e-05
 	-4.421364e-04
 	-8.084392e-04
 	-1.184000e-03
 	-1.570537e-03
 	-1.969477e-03
 	-2.381931e-03
 	-2.808680e-03
 	-3.250036e-03
 	-3.705734e-03
 	-4.174863e-03
 	-4.655958e-03
 	-5.147038e-03
 	-5.645717e-03
 	-6.149353e-03
 	-6.655137e-03
 	-7.160207e-03
 	-7.661788e-03
 	-8.157353e-03
 	-8.644695e-03
 	-9.121886e-03
 	-9.587141e-03
 	-1.003879e-02
 	-1.047530e-02
 	-1.089525e-02
 	-1.129726e-02
 	-1.167996e-02
 	-1.204208e-02
 	-1.238239e-02
 	-1.269964e-02
 	-1.299254e-02
 	-1.325964e-02
 	-1.349928e-02
 	-1.370965e-02
 	-1.388884e-02
 	-1.403498e-02
 	-1.414615e-02
 	-1.422046e-02
 	-1.425612e-02
 	-1.425157e-02
 	-1.420557e-02
 	-1.411734e-02
 	-1.398672e-02
 	-1.381428e-02
 	-1.360144e-02
 	-1.335049e-02
 	-1.306443e-02
 	-1.274691e-02
 	-1.240210e-02
 	-1.203453e-02
 	-1.164886e-02
 	-1.124969e-02
 	-1.084133e-02
 	-1.042762e-02
 	-1.001181e-02
 	-9.596558e-03
 	-9.183808e-03
 	-8.774793e-03
 	-8.370121e-03
 	-7.969763e-03
 	-7.573054e-03
 	-7.178776e-03
 	-6.785301e-03
