 	-1.393318e-05
 	-1.373539e-05
 	-1.353544e-05
 	-1.333221e-05
 	-1.312491e-05
 	-1.291323e-05
 	-1.269734e-05
 	-1.247796e-05
 	-1.225629e-05
 	-1.203402e-05
 	-1.181331e-05
 	-1.159670e-05
 	-1.138697e-05
 	-1.118700e-05
 	-1.099967e-05
 	-1.082782e-05
 	-1.067416e-05
 	-1.054133e-05
 	-1.043181e-05
 	-1.034791e-05
 	-1.029175e-05
 	-1.026520e-05
 	-1.026984e-05
 	-1.030689e-05
 	-1.037712e-05
 	-1.048084e-05
 	-1.061786e-05
 	-1.078743e-05
 	-1.098826e-05
 	-1.121850e-05
 	-1.147575e-05
 	-1.175718e-05
 	-1.205953e-05
 	-1.237916e-05
 	-1.271220e-05
 	-1.305457e-05
 	-1.340220e-05
 	-1.375107e-05
 	-1.409743e-05
 	-1.443776e-05
 	-1.476888e-05
 	-1.508795e-05
 	-1.539253e-05
 	-1.568063e-05
 	-1.595073e-05
 	-1.620164e-05
 	-1.643255e-05
 	-1.664289e-05
 	-1.683235e-05
 	-1.700075e-05
 	-1.714812e-05
 	-1.727456e-05
 	-1.738038e-05
 	-1.746599e-05
 	-1.753198e-05
 	-1.757907e-05
 	-1.760812e-05
 	-1.762009e-05
 	-1.761599e-05
 	-1.759691e-05
 	-1.756393e-05
 	-1.751821e-05
 	-1.746100e-05
 	-1.739356e-05
 	-1.731683e-05
 	-1.722986e-05
 	-1.712633e-05
 	-1.698988e-05
 	-1.678899e-05
 	-1.646526e-05
 	-1.591397e-05
 	-1.497755e-05
 	-1.347135e-05
 	-1.120522e-05
 	-7.983185e-06
 	-3.625403e-06
 	 1.986721e-06
 	 8.887198e-06
 	 1.704308e-05
 	 2.637482e-05
 	 3.676963e-05
 	 4.810121e-05
 	 6.024832e-05
 	 7.310703e-05
 	 8.658964e-05
 	 1.006159e-04
 	 1.151132e-04
 	 1.300412e-04
 	 1.454338e-04
 	 1.614105e-04
 	 1.781350e-04
 	 1.957555e-04
 	 2.143487e-04
 	 2.339077e-04
 	 2.543816e-04
 	 2.756902e-04
 	 2.977016e-04
 	 3.202289e-04
 	 3.430411e-04
 	 3.658594e-04
 	 3.883369e-04
 	 4.100476e-04
 	 4.304567e-04
 	 4.488803e-04
 	 4.645113e-04
 	 4.765063e-04
 	 4.840390e-04
 	 4.863340e-04
 	 4.827403e-04
 	 4.728002e-04
 	 4.562231e-04
 	 4.328694e-04
 	 4.028114e-04
 	 3.663351e-04
 	 3.238183e-04
 	 2.757116e-04
 	 2.225856e-04
 	 1.650531e-04
 	 1.037530e-04
 	 3.942394e-05
 	-2.703726e-05
 	-9.455004e-05
 	-1.618782e-04
 	-2.277226e-04
 	-2.907515e-04
 	-3.494810e-04
 	-4.021636e-04
 	-4.468307e-04
 	-4.813380e-04
 	-5.031499e-04
 	-5.091475e-04
 	-4.956757e-04
 	-4.585997e-04
 	-3.932323e-04
 	-2.944737e-04
 	-1.570715e-04
 	 2.409511e-05
 	 2.535774e-04
 	 5.348890e-04
 	 8.703342e-04
 	 1.261038e-03
 	 1.706939e-03
 	 2.206829e-03
 	 2.758611e-03
 	 3.359606e-03
 	 4.006698e-03
 	 4.696416e-03
 	 5.425143e-03
 	 6.189212e-03
 	 6.984852e-03
 	 7.808007e-03
 	 8.654190e-03
 	 9.518517e-03
 	 1.039587e-02
 	 1.128109e-02
 	 1.216905e-02
 	 1.305470e-02
 	 1.393290e-02
 	 1.479808e-02
 	 1.564381e-02
 	 1.646230e-02
 	 1.724419e-02
 	 1.797869e-02
 	 1.865399e-02
 	 1.925782e-02
 	 1.977786e-02
 	 2.020219e-02
 	 2.051993e-02
 	 2.072171e-02
 	 2.079970e-02
 	 2.074846e-02
 	 2.056324e-02
 	 2.024175e-02
 	 1.978309e-02
 	 1.918805e-02
 	 1.845903e-02
 	 1.759981e-02
 	 1.661523e-02
 	 1.551094e-02
 	 1.429321e-02
 	 1.296881e-02
 	 1.154536e-02
 	 1.003141e-02
 	 8.435907e-03
 	 6.766962e-03
 	 5.030036e-03
 	 3.226336e-03
 	 1.351853e-03
 	-6.026946e-04
 	-2.651151e-03
 	-4.810657e-03
 	-7.100190e-03
 	-9.538878e-03
 	-1.214434e-02
 	-1.493109e-02
 	-1.790885e-02
 	-2.108109e-02
 	-2.444431e-02
 	-2.798766e-02
 	-3.169236e-02
 	-3.553068e-02
 	-3.946441e-02
 	-4.344440e-02
 	-4.741221e-02
 	-5.130317e-02
 	-5.504967e-02
 	-5.858410e-02
 	-6.184195e-02
 	-6.476477e-02
 	-6.730237e-02
 	-6.941411e-02
 	-7.106908e-02
 	-7.224587e-02
 	-7.293278e-02
 	-7.312963e-02
 	-7.284372e-02
 	-7.209304e-02
 	-7.089788e-02
 	-6.928219e-02
 	-6.727232e-02
 	-6.489610e-02
 	-6.218216e-02
 	-5.915945e-02
 	-5.585608e-02
 	-5.229850e-02
 	-4.851167e-02
 	-4.451983e-02
 	-4.034739e-02
 	-3.602001e-02
 	-3.156547e-02
 	-2.701394e-02
 	-2.239794e-02
 	-1.775162e-02
 	-1.311012e-02
 	-8.509360e-03
 	-3.986070e-03
 	 4.225079e-04
 	 4.679664e-03
 	 8.750374e-03
 	 1.260229e-02
 	 1.620679e-02
 	 1.954019e-02
 	 2.258553e-02
 	 2.533454e-02
 	 2.778877e-02
 	 2.995925e-02
 	 3.186527e-02
 	 3.353265e-02
 	 3.499174e-02
 	 3.627527e-02
 	 3.741640e-02
 	 3.844724e-02
 	 3.939789e-02
 	 4.029561e-02
 	 4.116402e-02
 	 4.202230e-02
 	 4.288471e-02
 	 4.376036e-02
 	 4.465347e-02
 	 4.556417e-02
 	 4.648927e-02
 	 4.742277e-02
 	 4.835616e-02
 	 4.927852e-02
 	 5.017626e-02
 	 5.103319e-02
 	 5.183107e-02
 	 5.255035e-02
 	 5.317104e-02
 	 5.367363e-02
 	 5.404005e-02
 	 5.425451e-02
 	 5.430434e-02
 	 5.418051e-02
 	 5.387856e-02
 	 5.339840e-02
 	 5.274451e-02
 	 5.192532e-02
 	 5.095239e-02
 	 4.983948e-02
 	 4.860154e-02
 	 4.725373e-02
 	 4.581076e-02
 	 4.428644e-02
 	 4.269361e-02
 	 4.104419e-02
 	 3.934920e-02
 	 3.761907e-02
 	 3.586378e-02
 	 3.409278e-02
 	 3.231465e-02
 	 3.053663e-02
 	 2.876385e-02
 	 2.699879e-02
 	 2.524108e-02
 	 2.348748e-02
 	 2.173200e-02
 	 1.996625e-02
 	 1.817991e-02
 	 1.636167e-02
 	 1.450042e-02
 	 1.258628e-02
 	 1.061174e-02
 	 8.572648e-03
 	 6.468981e-03
 	 4.305324e-03
 	 2.090971e-03
 	-1.602772e-04
 	-2.430632e-03
 	-4.698962e-03
 	-6.941555e-03
 	-9.133031e-03
 	-1.124735e-02
 	-1.325885e-02
 	-1.514323e-02
 	-1.687868e-02
 	-1.844685e-02
 	-1.983382e-02
 	-2.103065e-02
 	-2.203382e-02
 	-2.284531e-02
 	-2.347251e-02
 	-2.392786e-02
 	-2.422823e-02
 	-2.439413e-02
 	-2.444866e-02
 	-2.441642e-02
 	-2.432252e-02
 	-2.419160e-02
 	-2.404727e-02
 	-2.391146e-02
 	-2.380394e-02
 	-2.374167e-02
 	-2.373844e-02
 	-2.380470e-02
 	-2.394742e-02
 	-2.417010e-02
 	-2.447281e-02
 	-2.485216e-02
 	-2.530151e-02
 	-2.581137e-02
 	-2.636985e-02
 	-2.696324e-02
 	-2.757633e-02
 	-2.819281e-02
 	-2.879549e-02
 	-2.936664e-02
 	-2.988822e-02
 	-3.034215e-02
 	-3.071066e-02
 	-3.097671e-02
 	-3.112446e-02
 	-3.113988e-02
 	-3.101170e-02
 	-3.073165e-02
 	-3.029522e-02
 	-2.970209e-02
 	-2.895635e-02
 	-2.806657e-02
 	-2.704553e-02
 	-2.590983e-02
 	-2.467924e-02
 	-2.337583e-02
 	-2.202293e-02
 	-2.064404e-02
 	-1.926205e-02
 	-1.789856e-02
 	-1.657323e-02
 	-1.530329e-02
 	-1.410318e-02
 	-1.298434e-02
 	-1.195522e-02
 	-1.102117e-02
 	-1.018437e-02
 	-9.443874e-03
 	-8.795793e-03
 	-8.233608e-03
 	-7.748516e-03
 	-7.329755e-03
 	-6.964990e-03
 	-6.640784e-03
 	-6.343105e-03
 	-6.057779e-03
 	-5.770925e-03
 	-5.469341e-03
 	-5.140921e-03
 	-4.775039e-03
 	-4.362840e-03
 	-3.897417e-03
 	-3.373963e-03
 	-2.789891e-03
 	-2.144834e-03
 	-1.440608e-03
 	-6.811067e-04
 	 1.278869e-04
 	 9.788631e-04
 	 1.862712e-03
 	 2.768966e-03
 	 3.686124e-03
 	 4.601933e-03
 	 5.503780e-03
 	 6.379249e-03
 	 7.216647e-03
 	 8.005396e-03
 	 8.736230e-03
 	 9.401374e-03
 	 9.994736e-03
 	 1.051204e-02
 	 1.095097e-02
 	 1.131131e-02
 	 1.159506e-02
 	 1.180632e-02
 	 1.195113e-02
 	 1.203720e-02
 	 1.207351e-02
 	 1.207006e-02
 	 1.203738e-02
 	 1.198625e-02
 	 1.192722e-02
 	 1.187024e-02
 	 1.182438e-02
 	 1.179751e-02
 	 1.179600e-02
 	 1.182444e-02
 	 1.188560e-02
 	 1.198045e-02
 	 1.210836e-02
 	 1.226721e-02
 	 1.245347e-02
 	 1.266225e-02
 	 1.288745e-02
 	 1.312189e-02
 	 1.335766e-02
 	 1.358624e-02
 	 1.379871e-02
 	 1.398594e-02
 	 1.413881e-02
 	 1.424841e-02
 	 1.430636e-02
 	 1.430520e-02
 	 1.423868e-02
 	 1.410233e-02
 	 1.389364e-02
 	 1.361218e-02
 	 1.325959e-02
 	 1.283959e-02
 	 1.235777e-02
 	 1.182141e-02
 	 1.123919e-02
 	 1.062100e-02
 	 9.977610e-03
 	 9.320358e-03
 	 8.660786e-03
 	 8.010346e-03
 	 7.380117e-03
 	 6.780527e-03
 	 6.221042e-03
 	 5.709887e-03
 	 5.253827e-03
 	 4.858084e-03
 	 4.526275e-03
 	 4.260319e-03
 	 4.060330e-03
 	 3.924565e-03
 	 3.849421e-03
 	 3.829446e-03
 	 3.857458e-03
 	 3.924584e-03
 	 4.020568e-03
 	 4.134018e-03
 	 4.252660e-03
 	 4.363628e-03
 	 4.453854e-03
 	 4.510522e-03
 	 4.521588e-03
 	 4.476036e-03
 	 4.364558e-03
 	 4.179514e-03
 	 3.915268e-03
 	 3.568385e-03
 	 3.137778e-03
 	 2.624829e-03
 	 2.033425e-03
 	 1.369894e-03
 	 6.428660e-04
 	-1.370097e-04
 	-9.574338e-04
 	-1.804907e-03
 	-2.665217e-03
 	-3.523885e-03
 	-4.366588e-03
 	-5.179555e-03
 	-5.949975e-03
 	-6.666342e-03
 	-7.318744e-03
 	-7.899071e-03
 	-8.401142e-03
 	-8.820770e-03
 	-9.155726e-03
 	-9.405681e-03
 	-9.572173e-03
 	-9.658510e-03
 	-9.669640e-03
 	-9.612147e-03
 	-9.493900e-03
 	-9.323909e-03
 	-9.112077e-03
 	-8.868936e-03
 	-8.605359e-03
 	-8.332238e-03
 	-8.060117e-03
 	-7.798884e-03
 	 2.188157e-04
 	 2.056196e-04
 	 1.923307e-04
 	 1.789654e-04
 	 1.655413e-04
 	 1.520766e-04
 	 1.385901e-04
 	 1.251015e-04
 	 1.116311e-04
 	 9.819963e-05
 	 8.482848e-05
 	 7.153934e-05
 	 5.835437e-05
 	 4.529586e-05
 	 3.238617e-05
 	 1.964759e-05
 	 7.102123e-06
 	-5.228708e-06
 	-1.732407e-05
 	-2.916405e-05
 	-4.072985e-05
 	-5.200406e-05
 	-6.297082e-05
 	-7.361607e-05
 	-8.392800e-05
 	-9.389714e-05
 	-1.035166e-04
 	-1.127818e-04
 	-1.216908e-04
 	-1.302435e-04
 	-1.384415e-04
 	-1.462879e-04
 	-1.537869e-04
 	-1.609434e-04
 	-1.677623e-04
 	-1.742486e-04
 	-1.804069e-04
 	-1.862410e-04
 	-1.917537e-04
 	-1.969470e-04
 	-2.018216e-04
 	-2.063769e-04
 	-2.106114e-04
 	-2.145224e-04
 	-2.181061e-04
 	-2.213580e-04
 	-2.242731e-04
 	-2.268458e-04
 	-2.290705e-04
 	-2.309415e-04
 	-2.324535e-04
 	-2.336016e-04
 	-2.343817e-04
 	-2.347904e-04
 	-2.348256e-04
 	-2.344864e-04
 	-2.337731e-04
 	-2.326876e-04
 	-2.312329e-04
 	-2.294143e-04
 	-2.272387e-04
 	-2.247150e-04
 	-2.218542e-04
 	-2.186692e-04
 	-2.151748e-04
 	-2.113875e-04
 	-2.073250e-04
 	-2.030065e-04
 	-1.984520e-04
 	-1.936819e-04
 	-1.887169e-04
 	-1.835772e-04
 	-1.782829e-04
 	-1.728531e-04
 	-1.673062e-04
 	-1.616596e-04
 	-1.559298e-04
 	-1.501325e-04
 	-1.442826e-04
 	-1.383939e-04
 	-1.324798e-04
 	-1.265527e-04
 	-1.206242e-04
 	-1.147049e-04
 	-1.088040e-04
 	-1.029281e-04
 	-9.707989e-05
 	-9.125692e-05
 	-8.545085e-05
 	-7.964682e-05
 	-7.382146e-05
 	-6.794103e-05
 	-6.196518e-05
 	-5.585569e-05
 	-4.958569e-05
 	-4.314362e-05
 	-3.653304e-05
 	-2.976960e-05
 	-2.287892e-05
 	-1.589487e-05
 	-8.857661e-06
 	-1.810939e-06
 	 5.203208e-06
 	 1.215085e-05
 	 1.901165e-05
 	 2.578051e-05
 	 3.246719e-05
 	 3.909803e-05
 	 4.571892e-05
 	 5.239950e-05
 	 5.923504e-05
 	 6.633616e-05
 	 7.380810e-05
 	 8.172891e-05
 	 9.013436e-05
 	 9.900567e-05
 	 1.082604e-04
 	 1.177522e-04
 	 1.272789e-04
 	 1.365913e-04
 	 1.453961e-04
 	 1.533717e-04
 	 1.601850e-04
 	 1.655118e-04
 	 1.690578e-04
 	 1.705766e-04
 	 1.698751e-04
 	 1.668116e-04
 	 1.613001e-04
 	 1.533237e-04
 	 1.429398e-04
 	 1.302976e-04
 	 1.156511e-04
 	 9.934328e-05
 	 8.178099e-05
 	 6.342395e-05
 	 4.478543e-05
 	 2.642076e-05
 	 8.910371e-06
 	-7.163002e-06
 	-2.123421e-05
 	-3.276373e-05
 	-4.121055e-05
 	-4.601294e-05
 	-4.657365e-05
 	-4.221909e-05
 	-3.217189e-05
 	-1.556621e-05
 	 8.539059e-06
 	 4.108128e-05
 	 8.289638e-05
 	 1.346617e-04
 	 1.968635e-04
 	 2.697515e-04
 	 3.532991e-04
 	 4.472123e-04
 	 5.509146e-04
 	 6.635219e-04
 	 7.838779e-04
 	 9.106158e-04
 	 1.042218e-03
 	 1.177128e-03
 	 1.313876e-03
 	 1.451151e-03
 	 1.587839e-03
 	 1.722954e-03
 	 1.855540e-03
 	 1.984602e-03
 	 2.108939e-03
 	 2.226983e-03
 	 2.336873e-03
 	 2.436488e-03
 	 2.523529e-03
 	 2.595669e-03
 	 2.650613e-03
 	 2.686018e-03
 	 2.699372e-03
 	 2.688058e-03
 	 2.649337e-03
 	 2.580345e-03
 	 2.478295e-03
 	 2.340665e-03
 	 2.165341e-03
 	 1.950704e-03
 	 1.695757e-03
 	 1.400274e-03
 	 1.064977e-03
 	 6.916818e-04
 	 2.833689e-04
 	-1.557805e-04
 	-6.204494e-04
 	-1.104349e-03
 	-1.600521e-03
 	-2.101624e-03
 	-2.600116e-03
 	-3.088464e-03
 	-3.559243e-03
 	-4.005237e-03
 	-4.419727e-03
 	-4.796589e-03
 	-5.130316e-03
 	-5.416015e-03
 	-5.649207e-03
 	-5.825725e-03
 	-5.941721e-03
 	-5.993739e-03
 	-5.978733e-03
 	-5.894099e-03
 	-5.737643e-03
 	-5.507722e-03
 	-5.203255e-03
 	-4.823818e-03
 	-4.369806e-03
 	-3.842402e-03
 	-3.243404e-03
 	-2.575149e-03
 	-1.840389e-03
 	-1.042226e-03
 	-1.845422e-04
 	 7.275511e-04
 	 1.687243e-03
 	 2.685877e-03
 	 3.713249e-03
 	 4.758151e-03
 	 5.808594e-03
 	 6.852009e-03
 	 7.875751e-03
 	 8.867570e-03
 	 9.815804e-03
 	 1.070936e-02
 	 1.153748e-02
 	 1.229009e-02
 	 1.295823e-02
 	 1.353404e-02
 	 1.401076e-02
 	 1.438265e-02
 	 1.464549e-02
 	 1.479696e-02
 	 1.483697e-02
 	 1.476727e-02
 	 1.459181e-02
 	 1.431569e-02
 	 1.394441e-02
 	 1.348358e-02
 	 1.293893e-02
 	 1.231613e-02
 	 1.162075e-02
 	 1.085794e-02
 	 1.003243e-02
 	 9.148631e-03
 	 8.210707e-03
 	 7.222692e-03
 	 6.188007e-03
 	 5.109105e-03
 	 3.987584e-03
 	 2.824284e-03
 	 1.619988e-03
 	 3.756729e-04
 	-9.073639e-04
 	-2.226766e-03
 	-3.578827e-03
 	-4.958587e-03
 	-6.360134e-03
 	-7.776580e-03
 	-9.200155e-03
 	-1.062266e-02
 	-1.203538e-02
 	-1.342911e-02
 	-1.479494e-02
 	-1.612469e-02
 	-1.741133e-02
 	-1.864904e-02
 	-1.983319e-02
 	-2.096028e-02
 	-2.202786e-02
 	-2.303432e-02
 	-2.397857e-02
 	-2.486003e-02
 	-2.567830e-02
 	-2.643276e-02
 	-2.712250e-02
 	-2.774641e-02
 	-2.830282e-02
 	-2.878902e-02
 	-2.920123e-02
 	-2.953444e-02
 	-2.978243e-02
 	-2.993803e-02
 	-2.999316e-02
 	-2.994009e-02
 	-2.976945e-02
 	-2.947271e-02
 	-2.904131e-02
 	-2.846719e-02
 	-2.774280e-02
 	-2.686126e-02
 	-2.581671e-02
 	-2.460481e-02
 	-2.322330e-02
 	-2.167255e-02
 	-1.995580e-02
 	-1.807924e-02
 	-1.605211e-02
 	-1.388653e-02
 	-1.159729e-02
 	-9.201581e-03
 	-6.718733e-03
 	-4.169850e-03
 	-1.577321e-03
 	 1.035650e-03
 	 3.645559e-03
 	 6.229218e-03
 	 8.764386e-03
 	 1.123024e-02
 	 1.360776e-02
 	 1.588024e-02
 	 1.803363e-02
 	 2.005680e-02
 	 2.194173e-02
 	 2.368347e-02
 	 2.528027e-02
 	 2.673322e-02
 	 2.804590e-02
 	 2.922388e-02
 	 3.027425e-02
 	 3.120498e-02
 	 3.202427e-02
 	 3.274000e-02
 	 3.335929e-02
 	 3.388816e-02
 	 3.433151e-02
 	 3.469295e-02
 	 3.497477e-02
 	 3.517777e-02
 	 3.530120e-02
 	 3.534283e-02
 	 3.529908e-02
 	 3.516530e-02
 	 3.493609e-02
 	 3.460578e-02
 	 3.416893e-02
 	 3.362080e-02
 	 3.295774e-02
 	 3.217732e-02
 	 3.127848e-02
 	 3.026153e-02
 	 2.912827e-02
 	 2.788178e-02
 	 2.652649e-02
 	 2.506809e-02
 	 2.351343e-02
 	 2.187040e-02
 	 2.014783e-02
 	 1.835540e-02
 	 1.650341e-02
 	 1.460276e-02
 	 1.266479e-02
 	 1.070117e-02
 	 8.723890e-03
 	 6.745203e-03
 	 4.777591e-03
 	 2.833721e-03
 	 9.263910e-04
 	-9.316171e-04
 	-2.727621e-03
 	-4.449198e-03
 	-6.084406e-03
 	-7.622064e-03
 	-9.052034e-03
 	-1.036546e-02
 	-1.155502e-02
 	-1.261519e-02
 	-1.354235e-02
 	-1.433496e-02
 	-1.499356e-02
 	-1.552083e-02
 	-1.592142e-02
 	-1.620196e-02
 	-1.637087e-02
 	-1.643811e-02
 	-1.641511e-02
 	-1.631413e-02
 	-1.614842e-02
 	-1.593162e-02
 	-1.567750e-02
 	-1.539961e-02
 	-1.511111e-02
 	-1.482461e-02
 	-1.455179e-02
 	-1.430321e-02
 	-1.408800e-02
 	-1.391362e-02
 	-1.378566e-02
 	-1.370752e-02
 	-1.368031e-02
 	-1.370273e-02
 	-1.377130e-02
 	-1.388021e-02
 	-1.402168e-02
 	-1.418623e-02
 	-1.436307e-02
 	-1.454058e-02
 	-1.470679e-02
 	-1.484992e-02
 	-1.495882e-02
 	-1.502349e-02
 	-1.503537e-02
 	-1.498787e-02
 	-1.487637e-02
 	-1.469848e-02
 	-1.445405e-02
 	-1.414503e-02
 	-1.377532e-02
 	-1.335050e-02
 	-1.287755e-02
 	-1.236449e-02
 	-1.181995e-02
 	-1.125279e-02
 	-1.067181e-02
 	-1.008535e-02
 	-9.500966e-03
 	-8.925281e-03
 	-8.363822e-03
 	-7.820945e-03
 	-7.299755e-03
 	-6.802015e-03
 	-6.328166e-03
 	-5.877400e-03
 	-5.447761e-03
 	-5.036284e-03
 	-4.639224e-03
 	-4.252361e-03
 	-3.871339e-03
 	-3.491938e-03
 	-3.110284e-03
 	-2.723094e-03
 	-2.327883e-03
 	-1.923090e-03
 	-1.508139e-03
 	-1.083498e-03
 	-6.506314e-04
 	-2.119048e-04
 	 2.295614e-04
 	 6.700889e-04
 	 1.105649e-03
 	 1.532068e-03
 	 1.945192e-03
 	 2.341053e-03
 	 2.716073e-03
 	 3.067204e-03
 	 3.392022e-03
 	 3.688784e-03
 	 3.956519e-03
 	 4.195068e-03
 	 4.405119e-03
 	 4.588141e-03
 	 4.746258e-03
 	 4.882187e-03
 	 4.999161e-03
 	 5.100827e-03
 	 5.191134e-03
 	 5.274135e-03
 	 5.353749e-03
 	 5.433626e-03
 	 5.517000e-03
 	 5.606532e-03
 	 5.704184e-03
 	 5.811139e-03
 	 5.927770e-03
 	 6.053660e-03
 	 6.187627e-03
 	 6.327790e-03
 	 6.471689e-03
 	 6.616449e-03
 	 6.758995e-03
 	 6.896215e-03
 	 7.025078e-03
 	 7.142760e-03
 	 7.246766e-03
 	 7.335019e-03
 	 7.405920e-03
 	 7.458408e-03
 	 7.491997e-03
 	 7.506773e-03
 	 7.503427e-03
 	 7.483077e-03
 	 7.447308e-03
 	 7.397992e-03
 	 7.337231e-03
 	 7.267260e-03
 	 7.190301e-03
 	 7.108406e-03
 	 7.023329e-03
 	 6.936412e-03
 	 6.848512e-03
 	 6.760010e-03
 	 6.670834e-03
 	 6.580488e-03
 	 6.488150e-03
 	 6.392747e-03
 	 6.293045e-03
 	 6.187730e-03
 	 6.075483e-03
 	 5.955086e-03
 	 5.825479e-03
 	 5.685760e-03
 	 5.535180e-03
 	 5.373091e-03
 	 5.198903e-03
 	 5.012009e-03
 	 4.811757e-03
 	 4.597449e-03
	 5.307478e-06
	 4.639819e-06
	 3.964822e-06
	 3.286305e-06
	 2.608502e-06
	 1.935835e-06
	 1.272664e-06
	 6.230956e-07
	-9.175205e-09
	-6.210302e-07
	-1.210033e-06
	-1.774450e-06
	-2.313271e-06
	-2.826226e-06
	-3.313765e-06
	-3.776947e-06
	-4.217307e-06
	-4.636744e-06
	-5.037340e-06
	-5.421190e-06
	-5.790280e-06
	-6.146382e-06
	-6.490943e-06
	-6.825027e-06
	-7.149315e-06
	-7.464100e-06
	-7.769268e-06
	-8.064335e-06
	-8.348507e-06
	-8.620733e-06
	-8.879751e-06
	-9.124206e-06
	-9.352753e-06
	-9.564145e-06
	-9.757319e-06
	-9.931475e-06
	-1.008613e-05
	-1.022119e-05
	-1.033706e-05
	-1.043464e-05
	-1.051539e-05
	-1.058137e-05
	-1.063510e-05
	-1.067956e-05
	-1.071801e-05
	-1.075399e-05
	-1.079113e-05
	-1.083311e-05
	-1.088348e-05
	-1.094560e-05
	-1.102333e-05
	-1.112501e-05
	-1.126915e-05
	-1.148262e-05
	-1.179949e-05
	-1.226814e-05
	-1.294244e-05
	-1.386741e-05
	-1.510370e-05
	-1.679402e-05
	-1.918132e-05
	-2.252596e-05
	-2.706344e-05
	-3.307177e-05
	-4.092710e-05
	-5.101699e-05
	-6.360073e-05
	-7.877996e-05
	-9.661214e-05
	-1.172084e-04
	-1.406853e-04
	-1.670482e-04
	-1.961769e-04
	-2.279461e-04
	-2.622470e-04
	-2.989253e-04
	-3.377598e-04
	-3.785292e-04
	-4.210610e-04
	-4.651560e-04
	-5.104171e-04
	-5.561740e-04
	-6.016595e-04
	-6.462171e-04
	-6.892418e-04
	-7.299578e-04
	-7.674184e-04
	-8.007262e-04
	-8.292154e-04
	-8.524107e-04
	-8.699275e-04
	-8.815001e-04
	-8.869679e-04
	-8.862218e-04
	-8.792019e-04
	-8.658016e-04
	-8.458108e-04
	-8.189876e-04
	-7.851906e-04
	-7.445983e-04
	-6.977403e-04
	-6.452083e-04
	-5.875666e-04
	-5.257304e-04
	-4.614221e-04
	-3.973564e-04
	-3.372417e-04
	-2.859143e-04
	-2.496639e-04
	-2.363331e-04
	-2.547919e-04
	-3.140449e-04
	-4.224403e-04
	-5.873785e-04
	-8.153555e-04
	-1.111969e-03
	-1.481364e-03
	-1.925738e-03
	-2.445486e-03
	-3.039756e-03
	-3.706663e-03
	-4.442641e-03
	-5.241585e-03
	-6.094691e-03
	-6.991306e-03
	-7.919829e-03
	-8.868027e-03
	-9.822807e-03
	-1.076996e-02
	-1.169464e-02
	-1.258226e-02
	-1.341928e-02
	-1.419333e-02
	-1.489258e-02
	-1.550524e-02
	-1.602028e-02
	-1.642848e-02
	-1.672275e-02
	-1.689755e-02
	-1.694847e-02
	-1.687213e-02
	-1.666868e-02
	-1.634134e-02
	-1.589604e-02
	-1.534019e-02
	-1.468121e-02
	-1.392535e-02
	-1.307800e-02
	-1.214503e-02
	-1.113358e-02
	-1.005092e-02
	-8.901487e-03
	-7.682992e-03
	-6.385102e-03
	-4.991226e-03
	-3.482819e-03
	-1.844636e-03
	-6.756862e-05
	 1.852366e-03
	 3.916550e-03
	 6.125417e-03
	 8.478248e-03
	 1.097074e-02
	 1.359236e-02
	 1.632443e-02
	 1.914001e-02
	 2.200581e-02
	 2.488491e-02
	 2.773869e-02
	 3.052826e-02
	 3.321543e-02
	 3.576242e-02
	 3.813290e-02
	 4.029427e-02
	 4.221864e-02
	 4.388199e-02
	 4.526432e-02
	 4.635035e-02
	 4.712860e-02
	 4.759081e-02
	 4.773292e-02
	 4.755487e-02
	 4.706116e-02
	 4.626060e-02
	 4.516537e-02
	 4.378912e-02
	 4.214654e-02
	 4.025457e-02
	 3.813329e-02
	 3.580685e-02
	 3.330365e-02
	 3.065419e-02
	 2.788795e-02
	 2.503213e-02
	 2.211301e-02
	 1.915869e-02
	 1.620248e-02
	 1.328411e-02
	 1.044695e-02
	 7.733641e-03
	 5.182292e-03
	 2.824229e-03
	 6.837975e-04
	-1.220897e-03
	-2.877400e-03
	-4.279744e-03
	-5.429664e-03
	-6.336997e-03
	-7.019151e-03
	-7.499016e-03
	-7.802514e-03
	-7.957377e-03
	-7.992815e-03
	-7.938912e-03
	-7.824789e-03
	-7.678532e-03
	-7.526940e-03
	-7.395285e-03
	-7.307428e-03
	-7.285496e-03
	-7.348964e-03
	-7.513078e-03
	-7.789822e-03
	-8.188045e-03
	-8.713666e-03
	-9.369898e-03
	-1.015778e-02
	-1.107643e-02
	-1.212334e-02
	-1.329493e-02
	-1.458660e-02
	-1.599256e-02
	-1.750593e-02
	-1.911875e-02
	-2.082097e-02
	-2.259926e-02
	-2.443708e-02
	-2.631582e-02
	-2.821600e-02
	-3.011803e-02
	-3.200206e-02
	-3.384691e-02
	-3.562921e-02
	-3.732316e-02
	-3.890166e-02
	-4.033791e-02
	-4.160596e-02
	-4.268116e-02
	-4.354106e-02
	-4.416633e-02
	-4.454130e-02
	-4.465292e-02
	-4.449316e-02
	-4.405579e-02
	-4.334156e-02
	-4.235552e-02
	-4.110771e-02
	-3.961287e-02
	-3.788919e-02
	-3.595797e-02
	-3.384405e-02
	-3.157609e-02
	-2.918662e-02
	-2.671144e-02
	-2.418810e-02
	-2.165401e-02
	-1.914516e-02
	-1.669547e-02
	-1.433657e-02
	-1.209738e-02
	-1.000338e-02
	-8.075554e-03
	-6.329034e-03
	-4.771859e-03
	-3.404827e-03
	-2.222069e-03
	-1.211718e-03
	-3.568215e-04
	 3.636721e-04
	 9.737310e-04
	 1.499173e-03
	 1.966489e-03
	 2.401735e-03
	 2.829235e-03
	 3.270173e-03
	 3.741827e-03
	 4.257631e-03
	 4.827460e-03
	 5.457598e-03
	 6.150270e-03
	 6.903349e-03
	 7.710445e-03
	 8.561511e-03
	 9.443947e-03
	 1.034372e-02
	 1.124579e-02
	 1.213408e-02
	 1.299178e-02
	 1.380219e-02
	 1.454967e-02
	 1.522064e-02
	 1.580484e-02
	 1.629610e-02
	 1.669249e-02
	 1.699587e-02
	 1.721113e-02
	 1.734547e-02
	 1.740817e-02
	 1.741046e-02
	 1.736514e-02
	 1.728606e-02
	 1.718742e-02
	 1.708299e-02
	 1.698541e-02
	 1.690583e-02
	 1.685353e-02
	 1.683553e-02
	 1.685615e-02
	 1.691704e-02
	 1.701725e-02
	 1.715362e-02
	 1.732105e-02
	 1.751253e-02
	 1.771911e-02
	 1.793012e-02
	 1.813373e-02
	 1.831797e-02
	 1.847143e-02
	 1.858379e-02
	 1.864622e-02
	 1.865151e-02
	 1.859421e-02
	 1.847108e-02
	 1.828091e-02
	 1.802437e-02
	 1.770397e-02
	 1.732392e-02
	 1.688992e-02
	 1.640884e-02
	 1.588842e-02
	 1.533715e-02
	 1.476402e-02
	 1.417792e-02
	 1.358725e-02
	 1.299949e-02
	 1.242097e-02
	 1.185683e-02
	 1.131081e-02
	 1.078505e-02
	 1.028022e-02
	 9.795680e-03
	 9.329583e-03
	 8.878997e-03
	 8.440059e-03
	 8.008255e-03
	 7.578717e-03
	 7.146577e-03
	 6.707341e-03
	 6.257085e-03
	 5.792293e-03
	 5.309936e-03
	 4.807691e-03
	 4.284091e-03
	 3.738702e-03
	 3.171975e-03
	 2.584945e-03
	 1.979079e-03
	 1.356298e-03
	 7.190648e-04
	 7.032886e-05
	-5.865318e-04
	-1.247845e-03
	-1.909849e-03
	-2.568800e-03
	-3.221120e-03
	-3.863429e-03
	-4.492216e-03
	-5.103596e-03
	-5.693509e-03
	-6.258274e-03
	-6.795161e-03
	-7.302527e-03
	-7.779384e-03
	-8.224773e-03
	-8.637499e-03
	-9.016512e-03
	-9.361428e-03
	-9.672642e-03
	-9.950981e-03
	-1.019729e-02
	-1.041207e-02
	-1.059540e-02
	-1.074735e-02
	-1.086813e-02
	-1.095812e-02
	-1.101779e-02
	-1.104761e-02
	-1.104804e-02
	-1.101983e-02
	-1.096406e-02
	-1.088221e-02
	-1.077606e-02
	-1.064762e-02
	-1.049898e-02
	-1.033204e-02
	-1.014852e-02
	-9.950053e-03
	-9.738415e-03
	-9.515542e-03
	-9.283380e-03
	-9.043695e-03
	-8.798077e-03
	-8.548103e-03
	-8.295561e-03
	-8.042430e-03
	-7.790714e-03
	-7.542314e-03
	-7.298880e-03
	-7.061763e-03
	-6.832088e-03
	-6.610749e-03
	-6.398366e-03
	-6.195325e-03
	-6.001768e-03
	-5.817523e-03
	-5.642008e-03
	-5.474166e-03
	-5.312620e-03
	-5.155901e-03
	-5.002567e-03
	-4.851133e-03
	-4.699940e-03
	-4.547056e-03
	-4.390411e-03
	-4.228041e-03
	-4.058293e-03
	-3.879845e-03
	-3.691577e-03
	-3.492586e-03
	-3.282330e-03
	-3.060824e-03
	-2.828571e-03
	-2.586297e-03
	-2.334724e-03
	-2.074529e-03
	-1.806392e-03
	-1.531112e-03
	-1.249705e-03
	-9.634423e-04
	-6.737750e-04
	-3.822052e-04
	-9.013088e-05
	 2.011812e-04
	 4.904989e-04
	 7.766091e-04
	 1.058379e-03
	 1.334801e-03
	 1.605023e-03
	 1.868340e-03
	 2.124136e-03
	 2.371727e-03
	 2.610301e-03
	 2.838901e-03
	 3.056424e-03
	 3.261759e-03
	 3.453894e-03
	 3.631965e-03
	 3.795261e-03
	 3.943081e-03
	 4.074640e-03
	 4.189088e-03
	 4.285681e-03
	 4.363832e-03
	 4.423026e-03
	 4.462668e-03
	 4.482036e-03
	 4.480402e-03
	 4.457319e-03
	 4.412852e-03
	 4.347614e-03
	 4.262587e-03
	 4.159066e-03
	 4.038694e-03
	 3.903532e-03
	 3.756128e-03
	 3.599459e-03
	 3.436783e-03
	 3.271453e-03
	 3.106866e-03
	 2.946471e-03
	 2.793682e-03
	 2.651701e-03
	 2.523321e-03
	 2.410688e-03
	 2.315193e-03
	 2.237551e-03
	 2.177919e-03
	 2.135863e-03
	 2.110241e-03
	 2.099132e-03
	 2.099943e-03
	 2.109645e-03
	 2.125007e-03
	 2.142844e-03
	 2.160277e-03
	 2.174822e-03
	 2.184306e-03
	 2.186883e-03
	 2.181147e-03
	 2.166230e-03
	 2.141795e-03
	 2.107931e-03
 	-2.780495e-06
 	-3.627160e-06
 	-4.445232e-06
 	-5.234348e-06
 	-5.994006e-06
 	-6.723674e-06
 	-7.422818e-06
 	-8.090895e-06
 	-8.727373e-06
 	-9.331776e-06
 	-9.903647e-06
 	-1.044249e-05
 	-1.094793e-05
 	-1.141955e-05
 	-1.185657e-05
 	-1.225785e-05
 	-1.262235e-05
 	-1.294921e-05
 	-1.323758e-05
 	-1.348669e-05
 	-1.369608e-05
 	-1.386579e-05
 	-1.399665e-05
 	-1.409047e-05
 	-1.414977e-05
 	-1.417732e-05
 	-1.417564e-05
 	-1.414671e-05
 	-1.409228e-05
 	-1.401443e-05
 	-1.391553e-05
 	-1.379778e-05
 	-1.366339e-05
 	-1.351495e-05
 	-1.335551e-05
 	-1.318852e-05
 	-1.301796e-05
 	-1.284837e-05
 	-1.268458e-05
 	-1.253139e-05
 	-1.239308e-05
 	-1.227276e-05
 	-1.217207e-05
 	-1.209129e-05
 	-1.202953e-05
 	-1.198490e-05
 	-1.195512e-05
 	-1.193803e-05
 	-1.193186e-05
 	-1.193504e-05
 	-1.194566e-05
 	-1.196142e-05
 	-1.197979e-05
 	-1.199810e-05
 	-1.201371e-05
 	-1.202387e-05
 	-1.202549e-05
 	-1.201500e-05
 	-1.198872e-05
 	-1.194324e-05
 	-1.187593e-05
 	-1.178543e-05
 	-1.167205e-05
 	-1.153905e-05
 	-1.139633e-05
 	-1.126764e-05
 	-1.119680e-05
 	-1.125089e-05
 	-1.152578e-05
 	-1.215904e-05
 	-1.334435e-05
 	-1.531507e-05
 	-1.828854e-05
 	-2.239809e-05
 	-2.765282e-05
 	-3.392631e-05
 	-4.097345e-05
 	-4.848235e-05
 	-5.611414e-05
 	-6.354685e-05
 	-7.050725e-05
 	-7.671681e-05
 	-8.187461e-05
 	-8.580364e-05
 	-8.865121e-05
 	-9.094139e-05
 	-9.347486e-05
 	-9.718198e-05
 	-1.029418e-04
 	-1.113858e-04
 	-1.228111e-04
 	-1.372324e-04
 	-1.544802e-04
 	-1.742290e-04
 	-1.959180e-04
 	-2.186908e-04
 	-2.414336e-04
 	-2.628307e-04
 	-2.814948e-04
 	-2.961548e-04
 	-3.057577e-04
 	-3.095162e-04
 	-3.069753e-04
 	-2.981419e-04
 	-2.835972e-04
 	-2.644177e-04
 	-2.417131e-04
 	-2.160861e-04
 	-1.875855e-04
 	-1.560093e-04
 	-1.211452e-04
 	-8.285898e-05
 	-4.103826e-05
 	 4.435808e-06
 	 5.351514e-05
 	 1.059259e-04
 	 1.612501e-04
 	 2.188627e-04
 	 2.777340e-04
 	 3.362767e-04
 	 3.924148e-04
 	 4.439557e-04
 	 4.890969e-04
 	 5.266696e-04
 	 5.556873e-04
 	 5.747091e-04
 	 5.820539e-04
 	 5.764430e-04
 	 5.572010e-04
 	 5.241678e-04
 	 4.776014e-04
 	 4.180500e-04
 	 3.459624e-04
 	 2.606917e-04
 	 1.593465e-04
 	 3.649681e-05
 	-1.154363e-04
 	-3.061186e-04
 	-5.475016e-04
 	-8.532524e-04
 	-1.237184e-03
 	-1.711362e-03
 	-2.284605e-03
 	-2.961398e-03
 	-3.740781e-03
 	-4.615334e-03
 	-5.571046e-03
 	-6.588390e-03
 	-7.644185e-03
 	-8.713686e-03
 	-9.772669e-03
 	-1.079954e-02
 	-1.177724e-02
 	-1.269457e-02
 	-1.354668e-02
 	-1.433468e-02
 	-1.506448e-02
 	-1.574487e-02
 	-1.638543e-02
 	-1.699461e-02
 	-1.757849e-02
 	-1.813971e-02
 	-1.867684e-02
 	-1.918426e-02
 	-1.965242e-02
 	-2.006791e-02
 	-2.041313e-02
 	-2.066596e-02
 	-2.079985e-02
 	-2.078449e-02
 	-2.058662e-02
 	-2.017138e-02
 	-1.950235e-02
 	-1.854142e-02
 	-1.724853e-02
 	-1.558141e-02
 	-1.349568e-02
 	-1.094573e-02
 	-7.886317e-03
 	-4.274505e-03
 	-7.237220e-05
 	 4.749349e-03
 	 1.020790e-02
 	 1.630623e-02
 	 2.303142e-02
 	 3.035280e-02
 	 3.821924e-02
 	 4.655557e-02
 	 5.525944e-02
 	 6.419916e-02
 	 7.321275e-02
 	 8.210803e-02
 	 9.066478e-02
 	 9.864043e-02
 	 1.057796e-01
 	 1.118281e-01
 	 1.165491e-01
 	 1.197397e-01
 	 1.212443e-01
 	 1.209644e-01
 	 1.188646e-01
 	 1.149805e-01
 	 1.094170e-01
 	 1.023451e-01
 	 9.399201e-02
 	 8.462643e-02
 	 7.454209e-02
 	 6.403925e-02
 	 5.340566e-02
 	 4.289901e-02
 	 3.273237e-02
 	 2.306409e-02
 	 1.399223e-02
 	 5.553545e-03
 	-2.273102e-03
 	-9.558366e-03
 	-1.640990e-02
 	-2.295831e-02
 	-2.934365e-02
 	-3.570285e-02
 	-4.215764e-02
 	-4.880287e-02
 	-5.569684e-02
 	-6.285518e-02
 	-7.024966e-02
 	-7.781089e-02
 	-8.543310e-02
 	-9.298138e-02
 	-1.003010e-01
 	-1.072287e-01
 	-1.136043e-01
 	-1.192805e-01
 	-1.241295e-01
 	-1.280482e-01
 	-1.309611e-01
 	-1.328229e-01
 	-1.336185e-01
 	-1.333586e-01
 	-1.320832e-01
 	-1.298491e-01
 	-1.267290e-01
 	-1.228045e-01
 	-1.181605e-01
 	-1.128808e-01
 	-1.070462e-01
 	-1.007327e-01
 	-9.401129e-02
 	-8.694790e-02
 	-7.960347e-02
 	-7.203448e-02
 	-6.429393e-02
 	-5.643192e-02
 	-4.849543e-02
 	-4.052766e-02
 	-3.256781e-02
 	-2.465206e-02
 	-1.681538e-02
 	-9.093052e-03
 	-1.521270e-03
 	 5.862881e-03
 	 1.302156e-02
 	 1.991607e-02
 	 2.650644e-02
 	 3.275106e-02
 	 3.860622e-02
 	 4.402597e-02
 	 4.896228e-02
 	 5.336556e-02
 	 5.718575e-02
 	 6.037415e-02
 	 6.288595e-02
 	 6.468334e-02
 	 6.573923e-02
 	 6.604123e-02
 	 6.559449e-02
 	 6.442424e-02
 	 6.257644e-02
 	 6.011730e-02
 	 5.713155e-02
 	 5.371936e-02
 	 4.999208e-02
 	 4.606768e-02
 	 4.206567e-02
 	 3.810214e-02
 	 3.428519e-02
 	 3.071121e-02
 	 2.746186e-02
 	 2.460212e-02
 	 2.217935e-02
 	 2.022328e-02
 	 1.874689e-02
 	 1.774829e-02
 	 1.721326e-02
 	 1.711805e-02
 	 1.743343e-02
 	 1.812571e-02
 	 1.916036e-02
 	 2.050231e-02
 	 2.211588e-02
 	 2.396395e-02
 	 2.600653e-02
 	 2.819915e-02
 	 3.049135e-02
 	 3.282583e-02
 	 3.513868e-02
 	 3.736082e-02
 	 3.942061e-02
 	 4.124714e-02
 	 4.277392e-02
 	 4.394241e-02
 	 4.470560e-02
 	 4.503131e-02
 	 4.490286e-02
 	 4.432369e-02
 	 4.331359e-02
 	 4.190972e-02
 	 4.016398e-02
 	 3.813956e-02
 	 3.590636e-02
 	 3.353593e-02
 	 3.109668e-02
 	 2.864994e-02
 	 2.624734e-02
 	 2.392934e-02
 	 2.172503e-02
 	 1.965267e-02
 	 1.772123e-02
 	 1.593247e-02
 	 1.428324e-02
 	 1.276758e-02
 	 1.137803e-02
 	 1.010643e-02
 	 8.944081e-03
 	 7.881597e-03
 	 6.908337e-03
 	 6.011557e-03
 	 5.175474e-03
 	 4.380457e-03
 	 3.602448e-03
 	 2.812626e-03
 	 1.977534e-03
 	 1.059929e-03
 	 2.048233e-05
 	-1.179797e-03
 	-2.576646e-03
 	-4.199383e-03
 	-6.067739e-03
 	-8.189086e-03
 	-1.055650e-02
 	-1.314792e-02
 	-1.592655e-02
 	-1.884218e-02
 	-2.183345e-02
 	-2.483069e-02
 	-2.775960e-02
 	-3.054550e-02
 	-3.311782e-02
 	-3.541412e-02
 	-3.738334e-02
 	-3.898773e-02
 	-4.020376e-02
 	-4.102175e-02
 	-4.144490e-02
 	-4.148757e-02
 	-4.117317e-02
 	-4.053257e-02
 	-3.960146e-02
 	-3.841861e-02
 	-3.702410e-02
 	-3.545778e-02
 	-3.375785e-02
 	-3.195968e-02
 	-3.009501e-02
 	-2.819133e-02
 	-2.627183e-02
 	-2.435611e-02
 	-2.246148e-02
 	-2.060416e-02
 	-1.879990e-02
 	-1.706414e-02
 	-1.541228e-02
 	-1.385989e-02
 	-1.242275e-02
 	-1.111641e-02
 	-9.955769e-03
 	-8.954569e-03
 	-8.125112e-03
 	-7.477587e-03
 	-7.019056e-03
 	-6.752374e-03
 	-6.675374e-03
 	-6.780804e-03
 	-7.056077e-03
 	-7.483817e-03
 	-8.042050e-03
 	-8.704814e-03
 	-9.442804e-03
 	-1.022392e-02
 	-1.101384e-02
 	-1.177696e-02
 	-1.247779e-02
 	-1.308243e-02
 	-1.355967e-02
 	-1.388196e-02
 	-1.402612e-02
 	-1.397424e-02
 	-1.371372e-02
 	-1.323793e-02
 	-1.254560e-02
 	-1.164075e-02
 	-1.053262e-02
 	-9.235914e-03
 	-7.770644e-03
 	-6.161667e-03
 	-4.438011e-03
 	-2.631972e-03
 	-7.779449e-04
 	 1.088975e-03
 	 2.934391e-03
 	 4.725920e-03
 	 6.434394e-03
 	 8.034781e-03
 	 9.506777e-03
 	 1.083506e-02
 	 1.200931e-02
 	 1.302421e-02
 	 1.387936e-02
 	 1.457878e-02
 	 1.513015e-02
 	 1.554369e-02
 	 1.583092e-02
 	 1.600341e-02
 	 1.607156e-02
 	 1.604343e-02
 	 1.592490e-02
 	 1.571902e-02
 	 1.542653e-02
 	 1.504593e-02
 	 1.457401e-02
 	 1.400675e-02
 	 1.334072e-02
 	 1.257439e-02
 	 1.170946e-02
 	 1.075194e-02
 	 9.713215e-03
 	 8.610845e-03
 	 7.468946e-03
 	 6.317881e-03
 	 5.193236e-03
 	 4.134263e-03
 	 3.181849e-03
 	 2.376181e-03
 	 1.754286e-03
 	 1.347549e-03
 	 1.179440e-03
 	 1.262765e-03
 	 1.599590e-03
 	 2.179001e-03
 	 2.978275e-03
 	 3.963844e-03
 	 5.093401e-03
 	 6.318580e-03
 	 7.587958e-03
 	 8.850083e-03
 	 1.005629e-02
 	 1.116315e-02
 	 1.213448e-02
 	 1.294269e-02
 	 1.356945e-02
 	 1.400557e-02
 	 1.425042e-02
 	 1.431052e-02
 	 1.419854e-02
 	 1.393006e-02
 	 1.352260e-02
 	 1.299314e-02
 	 1.235680e-02
 	 1.162593e-02
 	 1.080984e-02
 	 9.915019e-03
 	 8.945785e-03
 	 7.905212e-03
 	 6.796181e-03
 	 5.622482e-03
 	 4.389947e-03
 	 3.107405e-03
 	 1.787344e-03
 	 4.461491e-04
 	-8.960927e-04
 	-2.216235e-03
 	-3.489120e-03
 	-4.688874e-03
 	-5.790294e-03
 	-6.770184e-03
 	-7.608581e-03
 	-8.289748e-03
 	-8.802830e-03
 	-9.142228e-03
 	-9.307708e-03
 	-9.304291e-03
 	-9.141572e-03
 	-8.833589e-03
 	-8.397714e-03
 	-7.854118e-03
 	-7.225036e-03
 	-6.533991e-03
 	-5.804936e-03
 	-5.061432e-03
 	-4.325978e-03
 	-3.619481e-03
 	-2.960722e-03
 	-2.365852e-03
 	-2.370621e-04
 	-2.460399e-04
 	-2.545003e-04
 	-2.624388e-04
 	-2.698516e-04
 	-2.767358e-04
 	-2.830892e-04
 	-2.889106e-04
 	-2.942000e-04
 	-2.989585e-04
 	-3.031888e-04
 	-3.068946e-04
 	-3.100816e-04
 	-3.127564e-04
 	-3.149273e-04
 	-3.166040e-04
 	-3.177971e-04
 	-3.185186e-04
 	-3.187817e-04
 	-3.186001e-04
 	-3.179885e-04
 	-3.169622e-04
 	-3.155367e-04
 	-3.137279e-04
 	-3.115517e-04
 	-3.090237e-04
 	-3.061591e-04
 	-3.029729e-04
 	-2.994797e-04
 	-2.956933e-04
 	-2.916268e-04
 	-2.872925e-04
 	-2.827018e-04
 	-2.778656e-04
 	-2.727939e-04
 	-2.674960e-04
 	-2.619810e-04
 	-2.562575e-04
 	-2.503337e-04
 	-2.442180e-04
 	-2.379181e-04
 	-2.314419e-04
 	-2.247974e-04
 	-2.179923e-04
 	-2.110347e-04
 	-2.039324e-04
 	-1.966937e-04
 	-1.893270e-04
 	-1.818408e-04
 	-1.742441e-04
 	-1.665460e-04
 	-1.587564e-04
 	-1.508853e-04
 	-1.429432e-04
 	-1.349412e-04
 	-1.268915e-04
 	-1.188088e-04
 	-1.107123e-04
 	-1.026255e-04
 	-9.457560e-05
 	-8.659562e-05
 	-7.872493e-05
 	-7.100842e-05
 	-6.351119e-05
 	-5.633415e-05
 	-4.959926e-05
 	-4.342541e-05
 	-3.793972e-05
 	-3.330309e-05
 	-2.970870e-05
 	-2.736094e-05
 	-2.643092e-05
 	-2.705075e-05
 	-2.935435e-05
 	-3.348459e-05
 	-3.956273e-05
 	-4.762939e-05
 	-5.763522e-05
 	-6.949296e-05
 	-8.308622e-05
 	-9.822771e-05
 	-1.147045e-04
 	-1.323393e-04
 	-1.509620e-04
 	-1.703734e-04
 	-1.903377e-04
 	-2.106041e-04
 	-2.309662e-04
 	-2.512586e-04
 	-2.712824e-04
 	-2.907759e-04
 	-3.094402e-04
 	-3.269383e-04
 	-3.429075e-04
 	-3.569249e-04
 	-3.684640e-04
 	-3.769610e-04
 	-3.819442e-04
 	-3.830373e-04
 	-3.797909e-04
 	-3.716076e-04
 	-3.579549e-04
 	-3.386041e-04
 	-3.136822e-04
 	-2.836132e-04
 	-2.491214e-04
 	-2.113048e-04
 	-1.716930e-04
 	-1.322189e-04
 	-9.513826e-05
 	-6.306421e-05
 	-3.928797e-05
 	-2.790190e-05
 	-3.372856e-05
 	-6.248172e-05
 	-1.208564e-04
 	-2.163733e-04
 	-3.568086e-04
 	-5.496686e-04
 	-8.020299e-04
 	-1.120678e-03
 	-1.512224e-03
 	-1.982722e-03
 	-2.537049e-03
 	-3.178578e-03
 	-3.908984e-03
 	-4.728144e-03
 	-5.634366e-03
 	-6.624666e-03
 	-7.694798e-03
 	-8.839309e-03
 	-1.005168e-02
 	-1.132418e-02
 	-1.264766e-02
 	-1.401137e-02
 	-1.540258e-02
 	-1.680624e-02
 	-1.820531e-02
 	-1.958099e-02
 	-2.091290e-02
 	-2.217962e-02
 	-2.335972e-02
 	-2.443231e-02
 	-2.537668e-02
 	-2.617145e-02
 	-2.679463e-02
 	-2.722313e-02
 	-2.743214e-02
 	-2.739430e-02
 	-2.708005e-02
 	-2.645829e-02
 	-2.549961e-02
 	-2.417968e-02
 	-2.248123e-02
 	-2.039360e-02
 	-1.791032e-02
 	-1.502681e-02
 	-1.174091e-02
 	-8.054942e-03
 	-3.976420e-03
 	 4.824114e-04
 	 5.303543e-03
 	 1.045977e-02
 	 1.591138e-02
 	 2.160510e-02
 	 2.747453e-02
 	 3.344171e-02
 	 3.942124e-02
 	 4.532475e-02
 	 5.106508e-02
 	 5.655972e-02
 	 6.173371e-02
 	 6.652202e-02
 	 7.087155e-02
 	 7.474098e-02
 	 7.809679e-02
 	 8.090922e-02
 	 8.315123e-02
 	 8.479906e-02
 	 8.583419e-02
 	 8.624466e-02
 	 8.602424e-02
 	 8.517250e-02
 	 8.369203e-02
 	 8.158834e-02
 	 7.887092e-02
 	 7.555468e-02
 	 7.166088e-02
 	 6.721729e-02
 	 6.225774e-02
 	 5.682305e-02
 	 5.096177e-02
 	 4.472919e-02
 	 3.818542e-02
 	 3.139300e-02
 	 2.441471e-02
 	 1.731099e-02
 	 1.013729e-02
 	 2.942623e-03
 	-4.229459e-03
 	-1.133731e-02
 	-1.833706e-02
 	-2.518070e-02
 	-3.181779e-02
 	-3.819921e-02
 	-4.428075e-02
 	-5.002563e-02
 	-5.540508e-02
 	-6.039659e-02
 	-6.498092e-02
 	-6.913906e-02
 	-7.285066e-02
 	-7.609493e-02
 	-7.885262e-02
 	-8.110742e-02
 	-8.284602e-02
 	-8.405785e-02
 	-8.473511e-02
 	-8.487209e-02
 	-8.446292e-02
 	-8.350566e-02
 	-8.200167e-02
 	-7.995773e-02
 	-7.738566e-02
 	-7.430322e-02
 	-7.073602e-02
 	-6.671942e-02
 	-6.229863e-02
 	-5.752728e-02
 	-5.246488e-02
 	-4.717463e-02
 	-4.172283e-02
 	-3.617878e-02
 	-3.061320e-02
 	-2.509517e-02
 	-1.968942e-02
 	-1.445498e-02
 	-9.444164e-03
 	-4.702239e-03
 	-2.682741e-04
 	 3.823702e-03
 	 7.544301e-03
 	 1.086911e-02
 	 1.377955e-02
 	 1.626403e-02
 	 1.831897e-02
 	 1.994942e-02
 	 2.116899e-02
 	 2.199919e-02
 	 2.246881e-02
 	 2.261362e-02
 	 2.247522e-02
 	 2.210013e-02
 	 2.153785e-02
 	 2.083927e-02
 	 2.005445e-02
 	 1.923087e-02
 	 1.841154e-02
 	 1.763320e-02
 	 1.692536e-02
 	 1.631007e-02
 	 1.580219e-02
 	 1.540974e-02
 	 1.513424e-02
 	 1.497126e-02
 	 1.491074e-02
 	 1.493717e-02
 	 1.503018e-02
 	 1.516681e-02
 	 1.532401e-02
 	 1.548017e-02
 	 1.561565e-02
 	 1.571333e-02
 	 1.575918e-02
 	 1.574247e-02
 	 1.565578e-02
 	 1.549478e-02
 	 1.525764e-02
 	 1.494463e-02
 	 1.455749e-02
 	 1.409877e-02
 	 1.357110e-02
 	 1.297611e-02
 	 1.231399e-02
 	 1.158366e-02
 	 1.078328e-02
 	 9.910536e-03
 	 8.963323e-03
 	 7.940553e-03
 	 6.843135e-03
 	 5.675137e-03
 	 4.444887e-03
 	 3.165693e-03
 	 1.855904e-03
 	 5.383412e-04
 	-7.607026e-04
 	-2.012817e-03
 	-3.189101e-03
 	-4.261723e-03
 	-5.205188e-03
 	-5.997452e-03
 	-6.620524e-03
 	-7.060864e-03
 	-7.309897e-03
 	-7.364606e-03
 	-7.226707e-03
 	-6.904162e-03
 	-6.409678e-03
 	-5.761201e-03
 	-4.981228e-03
 	-4.095723e-03
 	-3.132834e-03
 	-2.121546e-03
 	-1.090671e-03
 	-6.827564e-05
 	 9.189894e-04
 	 1.846453e-03
 	 2.691885e-03
 	 3.436203e-03
 	 4.064121e-03
 	 4.564595e-03
 	 4.931107e-03
 	 5.161759e-03
 	 5.259282e-03
 	 5.230782e-03
 	 5.087393e-03
 	 4.843520e-03
 	 4.515673e-03
 	 4.121449e-03
 	 3.678655e-03
 	 3.204612e-03
 	 2.715673e-03
 	 2.226802e-03
 	 1.751153e-03
 	 1.299662e-03
 	 8.808147e-04
 	 5.007380e-04
 	 1.634084e-04
 	-1.292189e-04
 	-3.771206e-04
 	-5.818889e-04
 	-7.462312e-04
 	-8.737391e-04
 	-9.688495e-04
 	-1.036654e-03
 	-1.082458e-03
 	-1.111377e-03
 	-1.127947e-03
 	-1.135803e-03
 	-1.137493e-03
 	-1.134445e-03
 	-1.127097e-03
 	-1.115134e-03
 	-1.097753e-03
 	-1.073804e-03
 	-1.041902e-03
 	-1.000612e-03
 	-9.485786e-04
 	-8.846796e-04
 	-8.081522e-04
 	-7.186237e-04
 	-6.161611e-04
 	-5.013162e-04
 	-3.751733e-04
 	-2.394137e-04
 	-9.630217e-05
 	 5.134317e-05
 	 2.001548e-04
 	 3.461683e-04
 	 4.848492e-04
 	 6.112820e-04
 	 7.205706e-04
 	 8.083580e-04
 	 8.712176e-04
 	 9.067797e-04
 	 9.136294e-04
 	 8.911240e-04
 	 8.394502e-04
 	 7.597586e-04
 	 6.542832e-04
 	 5.262460e-04
 	 3.797083e-04
 	 2.193375e-04
 	 4.999392e-05
 	-1.236670e-04
 	-2.974021e-04
 	-4.674018e-04
 	-6.301182e-04
 	-7.821473e-04
 	-9.203601e-04
 	-1.042003e-03
 	-1.144823e-03
 	-1.227299e-03
 	-1.288750e-03
 	-1.329275e-03
 	-1.349669e-03
 	-1.351276e-03
 	-1.335959e-03
 	-1.306080e-03
 	-1.264494e-03
 	-1.214313e-03
 	-1.158698e-03
 	-1.100682e-03
 	-1.043061e-03
 	-9.883814e-04
 	-9.389174e-04
 	-8.965066e-04
 	-8.623234e-04
 	-8.366871e-04
 	-8.189437e-04
 	-8.076041e-04
 	-8.006740e-04
 	-7.959027e-04
 	-7.907921e-04
 	-7.825432e-04
 	-7.682369e-04
 	-7.451434e-04
 	-7.109988e-04
 	-6.642081e-04
 	-6.038289e-04
 	-5.294829e-04
 	-4.412713e-04
 	-3.397494e-04
 	-2.259334e-04
 	-1.012717e-04
 	 3.236182e-05
 	 1.726096e-04
 	 3.166122e-04
 	 4.610514e-04
 	 6.022073e-04
 	 7.360756e-04
 	 8.585842e-04
 	 9.658679e-04
 	 1.054546e-03
 	 1.121946e-03
 	 1.166205e-03
 	 1.186175e-03
 	 1.181278e-03
 	 1.151619e-03
 	 1.098002e-03
 	 1.022027e-03
 	 9.260132e-04
 	 8.128203e-04
 	 6.856126e-04
 	 5.477110e-04
 	 4.025794e-04
 	 2.537622e-04
 	 1.047856e-04
 	-4.089920e-05
 	-1.800071e-04
 	-3.095268e-04
 	-4.268952e-04
 	-5.301645e-04
 	-6.180435e-04
 	-6.898961e-04
 	-7.456688e-04
 	-7.857517e-04
 	-8.109292e-04
 	-8.223429e-04
 	-8.215010e-04
 	-8.102374e-04
 	-7.907275e-04
 	-7.654658e-04
 	-7.371174e-04
 	-7.083017e-04
 	-6.814402e-04
 	-6.586902e-04
 	-6.418782e-04
 	-6.324017e-04
 	-6.311584e-04
 	-6.385729e-04
 	-6.546279e-04
 	-6.789516e-04
 	-7.108399e-04
 	-7.493363e-04
 	-7.934313e-04
 	-8.422030e-04
 	-8.948463e-04
 	-9.506420e-04
 	-1.008837e-03
 	-1.068484e-03
 	-1.128406e-03
 	-1.187212e-03
 	-1.243400e-03
 	-1.295513e-03
 	-1.342227e-03
 	-1.382452e-03
 	-1.415337e-03
 	-1.440230e-03
 	-1.456677e-03
 	-1.464417e-03
 	-1.463376e-03
 	-1.453653e-03
 	-1.435507e-03
 	-1.409329e-03
 	-1.375572e-03
 	-1.334658e-03
 	-1.286876e-03
 	-1.232325e-03
 	-1.170884e-03
 	-1.102258e-03
 	-1.026070e-03
 	-9.420155e-04
 	-8.500607e-04
 	-7.505229e-04
 	-6.440199e-04
 	-5.313765e-04
 	-4.136076e-04
 	-2.919025e-04
 	-1.675598e-04
 	-4.194434e-05
 	 8.353141e-05
	 2.448758e-05
	 2.415372e-05
	 2.381445e-05
	 2.347305e-05
	 2.313291e-05
	 2.279745e-05
	 2.246996e-05
	 2.215349e-05
	 2.185070e-05
	 2.156382e-05
	 2.129455e-05
	 2.104410e-05
	 2.081312e-05
	 2.060179e-05
	 2.040975e-05
	 2.023622e-05
	 2.007996e-05
	 1.993940e-05
	 1.981266e-05
	 1.969754e-05
	 1.959164e-05
	 1.949240e-05
	 1.939715e-05
	 1.930322e-05
	 1.920798e-05
	 1.910891e-05
	 1.900364e-05
	 1.889006e-05
	 1.876633e-05
	 1.863103e-05
	 1.848318e-05
	 1.832235e-05
	 1.814875e-05
	 1.796314e-05
	 1.776694e-05
	 1.756213e-05
	 1.735117e-05
	 1.713689e-05
	 1.692235e-05
	 1.671063e-05
	 1.650471e-05
	 1.630732e-05
	 1.612085e-05
	 1.594731e-05
	 1.578833e-05
	 1.564515e-05
	 1.551872e-05
	 1.540978e-05
	 1.531891e-05
	 1.524657e-05
	 1.519324e-05
	 1.515940e-05
	 1.514562e-05
	 1.515255e-05
	 1.518089e-05
	 1.523135e-05
	 1.530467e-05
	 1.540157e-05
	 1.552276e-05
	 1.566884e-05
	 1.584033e-05
	 1.603753e-05
	 1.626057e-05
	 1.650933e-05
	 1.678340e-05
	 1.708211e-05
	 1.740442e-05
	 1.774900e-05
	 1.811410e-05
	 1.849760e-05
	 1.889706e-05
	 1.930969e-05
	 1.973248e-05
	 2.016216e-05
	 2.059531e-05
	 2.102833e-05
	 2.145753e-05
	 2.187909e-05
	 2.228913e-05
	 2.268376e-05
	 2.305906e-05
	 2.341118e-05
	 2.373639e-05
	 2.403111e-05
	 2.429204e-05
	 2.451622e-05
	 2.470114e-05
	 2.484471e-05
	 2.494427e-05
	 2.499586e-05
	 2.499411e-05
	 2.492984e-05
	 2.479035e-05
	 2.456157e-05
	 2.422584e-05
	 2.375711e-05
	 2.311397e-05
	 2.224242e-05
	 2.108469e-05
	 1.958252e-05
	 1.767368e-05
	 1.528883e-05
	 1.235317e-05
	 8.795450e-06
	 4.557080e-06
	-4.050389e-07
	-6.122713e-06
	-1.262037e-05
	-1.991249e-05
	-2.800350e-05
	-3.688340e-05
	-4.652537e-05
	-5.689352e-05
	-6.795608e-05
	-7.969325e-05
	-9.209097e-05
	-1.051287e-04
	-1.187701e-04
	-1.329599e-04
	-1.476232e-04
	-1.626545e-04
	-1.778990e-04
	-1.931404e-04
	-2.081022e-04
	-2.224682e-04
	-2.358910e-04
	-2.479848e-04
	-2.583280e-04
	-2.664801e-04
	-2.720102e-04
	-2.745441e-04
	-2.738098e-04
	-2.696876e-04
	-2.622741e-04
	-2.519345e-04
	-2.393497e-04
	-2.255602e-04
	-2.119898e-04
	-2.004571e-04
	-1.932264e-04
	-1.930422e-04
	-2.031447e-04
	-2.272480e-04
	-2.694545e-04
	-3.341799e-04
	-4.260455e-04
	-5.497253e-04
	-7.097601e-04
	-9.104323e-04
	-1.155669e-03
	-1.448903e-03
	-1.792907e-03
	-2.189578e-03
	-2.639681e-03
	-3.142672e-03
	-3.696664e-03
	-4.298422e-03
	-4.943342e-03
	-5.625450e-03
	-6.337407e-03
	-7.070594e-03
	-7.815254e-03
	-8.560661e-03
	-9.295259e-03
	-1.000684e-02
	-1.068285e-02
	-1.131069e-02
	-1.187800e-02
	-1.237295e-02
	-1.278445e-02
	-1.310234e-02
	-1.331764e-02
	-1.342287e-02
	-1.341214e-02
	-1.328130e-02
	-1.302809e-02
	-1.265224e-02
	-1.215568e-02
	-1.154259e-02
	-1.081944e-02
	-9.994909e-03
	-9.079698e-03
	-8.086226e-03
	-7.028261e-03
	-5.920482e-03
	-4.778069e-03
	-3.616353e-03
	-2.450434e-03
	-1.294771e-03
	-1.628223e-04
	 9.332434e-04
	 1.982748e-03
	 2.976594e-03
	 3.907286e-03
	 4.769044e-03
	 5.558102e-03
	 6.273003e-03
	 6.914899e-03
	 7.487900e-03
	 7.999326e-03
	 8.459821e-03
	 8.883345e-03
	 9.287141e-03
	 9.691700e-03
	 1.012054e-02
	 1.059996e-02
	 1.115862e-02
	 1.182682e-02
	 1.263523e-02
	 1.361343e-02
	 1.478837e-02
	 1.618257e-02
	 1.781257e-02
	 1.968732e-02
	 2.180676e-02
	 2.416082e-02
	 2.672908e-02
	 2.948091e-02
	 3.237629e-02
	 3.536688e-02
	 3.839732e-02
	 4.140663e-02
	 4.432970e-02
	 4.709920e-02
	 4.964754e-02
	 5.190927e-02
	 5.382310e-02
	 5.533403e-02
	 5.639473e-02
	 5.696653e-02
	 5.702029e-02
	 5.653658e-02
	 5.550583e-02
	 5.392833e-02
	 5.181404e-02
	 4.918194e-02
	 4.605929e-02
	 4.248067e-02
	 3.848686e-02
	 3.412384e-02
	 2.944169e-02
	 2.449367e-02
	 1.933514e-02
	 1.402249e-02
	 8.612096e-03
	 3.159086e-03
	-2.283600e-03
	-7.665877e-03
	-1.294104e-02
	-1.806636e-02
	-2.300376e-02
	-2.772048e-02
	-3.218941e-02
	-3.638905e-02
	-4.030332e-02
	-4.392100e-02
	-4.723503e-02
	-5.024154e-02
	-5.293911e-02
	-5.532809e-02
	-5.741020e-02
	-5.918797e-02
	-6.066455e-02
	-6.184340e-02
	-6.272797e-02
	-6.332159e-02
	-6.362724e-02
	-6.364754e-02
	-6.338483e-02
	-6.284174e-02
	-6.202140e-02
	-6.092774e-02
	-5.956567e-02
	-5.794108e-02
	-5.606122e-02
	-5.393495e-02
	-5.157331e-02
	-4.898972e-02
	-4.619998e-02
	-4.322220e-02
	-4.007668e-02
	-3.678611e-02
	-3.337562e-02
	-2.987259e-02
	-2.630632e-02
	-2.270762e-02
	-1.910838e-02
	-1.554115e-02
	-1.203852e-02
	-8.632448e-03
	-5.353684e-03
	-2.231237e-03
	 7.082185e-04
	 3.441015e-03
	 5.947141e-03
	 8.210847e-03
	 1.022094e-02
	 1.197078e-02
	 1.345817e-02
	 1.468515e-02
	 1.565800e-02
	 1.638719e-02
	 1.688718e-02
	 1.717591e-02
	 1.727394e-02
	 1.720387e-02
	 1.698919e-02
	 1.665423e-02
	 1.622332e-02
	 1.572051e-02
	 1.516901e-02
	 1.459067e-02
	 1.400563e-02
	 1.343185e-02
	 1.288487e-02
	 1.237778e-02
	 1.192117e-02
	 1.152316e-02
	 1.118941e-02
	 1.092336e-02
	 1.072667e-02
	 1.059967e-02
	 1.054172e-02
	 1.055127e-02
	 1.062583e-02
	 1.076174e-02
	 1.095405e-02
	 1.119625e-02
	 1.148037e-02
	 1.179716e-02
	 1.213651e-02
	 1.248773e-02
	 1.283982e-02
	 1.318169e-02
	 1.350241e-02
	 1.379153e-02
	 1.403949e-02
	 1.423807e-02
	 1.438067e-02
	 1.446243e-02
	 1.448020e-02
	 1.443239e-02
	 1.431889e-02
	 1.414095e-02
	 1.390107e-02
	 1.360292e-02
	 1.325124e-02
	 1.285171e-02
	 1.241076e-02
	 1.193530e-02
	 1.143238e-02
	 1.090884e-02
	 1.037102e-02
	 9.824479e-03
	 9.273946e-03
	 8.723241e-03
	 8.175333e-03
	 7.632363e-03
	 7.095624e-03
	 6.565656e-03
	 6.042401e-03
	 5.525415e-03
	 5.014114e-03
	 4.507984e-03
	 4.006759e-03
	 3.510539e-03
	 3.019927e-03
	 2.536162e-03
	 2.061235e-03
	 1.597915e-03
	 1.149694e-03
	 7.206473e-04
	 3.152194e-04
	-6.202439e-05
	-4.066490e-04
	-7.145740e-04
	-9.822610e-04
	-1.206870e-03
	-1.386362e-03
	-1.519562e-03
	-1.606195e-03
	-1.646908e-03
	-1.643344e-03
	-1.598184e-03
	-1.515154e-03
	-1.398992e-03
	-1.255410e-03
	-1.090989e-03
	-9.130788e-04
	-7.296629e-04
	-5.491244e-04
	-3.799140e-04
	-2.301540e-04
	-1.072333e-04
	-1.741265e-05
	 3.452836e-05
	 4.550884e-05
	 1.428410e-05
	-5.852293e-05
	-1.704846e-04
	-3.175172e-04
	-4.941561e-04
	-6.938947e-04
	-9.095354e-04
	-1.133540e-03
	-1.358391e-03
	-1.576943e-03
	-1.782716e-03
	-1.970144e-03
	-2.134751e-03
	-2.273292e-03
	-2.383893e-03
	-2.466154e-03
	-2.521224e-03
	-2.551789e-03
	-2.561962e-03
	-2.557048e-03
	-2.543245e-03
	-2.527344e-03
	-2.516387e-03
	-2.517274e-03
	-2.536377e-03
	-2.579217e-03
	-2.650227e-03
	-2.752595e-03
	-2.888152e-03
	-3.057276e-03
	-3.258852e-03
	-3.490301e-03
	-3.747666e-03
	-4.025741e-03
	-4.318234e-03
	-4.617962e-03
	-4.917054e-03
	-5.207163e-03
	-5.479753e-03
	-5.726432e-03
	-5.939282e-03
	-6.111121e-03
	-6.235783e-03
	-6.308368e-03
	-6.325450e-03
	-6.285231e-03
	-6.187632e-03
	-6.034232e-03
	-5.828139e-03
	-5.573796e-03
	-5.276713e-03
	-4.943215e-03
	-4.580158e-03
	-4.194670e-03
	-3.793899e-03
	-3.384819e-03
	-2.974058e-03
	-2.567758e-03
	-2.171438e-03
	-1.789893e-03
	-1.427123e-03
	-1.086312e-03
	-7.698340e-04
	-4.793120e-04
	-2.156992e-04
	 2.063340e-05
	 2.298589e-04
	 4.127234e-04
	 5.705887e-04
	 7.054327e-04
	 8.197774e-04
	 9.165698e-04
	 9.990371e-04
	 1.070521e-03
	 1.134331e-03
	 1.193588e-03
	 1.251047e-03
	 1.308948e-03
	 1.368865e-03
	 1.431609e-03
	 1.497213e-03
	 1.564995e-03
	 1.633637e-03
	 1.701287e-03
	 1.765691e-03
	 1.824389e-03
	 1.874938e-03
	 1.915134e-03
	 1.943219e-03
	 1.958042e-03
	 1.959140e-03
	 1.946735e-03
	 1.921672e-03
	 1.885299e-03
	 1.839326e-03
	 1.785626e-03
	 1.726044e-03
	 1.662216e-03
	 1.595449e-03
	 1.526664e-03
	 1.456387e-03
	 1.384782e-03
	 1.311723e-03
	 1.236851e-03
	 1.159653e-03
	 1.079551e-03
	 9.960016e-04
	 9.086285e-04
	 8.173469e-04
	 7.224382e-04
	 6.245609e-04
	 5.247308e-04
	 4.243011e-04
	 3.249245e-04
	 2.284826e-04
	-7.592715e-04
	-7.430831e-04
	-7.262137e-04
	-7.087021e-04
	-6.905874e-04
	-6.719090e-04
	-6.527058e-04
	-6.330170e-04
	-6.128814e-04
	-5.923372e-04
	-5.714228e-04
	-5.501757e-04
	-5.286329e-04
	-5.068306e-04
	-4.848051e-04
	-4.625912e-04
	-4.402236e-04
	-4.177364e-04
	-3.951630e-04
	-3.725365e-04
	-3.498892e-04
	-3.272533e-04
	-3.046604e-04
	-2.821415e-04
	-2.597273e-04
	-2.374480e-04
	-2.153329e-04
	-1.934107e-04
	-1.717093e-04
	-1.502557e-04
	-1.290760e-04
	-1.081951e-04
	-8.763702e-05
	-6.742473e-05
	-4.758026e-05
	-2.812472e-05
	-9.077863e-06
	 9.545269e-06
	 2.774008e-05
	 4.552273e-05
	 6.293356e-05
	 8.004080e-05
	 9.697485e-05
	 1.139641e-04
	 1.313587e-04
	 1.496200e-04
	 1.692714e-04
	 1.908444e-04
	 2.148396e-04
	 2.417983e-04
	 2.722453e-04
	 3.065559e-04
	 3.449522e-04
	 3.875095e-04
	 4.341279e-04
	 4.846184e-04
	 5.387599e-04
	 5.962724e-04
	 6.568164e-04
	 7.199028e-04
	 7.849149e-04
	 8.512541e-04
	 9.184174e-04
	 9.861289e-04
	 1.054679e-03
	 1.124633e-03
	 1.196453e-03
	 1.270555e-03
	 1.346906e-03
	 1.424361e-03
	 1.500876e-03
	 1.573984e-03
	 1.640587e-03
	 1.696665e-03
	 1.737829e-03
	 1.759827e-03
	 1.758614e-03
	 1.731300e-03
	 1.676628e-03
	 1.594288e-03
	 1.484490e-03
	 1.347869e-03
	 1.186001e-03
	 1.001928e-03
	 8.000436e-04
	 5.852909e-04
	 3.623742e-04
	 1.359808e-04
	-8.942546e-05
	-3.098543e-04
	-5.214424e-04
	-7.201419e-04
	-9.021031e-04
	-1.063866e-03
	-1.202281e-03
	-1.314663e-03
	-1.398975e-03
	-1.454217e-03
	-1.480451e-03
	-1.478289e-03
	-1.448210e-03
	-1.390320e-03
	-1.304650e-03
	-1.190332e-03
	-1.044724e-03
	-8.636644e-04
	-6.417033e-04
	-3.716492e-04
	-4.418702e-05
	 3.517344e-04
	 8.283730e-04
	 1.398791e-03
	 2.076589e-03
	 2.875481e-03
	 3.808536e-03
	 4.887462e-03
	 6.122257e-03
	 7.521593e-03
	 9.092544e-03
	 1.083902e-02
	 1.276062e-02
	 1.485195e-02
	 1.710220e-02
	 1.949473e-02
	 2.200789e-02
	 2.461778e-02
	 2.730111e-02
	 3.003692e-02
	 3.280601e-02
	 3.558971e-02
	 3.836973e-02
	 4.112820e-02
	 4.384810e-02
	 4.651297e-02
	 4.910442e-02
	 5.159769e-02
	 5.395827e-02
	 5.614180e-02
	 5.809422e-02
	 5.975195e-02
	 6.104258e-02
	 6.188566e-02
	 6.219486e-02
	 6.188167e-02
	 6.085581e-02
	 5.903411e-02
	 5.634694e-02
	 5.274203e-02
	 4.818426e-02
	 4.265639e-02
	 3.616173e-02
	 2.872729e-02
	 2.040458e-02
	 1.126748e-02
	 1.409090e-03
	-9.061769e-03
	-2.002415e-02
	-3.134726e-02
	-4.289003e-02
	-5.450187e-02
	-6.602657e-02
	-7.730499e-02
	-8.817612e-02
	-9.847963e-02
	-1.080598e-01
	-1.167701e-01
	-1.244766e-01
	-1.310619e-01
	-1.364276e-01
	-1.404956e-01
	-1.432124e-01
	-1.445526e-01
	-1.445189e-01
	-1.431422e-01
	-1.404786e-01
	-1.366055e-01
	-1.316194e-01
	-1.256360e-01
	-1.187895e-01
	-1.112296e-01
	-1.031146e-01
	-9.460484e-02
	-8.585990e-02
	-7.703780e-02
	-6.829203e-02
	-5.976615e-02
	-5.158883e-02
	-4.387148e-02
	-3.670717e-02
	-3.016932e-02
	-2.430942e-02
	-1.915604e-02
	-1.471631e-02
	-1.097691e-02
	-7.904000e-03
	-5.444623e-03
	-3.530658e-03
	-2.082741e-03
	-1.013551e-03
	-2.307769e-04
	 3.600277e-04
	 8.526568e-04
	 1.337846e-03
	 1.901241e-03
	 2.621565e-03
	 3.568757e-03
	 4.802888e-03
	 6.373954e-03
	 8.321096e-03
	 1.067081e-02
	 1.343642e-02
	 1.661865e-02
	 2.020591e-02
	 2.417469e-02
	 2.849032e-02
	 3.310739e-02
	 3.797064e-02
	 4.301687e-02
	 4.817678e-02
	 5.337756e-02
	 5.854545e-02
	 6.360653e-02
	 6.848700e-02
	 7.311482e-02
	 7.742258e-02
	 8.135029e-02
	 8.484671e-02
	 8.787012e-02
	 9.038847e-02
	 9.237973e-02
	 9.383245e-02
	 9.474593e-02
	 9.513021e-02
	 9.500553e-02
	 9.440101e-02
	 9.335327e-02
	 9.190523e-02
	 9.010451e-02
	 8.800168e-02
	 8.564910e-02
	 8.309986e-02
	 8.040628e-02
	 7.761814e-02
	 7.478164e-02
	 7.193839e-02
	 6.912421e-02
	 6.636819e-02
	 6.369249e-02
	 6.111235e-02
	 5.863620e-02
	 5.626580e-02
	 5.399685e-02
	 5.181970e-02
	 4.972001e-02
	 4.767982e-02
	 4.567847e-02
	 4.369303e-02
	 4.169948e-02
	 3.967424e-02
	 3.759523e-02
	 3.544245e-02
	 3.319883e-02
	 3.085109e-02
	 2.838990e-02
	 2.581025e-02
	 2.311186e-02
	 2.029927e-02
	 1.738184e-02
	 1.437341e-02
	 1.129165e-02
	 8.157550e-03
	 4.994906e-03
	 1.829237e-03
	-1.313226e-03
	-4.406490e-03
	-7.425748e-03
	-1.034815e-02
	-1.315347e-02
	-1.582477e-02
	-1.834880e-02
	-2.071589e-02
	-2.292008e-02
	-2.495921e-02
	-2.683472e-02
	-2.855133e-02
	-3.011640e-02
	-3.153944e-02
	-3.283170e-02
	-3.400559e-02
	-3.507410e-02
	-3.605019e-02
	-3.694617e-02
	-3.777343e-02
	-3.854207e-02
	-3.926051e-02
	-3.993509e-02
	-4.057001e-02
	-4.116770e-02
	-4.172869e-02
	-4.225168e-02
	-4.273393e-02
	-4.317196e-02
	-4.356213e-02
	-4.390069e-02
	-4.418414e-02
	-4.440976e-02
	-4.457575e-02
	-4.468123e-02
	-4.472625e-02
	-4.471163e-02
	-4.463897e-02
	-4.451043e-02
	-4.432853e-02
	-4.409556e-02
	-4.381310e-02
	-4.348195e-02
	-4.310201e-02
	-4.267240e-02
	-4.219158e-02
	-4.165755e-02
	-4.106753e-02
	-4.041824e-02
	-3.970649e-02
	-3.892971e-02
	-3.808607e-02
	-3.717462e-02
	-3.619563e-02
	-3.515066e-02
	-3.404223e-02
	-3.287412e-02
	-3.165137e-02
	-3.038002e-02
	-2.906684e-02
	-2.771934e-02
	-2.634596e-02
	-2.495571e-02
	-2.355776e-02
	-2.216144e-02
	-2.077584e-02
	-1.940944e-02
	-1.806991e-02
	-1.676391e-02
	-1.549668e-02
	-1.427181e-02
	-1.309136e-02
	-1.195615e-02
	-1.086579e-02
	-9.818699e-03
	-8.812300e-03
	-7.843135e-03
	-6.906923e-03
	-5.998578e-03
	-5.112263e-03
	-4.241550e-03
	-3.379792e-03
	-2.520334e-03
	-1.656551e-03
	-7.820045e-04
	 1.091719e-04
	 1.021887e-03
	 1.960084e-03
	 2.926662e-03
	 3.923099e-03
	 4.949426e-03
	 6.004300e-03
	 7.084796e-03
	 8.186416e-03
	 9.303425e-03
	 1.042887e-02
	 1.155463e-02
	 1.267179e-02
	 1.377110e-02
	 1.484297e-02
	 1.587765e-02
	 1.686575e-02
	 1.779858e-02
	 1.866832e-02
	 1.946812e-02
	 2.019228e-02
	 2.083643e-02
	 2.139740e-02
	 2.187351e-02
	 2.226486e-02
	 2.257320e-02
	 2.280170e-02
	 2.295505e-02
	 2.303904e-02
	 2.306027e-02
	 2.302606e-02
	 2.294425e-02
	 2.282260e-02
	 2.266858e-02
	 2.248921e-02
	 2.229106e-02
	 2.208007e-02
	 2.186128e-02
	 2.163875e-02
	 2.141564e-02
	 2.119414e-02
	 2.097520e-02
	 2.075848e-02
	 2.054235e-02
	 2.032393e-02
	 2.009906e-02
	 1.986274e-02
	 1.960939e-02
	 1.933313e-02
	 1.902790e-02
	 1.868767e-02
	 1.830675e-02
	 1.788009e-02
	 1.740346e-02
	 1.687383e-02
	 1.628945e-02
	 1.565006e-02
	 1.495710e-02
	 1.421355e-02
	 1.342368e-02
	 1.259284e-02
	 1.172725e-02
	 1.083385e-02
	 9.920022e-03
	 8.993376e-03
	 8.061540e-03
	 7.131961e-03
	 6.211695e-03
	 5.307246e-03
	 4.424470e-03
	 3.568657e-03
	 2.744517e-03
	 1.956065e-03
	 1.206642e-03
	 4.989851e-04
	-1.647679e-04
	-7.830496e-04
	-1.354799e-03
	-1.879430e-03
	-2.356749e-03
	-2.786878e-03
	-3.170276e-03
	-3.507802e-03
	-3.800641e-03
	-4.050292e-03
	-4.258622e-03
	-4.427928e-03
	-4.560922e-03
	-4.660750e-03
	-4.730966e-03
	-4.775496e-03
	-4.798626e-03
	-4.804977e-03
	-4.799366e-03
	-4.786646e-03
	-4.771539e-03
	-4.758573e-03
	-4.751917e-03
	-4.755147e-03
	-4.771103e-03
	-4.801903e-03
	-4.848974e-03
	-4.912936e-03
	-4.993579e-03
	-5.089941e-03
	-5.200424e-03
	-5.322964e-03
	-5.455211e-03
	-5.594540e-03
	-5.738084e-03
	-5.882874e-03
	-6.025892e-03
	-6.164053e-03
	-6.294248e-03
	-6.413464e-03
	-6.518950e-03
	-6.608266e-03
	-6.679201e-03
	-6.729744e-03
	-6.758106e-03
	-6.762850e-03
	-6.742943e-03
	-6.697683e-03
	-6.626714e-03
	-6.530099e-03
	-6.408392e-03
	-6.262620e-03
	-6.094192e-03
	-5.904904e-03
	-5.696971e-03
	-5.472956e-03
	-5.235775e-03
	-4.988660e-03
	-4.735078e-03
	-4.478593e-03
	-4.222766e-03
	-3.971055e-03
	-3.726646e-03
	-3.492351e-03
	-3.270590e-03
	-3.063399e-03
	-2.872359e-03
	-2.698587e-03
	-2.542818e-03
	-2.405472e-03
	-2.286657e-03
	-2.186270e-03
	-2.104074e-03
	-2.039711e-03
	-1.992678e-03
	-1.962307e-03
	-1.947703e-03
	-1.947780e-03
	-1.961348e-03
	-1.397386e-05
	-5.044473e-05
	-8.617598e-05
	-1.211316e-04
	-1.552770e-04
	-1.885794e-04
	-2.210075e-04
	-2.525313e-04
	-2.831227e-04
	-3.127548e-04
	-3.414026e-04
	-3.690427e-04
	-3.956536e-04
	-4.212157e-04
	-4.457112e-04
	-4.691243e-04
	-4.914413e-04
	-5.126502e-04
	-5.327408e-04
	-5.517055e-04
	-5.695381e-04
	-5.862341e-04
	-6.017915e-04
	-6.162099e-04
	-6.294907e-04
	-6.416376e-04
	-6.526553e-04
	-6.625511e-04
	-6.713332e-04
	-6.790116e-04
	-6.855977e-04
	-6.911040e-04
	-6.955448e-04
	-6.989354e-04
	-7.012921e-04
	-7.026322e-04
	-7.029737e-04
	-7.023361e-04
	-7.007392e-04
	-6.982035e-04
	-6.947503e-04
	-6.904020e-04
	-6.851812e-04
	-6.791114e-04
	-6.722171e-04
	-6.645230e-04
	-6.560551e-04
	-6.468397e-04
	-6.369040e-04
	-6.262762e-04
	-6.149849e-04
	-6.030591e-04
	-5.905281e-04
	-5.774216e-04
	-5.637698e-04
	-5.496023e-04
	-5.349485e-04
	-5.198382e-04
	-5.043009e-04
	-4.883656e-04
	-4.720613e-04
	-4.554167e-04
	-4.384608e-04
	-4.212222e-04
	-4.037296e-04
	-3.860116e-04
	-3.680967e-04
	-3.500135e-04
	-3.317906e-04
	-3.134561e-04
	-2.950383e-04
	-2.765654e-04
	-2.580652e-04
	-2.395655e-04
	-2.210934e-04
	-2.026760e-04
	-1.843397e-04
	-1.661102e-04
	-1.480131e-04
	-1.300727e-04
	-1.123131e-04
	-9.475712e-05
	-7.742649e-05
	-6.033933e-05
	-4.350673e-05
	-2.692846e-05
	-1.059076e-05
	 5.535037e-06
	 2.149843e-05
	 3.737566e-05
	 5.326617e-05
	 6.927476e-05
	 8.548224e-05
	 1.019302e-04
	 1.186250e-04
	 1.355388e-04
	 1.526136e-04
	 1.697814e-04
	 1.869856e-04
	 2.041677e-04
	 2.212487e-04
	 2.381358e-04
	 2.547562e-04
	 2.710759e-04
	 2.870993e-04
	 3.028655e-04
	 3.184548e-04
	 3.339889e-04
	 3.496292e-04
	 3.655897e-04
	 3.821204e-04
	 3.994161e-04
	 4.175532e-04
	 4.364898e-04
	 4.560749e-04
	 4.760459e-04
	 4.960442e-04
	 5.156351e-04
	 5.342999e-04
	 5.514297e-04
	 5.663490e-04
	 5.783818e-04
	 5.869193e-04
	 5.914361e-04
	 5.914716e-04
	 5.866308e-04
	 5.766076e-04
	 5.612113e-04
	 5.404112e-04
	 5.143562e-04
	 4.833515e-04
	 4.478687e-04
	 4.085874e-04
	 3.663916e-04
	 3.223227e-04
	 2.775361e-04
	 2.332644e-04
	 1.907644e-04
	 1.512952e-04
	 1.161369e-04
	 8.661939e-05
	 6.411846e-05
	 5.008264e-05
	 4.609072e-05
	 5.394419e-05
	 7.566704e-05
	 1.133465e-04
	 1.690773e-04
	 2.450475e-04
	 3.434519e-04
	 4.662432e-04
	 6.150473e-04
	 7.911120e-04
	 9.951097e-04
	 1.227003e-03
	 1.486067e-03
	 1.770958e-03
	 2.079693e-03
	 2.409571e-03
	 2.757076e-03
	 3.117912e-03
	 3.487038e-03
	 3.858855e-03
	 4.227553e-03
	 4.587400e-03
	 4.932730e-03
	 5.257953e-03
	 5.557653e-03
	 5.826678e-03
	 6.060273e-03
	 6.254152e-03
	 6.404403e-03
	 6.507420e-03
	 6.560069e-03
	 6.559809e-03
	 6.504681e-03
	 6.393177e-03
	 6.224234e-03
	 5.997197e-03
	 5.711794e-03
	 5.368302e-03
	 4.967621e-03
	 4.511394e-03
	 4.002203e-03
	 3.443878e-03
	 2.841519e-03
	 2.201303e-03
	 1.530337e-03
	 8.367081e-04
	 1.294405e-04
	-5.818082e-04
	-1.287082e-03
	-1.976349e-03
	-2.640002e-03
	-3.269152e-03
	-3.855646e-03
	-4.392091e-03
	-4.872283e-03
	-5.291746e-03
	-5.647932e-03
	-5.940336e-03
	-6.170460e-03
	-6.341772e-03
	-6.459811e-03
	-6.532108e-03
	-6.568035e-03
	-6.578612e-03
	-6.576327e-03
	-6.574790e-03
	-6.587886e-03
	-6.628851e-03
	-6.709085e-03
	-6.837312e-03
	-7.019195e-03
	-7.257423e-03
	-7.551422e-03
	-7.897220e-03
	-8.287495e-03
	-8.712552e-03
	-9.161613e-03
	-9.623614e-03
	-1.008759e-02
	-1.054182e-02
	-1.097324e-02
	-1.136817e-02
	-1.171349e-02
	-1.199697e-02
	-1.220728e-02
	-1.233428e-02
	-1.236998e-02
	-1.230983e-02
	-1.215403e-02
	-1.190725e-02
	-1.157736e-02
	-1.117380e-02
	-1.070648e-02
	-1.018501e-02
	-9.618839e-03
	-9.018204e-03
	-8.393720e-03
	-7.755602e-03
	-7.113460e-03
	-6.475685e-03
	-5.849248e-03
	-5.240397e-03
	-4.654581e-03
	-4.095445e-03
	-3.564449e-03
	-3.062092e-03
	-2.588484e-03
	-2.142977e-03
	-1.724250e-03
	-1.330752e-03
	-9.610766e-04
	-6.135012e-04
	-2.849468e-04
	 2.988364e-05
	 3.383217e-04
	 6.485776e-04
	 9.689421e-04
	 1.306820e-03
	 1.667683e-03
	 2.054516e-03
	 2.467952e-03
	 2.907267e-03
	 3.371424e-03
	 3.859005e-03
	 4.367013e-03
	 4.890383e-03
	 5.422215e-03
	 5.954196e-03
	 6.477434e-03
	 6.983091e-03
	 7.462707e-03
	 7.908493e-03
	 8.313607e-03
	 8.672446e-03
	 8.980544e-03
	 9.234566e-03
	 9.432625e-03
	 9.574743e-03
	 9.662978e-03
	 9.701386e-03
	 9.696012e-03
	 9.654341e-03
	 9.584070e-03
	 9.492754e-03
	 9.388110e-03
	 9.278478e-03
	 9.172768e-03
	 9.079699e-03
	 9.006935e-03
	 8.960352e-03
	 8.944010e-03
	 8.960790e-03
	 9.012756e-03
	 9.100991e-03
	 9.225609e-03
	 9.385885e-03
	 9.580245e-03
	 9.806228e-03
	 1.006051e-02
	 1.033886e-02
	 1.063638e-02
	 1.094809e-02
	 1.126924e-02
	 1.159547e-02
	 1.192314e-02
	 1.224935e-02
	 1.257184e-02
	 1.288899e-02
	 1.319940e-02
	 1.350142e-02
	 1.379305e-02
	 1.407187e-02
	 1.433486e-02
	 1.457812e-02
	 1.479686e-02
	 1.498547e-02
	 1.513796e-02
	 1.524789e-02
	 1.530840e-02
	 1.531224e-02
	 1.525187e-02
	 1.511949e-02
	 1.490731e-02
	 1.460798e-02
	 1.421497e-02
	 1.372269e-02
	 1.312683e-02
	 1.242460e-02
	 1.161512e-02
	 1.069977e-02
	 9.682500e-03
	 8.569850e-03
	 7.370531e-03
	 6.095171e-03
	 4.756195e-03
	 3.367726e-03
	 1.945207e-03
	 5.051161e-04
	-9.353323e-04
	-2.358662e-03
	-3.747614e-03
	-5.085680e-03
	-6.357597e-03
	-7.549765e-03
	-8.650566e-03
	-9.650682e-03
	-1.054333e-02
	-1.132432e-02
	-1.199194e-02
	-1.254694e-02
	-1.299249e-02
	-1.333399e-02
	-1.357877e-02
	-1.373583e-02
	-1.381556e-02
	-1.382937e-02
	-1.378932e-02
	-1.370769e-02
	-1.359654e-02
	-1.346741e-02
	-1.333103e-02
	-1.319690e-02
	-1.307303e-02
	-1.296595e-02
	-1.288064e-02
	-1.282069e-02
	-1.278832e-02
	-1.278444e-02
	-1.280855e-02
	-1.285891e-02
	-1.293254e-02
	-1.302529e-02
	-1.313186e-02
	-1.324602e-02
	-1.336094e-02
	-1.346938e-02
	-1.356401e-02
	-1.363777e-02
	-1.368394e-02
	-1.369633e-02
	-1.366948e-02
	-1.359892e-02
	-1.348122e-02
	-1.331414e-02
	-1.309689e-02
	-1.283012e-02
	-1.251565e-02
	-1.215621e-02
	-1.175557e-02
	-1.131853e-02
	-1.085078e-02
	-1.035870e-02
	-9.849060e-03
	-9.328642e-03
	-8.803986e-03
	-8.281182e-03
	-7.765693e-03
	-7.262253e-03
	-6.774707e-03
	-6.305735e-03
	-5.856777e-03
	-5.428063e-03
	-5.018633e-03
	-4.626388e-03
	-4.248276e-03
	-3.880578e-03
	-3.519175e-03
	-3.159869e-03
	-2.798713e-03
	-2.432200e-03
	-2.057442e-03
	-1.672343e-03
	-1.275782e-03
	-8.677815e-04
	-4.494995e-04
	-2.304725e-05
	 4.087084e-04
	 8.422342e-04
	 1.273459e-03
	 1.697937e-03
	 2.111107e-03
	 2.508634e-03
	 2.886631e-03
	 3.241688e-03
	 3.570972e-03
	 3.872361e-03
	 4.144611e-03
	 4.387371e-03
	 4.601150e-03
	 4.787202e-03
	 4.947423e-03
	 5.084265e-03
	 5.200635e-03
	 5.299756e-03
	 5.384968e-03
	 5.459585e-03
	 5.526789e-03
	 5.589449e-03
	 5.650043e-03
	 5.710612e-03
	 5.772765e-03
	 5.837679e-03
	 5.906126e-03
	 5.978504e-03
	 6.054759e-03
	 6.134378e-03
	 6.216534e-03
	 6.300178e-03
	 6.384087e-03
	 6.466837e-03
	 6.546818e-03
	 6.622310e-03
	 6.691548e-03
	 6.752846e-03
	 6.804727e-03
	 6.845981e-03
	 6.875702e-03
	 6.893243e-03
	 6.898170e-03
	 6.890239e-03
	 6.869331e-03
	 6.835382e-03
	 6.788456e-03
	 6.728827e-03
	 6.656992e-03
	 6.573599e-03
	 6.479425e-03
	 6.375401e-03
	 6.262568e-03
	 6.141966e-03
	 6.014584e-03
	 5.881367e-03
	 5.743124e-03
	 5.600464e-03
	 5.453770e-03
	 5.303210e-03
	 5.148812e-03
	 4.990541e-03
	 4.828286e-03
	 4.661832e-03
	 4.490950e-03
	 4.315471e-03
	 4.135258e-03
	 3.950238e-03
	 3.760455e-03
	 3.566044e-03
	 3.367163e-03
	 3.164015e-03
	 2.956836e-03
	 2.745854e-03
	 2.531248e-03
	 2.313111e-03
	 2.091390e-03
	 1.865806e-03
	 1.635945e-03
	 1.401346e-03
	 1.161531e-03
	 9.160592e-04
	 6.646254e-04
	 4.071352e-04
	 1.437402e-04
	-1.250813e-04
	-3.985287e-04
	-6.755627e-04
	-9.549832e-04
	-1.235418e-03
	-1.515285e-03
	-1.792841e-03
	-2.066208e-03
