 	 1.882790e-05
 	 1.882485e-05
 	 1.880281e-05
 	 1.876166e-05
 	 1.870096e-05
 	 1.862014e-05
 	 1.851851e-05
 	 1.839536e-05
 	 1.825003e-05
 	 1.808199e-05
 	 1.789084e-05
 	 1.767640e-05
 	 1.743863e-05
 	 1.717776e-05
 	 1.689424e-05
 	 1.658886e-05
 	 1.626270e-05
 	 1.591725e-05
 	 1.555430e-05
 	 1.517588e-05
 	 1.478412e-05
 	 1.438117e-05
 	 1.396912e-05
 	 1.354997e-05
 	 1.312558e-05
 	 1.269773e-05
 	 1.226814e-05
 	 1.183853e-05
 	 1.141064e-05
 	 1.098628e-05
 	 1.056732e-05
 	 1.015569e-05
 	 9.753328e-06
 	 9.362091e-06
 	 8.983704e-06
 	 8.619629e-06
 	 8.270990e-06
 	 7.938537e-06
 	 7.622672e-06
 	 7.323515e-06
 	 7.040960e-06
 	 6.774730e-06
 	 6.524463e-06
 	 6.289799e-06
 	 6.070479e-06
 	 5.866439e-06
 	 5.677911e-06
 	 5.505427e-06
 	 5.349771e-06
 	 5.211900e-06
 	 5.092872e-06
 	 4.993825e-06
 	 4.916009e-06
 	 4.860829e-06
 	 4.829875e-06
 	 4.824890e-06
 	 4.847703e-06
 	 4.900143e-06
 	 4.983965e-06
 	 5.100742e-06
 	 5.251763e-06
 	 5.437901e-06
 	 5.659512e-06
 	 5.916142e-06
 	 6.205232e-06
 	 6.518545e-06
 	 6.836368e-06
 	 7.123703e-06
 	 7.321082e-06
 	 7.324709e-06
 	 6.974406e-06
 	 6.091953e-06
 	 4.527593e-06
 	 2.171616e-06
 	-1.035636e-06
 	-5.089498e-06
 	-9.919871e-06
 	-1.540114e-05
 	-2.135914e-05
 	-2.758395e-05
 	-3.384790e-05
 	-3.992073e-05
 	-4.559235e-05
 	-5.071315e-05
 	-5.521397e-05
 	-5.908788e-05
 	-6.237297e-05
 	-6.516139e-05
 	-6.760679e-05
 	-6.991583e-05
 	-7.229790e-05
 	-7.488779e-05
 	-7.772300e-05
 	-8.079160e-05
 	-8.408967e-05
 	-8.761566e-05
 	-9.132342e-05
 	-9.507127e-05
 	-9.860913e-05
 	-1.016030e-04
 	-1.036890e-04
 	-1.044732e-04
 	-1.034943e-04
 	-1.002159e-04
 	-9.407081e-05
 	-8.452282e-05
 	-7.115422e-05
 	-5.373275e-05
 	-3.221886e-05
 	-6.725230e-06
 	 2.249875e-05
 	 5.505569e-05
 	 9.038788e-05
 	 1.277823e-04
 	 1.663788e-04
 	 2.051872e-04
 	 2.431091e-04
 	 2.789216e-04
 	 3.112598e-04
 	 3.386459e-04
 	 3.595155e-04
 	 3.722418e-04
 	 3.751844e-04
 	 3.668119e-04
 	 3.457844e-04
 	 3.110332e-04
 	 2.617971e-04
 	 1.974818e-04
 	 1.174413e-04
 	 2.093240e-05
 	-9.287525e-05
 	-2.249165e-04
 	-3.761923e-04
 	-5.476127e-04
 	-7.398723e-04
 	-9.533192e-04
 	-1.187784e-03
 	-1.442541e-03
 	-1.716419e-03
 	-2.007916e-03
 	-2.315244e-03
 	-2.636306e-03
 	-2.968774e-03
 	-3.310212e-03
 	-3.658108e-03
 	-4.009768e-03
 	-4.362033e-03
 	-4.711036e-03
 	-5.052139e-03
 	-5.379932e-03
 	-5.688372e-03
 	-5.971168e-03
 	-6.222274e-03
 	-6.436195e-03
 	-6.608110e-03
 	-6.733851e-03
 	-6.809655e-03
 	-6.831754e-03
 	-6.796546e-03
 	-6.699797e-03
 	-6.537013e-03
 	-6.303228e-03
 	-5.993487e-03
 	-5.603374e-03
 	-5.129518e-03
 	-4.570012e-03
 	-3.924827e-03
 	-3.196233e-03
 	-2.389118e-03
 	-1.510928e-03
 	-5.711833e-04
 	 4.192333e-04
 	 1.448682e-03
 	 2.505271e-03
 	 3.577187e-03
 	 4.652933e-03
 	 5.721670e-03
 	 6.773611e-03
 	 7.800150e-03
 	 8.793804e-03
 	 9.748220e-03
 	 1.065835e-02
 	 1.152082e-02
 	 1.233432e-02
 	 1.309981e-02
 	 1.382021e-02
 	 1.449972e-02
 	 1.514253e-02
 	 1.575164e-02
 	 1.632783e-02
 	 1.686884e-02
 	 1.736900e-02
 	 1.781931e-02
 	 1.820766e-02
 	 1.851949e-02
 	 1.873874e-02
 	 1.884922e-02
 	 1.883578e-02
 	 1.868611e-02
 	 1.839164e-02
 	 1.794895e-02
 	 1.736035e-02
 	 1.663394e-02
 	 1.578324e-02
 	 1.482635e-02
 	 1.378499e-02
 	 1.268329e-02
 	 1.154654e-02
 	 1.039968e-02
 	 9.265819e-03
 	 8.164948e-03
 	 7.112838e-03
 	 6.120214e-03
 	 5.192254e-03
 	 4.328493e-03
 	 3.523128e-03
 	 2.765686e-03
 	 2.041954e-03
 	 1.335149e-03
 	 6.272858e-04
 	-9.956515e-05
 	-8.621966e-04
 	-1.675496e-03
 	-2.551955e-03
 	-3.501216e-03
 	-4.529506e-03
 	-5.638987e-03
 	-6.827238e-03
 	-8.087086e-03
 	-9.406735e-03
 	-1.077027e-02
 	-1.215868e-02
 	-1.355125e-02
 	-1.492720e-02
 	-1.626714e-02
 	-1.755416e-02
 	-1.877452e-02
 	-1.991777e-02
 	-2.097662e-02
 	-2.194642e-02
 	-2.282471e-02
 	-2.361068e-02
 	-2.430482e-02
 	-2.490884e-02
 	-2.542553e-02
 	-2.585878e-02
 	-2.621322e-02
 	-2.649375e-02
 	-2.670474e-02
 	-2.684944e-02
 	-2.692940e-02
 	-2.694416e-02
 	-2.689110e-02
 	-2.676501e-02
 	-2.655825e-02
 	-2.626078e-02
 	-2.586075e-02
 	-2.534520e-02
 	-2.470101e-02
 	-2.391585e-02
 	-2.297891e-02
 	-2.188175e-02
 	-2.061879e-02
 	-1.918796e-02
 	-1.759105e-02
 	-1.583399e-02
 	-1.392692e-02
 	-1.188409e-02
 	-9.723715e-03
 	-7.467512e-03
 	-5.140308e-03
 	-2.769450e-03
 	-3.841028e-04
 	 1.985579e-03
 	 4.309200e-03
 	 6.556880e-03
 	 8.700012e-03
 	 1.071190e-02
 	 1.256850e-02
 	 1.424889e-02
 	 1.573559e-02
 	 1.701473e-02
 	 1.807619e-02
 	 1.891355e-02
 	 1.952426e-02
 	 1.990961e-02
 	 2.007481e-02
 	 2.002839e-02
 	 1.978323e-02
 	 1.935496e-02
 	 1.876232e-02
 	 1.802666e-02
 	 1.717132e-02
 	 1.622121e-02
 	 1.520211e-02
 	 1.414007e-02
 	 1.306081e-02
 	 1.198906e-02
 	 1.094807e-02
 	 9.959158e-03
 	 9.041465e-03
 	 8.211754e-03
 	 7.484247e-03
 	 6.870418e-03
 	 6.378895e-03
 	 6.015457e-03
 	 5.783131e-03
 	 5.682208e-03
 	 5.710540e-03
 	 5.863131e-03
 	 6.132782e-03
 	 6.509961e-03
 	 6.983017e-03
 	 7.538278e-03
 	 8.160179e-03
 	 8.831515e-03
 	 9.533734e-03
 	 1.024730e-02
 	 1.095208e-02
 	 1.162788e-02
 	 1.225495e-02
 	 1.281464e-02
 	 1.328991e-02
 	 1.366586e-02
 	 1.393017e-02
 	 1.407341e-02
 	 1.408921e-02
 	 1.397448e-02
 	 1.372910e-02
 	 1.335603e-02
 	 1.286106e-02
 	 1.225255e-02
 	 1.154111e-02
 	 1.073910e-02
 	 9.860265e-03
 	 8.919202e-03
 	 7.930995e-03
 	 6.910836e-03
 	 5.873704e-03
 	 4.834044e-03
 	 3.805446e-03
 	 2.800404e-03
 	 1.830139e-03
 	 9.044820e-04
 	 3.177661e-05
 	-7.812060e-04
 	-1.529343e-03
 	-2.209239e-03
 	-2.819278e-03
 	-3.359614e-03
 	-3.832114e-03
 	-4.240217e-03
 	-4.588728e-03
 	-4.883579e-03
 	-5.131562e-03
 	-5.340056e-03
 	-5.516768e-03
 	-5.669491e-03
 	-5.805822e-03
 	-5.932875e-03
 	-6.057016e-03
 	-6.183602e-03
 	-6.316795e-03
 	-6.459415e-03
 	-6.612876e-03
 	-6.777161e-03
 	-6.950848e-03
 	-7.131178e-03
 	-7.314146e-03
 	-7.494624e-03
 	-7.666525e-03
 	-7.823067e-03
 	-7.957159e-03
 	-8.061834e-03
 	-8.130673e-03
 	-8.158201e-03
 	-8.140136e-03
 	-8.073687e-03
 	-7.957631e-03
 	-7.792372e-03
 	-7.579878e-03
 	-7.323535e-03
 	-7.027926e-03
 	-6.698616e-03
 	-6.341961e-03
 	-5.964908e-03
 	-5.574779e-03
 	-5.178995e-03
 	-4.784812e-03
 	-4.399119e-03
 	-4.028306e-03
 	-3.678174e-03
 	-3.353912e-03
 	-3.060088e-03
 	-2.800627e-03
 	-2.578752e-03
 	-2.396896e-03
 	-2.256586e-03
 	-2.158326e-03
 	-2.101506e-03
 	-2.084329e-03
 	-2.103781e-03
 	-2.155540e-03
 	-2.234085e-03
 	-2.332798e-03
 	-2.444191e-03
 	-2.560200e-03
 	-2.672518e-03
 	-2.772962e-03
 	-2.853815e-03
 	-2.908130e-03
 	-2.929955e-03
 	-2.914578e-03
 	-2.858605e-03
 	-2.760047e-03
 	-2.618293e-03
 	-2.434075e-03
 	-2.209405e-03
 	-1.947509e-03
 	-1.652726e-03
 	-1.330397e-03
 	-9.867230e-04
 	-6.286121e-04
 	-2.635421e-04
 	 1.005899e-04
 	 4.556392e-04
 	 7.933985e-04
 	 1.105828e-03
 	 1.385332e-03
 	 1.625077e-03
 	 1.819322e-03
 	 1.963701e-03
 	 2.055433e-03
 	 2.093441e-03
 	 2.078466e-03
 	 2.012823e-03
 	 1.900487e-03
 	 1.746712e-03
 	 1.557773e-03
 	 1.340631e-03
 	 1.102574e-03
 	 8.508585e-04
 	 5.923687e-04
 	 3.333708e-04
 	 7.937291e-05
 	-1.649356e-04
 	-3.956852e-04
 	-6.097707e-04
 	-8.047512e-04
 	-9.787332e-04
 	-1.130253e-03
 	-1.258148e-03
 	-1.361455e-03
 	-1.439335e-03
 	-1.491021e-03
 	-1.515793e-03
 	-1.512970e-03
 	-1.481998e-03
 	-1.422455e-03
 	-1.334165e-03
 	-1.217268e-03
 	-1.072323e-03
 	-9.004203e-04
 	-7.032769e-04
 	-4.833041e-04
 	-2.436338e-04
 	 1.189519e-05
 	 2.788011e-04
 	 5.520836e-04
 	 8.263890e-04
 	 1.096210e-03
 	 1.356093e-03
 	 1.600835e-03
 	 1.825674e-03
 	 2.026466e-03
 	 2.199858e-03
 	 2.343419e-03
 	 2.455743e-03
 	 2.536512e-03
 	 2.586494e-03
 	 2.607502e-03
 	 2.602283e-03
 	 2.574435e-03
 	 2.528210e-03
 	 2.468374e-03
 	 2.400004e-03
 	 2.328278e-03
 	 2.258259e-03
 	 2.194678e-03
 	 2.141742e-03
 	 2.102966e-03
 	 2.081017e-03
 	 2.077620e-03
 	 2.093401e-03
 	 2.127985e-03
 	 2.179899e-03
 	 2.246695e-03
 	 2.325067e-03
 	 2.411001e-03
 	 2.499965e-03
 	 2.587146e-03
 	 2.667705e-03
 	 2.737017e-03
 	 2.790866e-03
 	 2.825584e-03
 	 2.838160e-03
 	 2.826296e-03
 	 2.788504e-03
 	 2.724105e-03
 	 2.633283e-03
 	 2.517038e-03
 	 2.377114e-03
	-1.032017e-05
	-1.074095e-05
	-1.120413e-05
	-1.171115e-05
	-1.226187e-05
	-1.285456e-05
	-1.348578e-05
	-1.415029e-05
	-1.484105e-05
	-1.554931e-05
	-1.626485e-05
	-1.697619e-05
	-1.767085e-05
	-1.833577e-05
	-1.895768e-05
	-1.952355e-05
	-2.002099e-05
	-2.043863e-05
	-2.076648e-05
	-2.099627e-05
	-2.112174e-05
	-2.113877e-05
	-2.104555e-05
	-2.084257e-05
	-2.053272e-05
	-2.012116e-05
	-1.961513e-05
	-1.902368e-05
	-1.835733e-05
	-1.762772e-05
	-1.684721e-05
	-1.602853e-05
	-1.518447e-05
	-1.432765e-05
	-1.347021e-05
	-1.262359e-05
	-1.179826e-05
	-1.100346e-05
	-1.024708e-05
	-9.535472e-06
	-8.873482e-06
	-8.264527e-06
	-7.710773e-06
	-7.213258e-06
	-6.771947e-06
	-6.385835e-06
	-6.053046e-06
	-5.770920e-06
	-5.536113e-06
	-5.344661e-06
	-5.192048e-06
	-5.073276e-06
	-4.982940e-06
	-4.915330e-06
	-4.864491e-06
	-4.824255e-06
	-4.788178e-06
	-4.749503e-06
	-4.701153e-06
	-4.635741e-06
	-4.545645e-06
	-4.423111e-06
	-4.260425e-06
	-4.050142e-06
	-3.785337e-06
	-3.459849e-06
	-3.068502e-06
	-2.607292e-06
	-2.073525e-06
	-1.465938e-06
	-7.848020e-07
	-3.198601e-08
	 7.890101e-07
	 1.673056e-06
	 2.613428e-06
	 3.601926e-06
	 4.629144e-06
	 5.684809e-06
	 6.758087e-06
	 7.837843e-06
	 8.912943e-06
	 9.972512e-06
	 1.100616e-05
	 1.200387e-05
	 1.295544e-05
	 1.384924e-05
	 1.467083e-05
	 1.540231e-05
	 1.602171e-05
	 1.650194e-05
	 1.680829e-05
	 1.689941e-05
	 1.673494e-05
	 1.628479e-05
	 1.553547e-05
	 1.449182e-05
	 1.317447e-05
	 1.161631e-05
	 9.858949e-06
	 7.949754e-06
	 5.938339e-06
	 3.873508e-06
	 1.796513e-06
	-2.638782e-07
	-2.292881e-06
	-4.289677e-06
	-6.269153e-06
	-8.266969e-06
	-1.034238e-05
	-1.258007e-05
	-1.508410e-05
	-1.795918e-05
	-2.128805e-05
	-2.511051e-05
	-2.940811e-05
	-3.409461e-05
	-3.901382e-05
	-4.394894e-05
	-4.864126e-05
	-5.279911e-05
	-5.610949e-05
	-5.826059e-05
	-5.895482e-05
	-5.793163e-05
	-5.498844e-05
	-4.999266e-05
	-4.288171e-05
	-3.366483e-05
	-2.242228e-05
	-9.306349e-06
	 5.451818e-06
	 2.153092e-05
	 3.853241e-05
	 5.600990e-05
	 7.348855e-05
	 9.047201e-05
	 1.064507e-04
	 1.209138e-04
	 1.333604e-04
	 1.433164e-04
	 1.503479e-04
	 1.540517e-04
	 1.540339e-04
	 1.498960e-04
	 1.412124e-04
	 1.275130e-04
	 1.082908e-04
	 8.299626e-05
	 5.104037e-05
	 1.184228e-05
	-3.510366e-05
	-9.016624e-05
	-1.535320e-04
	-2.251736e-04
	-3.047854e-04
	-3.917740e-04
	-4.852851e-04
	-5.842327e-04
	-6.873050e-04
	-7.929734e-04
	-8.995716e-04
	-1.005421e-03
	-1.108891e-03
	-1.208373e-03
	-1.302267e-03
	-1.388944e-03
	-1.466680e-03
	-1.533638e-03
	-1.587902e-03
	-1.627531e-03
	-1.650624e-03
	-1.655377e-03
	-1.640192e-03
	-1.603720e-03
	-1.544968e-03
	-1.463245e-03
	-1.358056e-03
	-1.229071e-03
	-1.076137e-03
	-8.992843e-04
	-6.988335e-04
	-4.754632e-04
	-2.301911e-04
	 3.558273e-05
	 3.199860e-04
	 6.205466e-04
	 9.341344e-04
	 1.256961e-03
	 1.584689e-03
	 1.912666e-03
	 2.236153e-03
	 2.550488e-03
	 2.851203e-03
	 3.134160e-03
	 3.395675e-03
	 3.632649e-03
	 3.842701e-03
	 4.024309e-03
	 4.176842e-03
	 4.300602e-03
	 4.396854e-03
	 4.467763e-03
	 4.516337e-03
	 4.546318e-03
	 4.561956e-03
	 4.567656e-03
	 4.567526e-03
	 4.565017e-03
	 4.562683e-03
	 4.561938e-03
	 4.562802e-03
	 4.563759e-03
	 4.561726e-03
	 4.552136e-03
	 4.529027e-03
	 4.485219e-03
	 4.412726e-03
	 4.303236e-03
	 4.148488e-03
	 3.940699e-03
	 3.673047e-03
	 3.340077e-03
	 2.938141e-03
	 2.465783e-03
	 1.923900e-03
	 1.315826e-03
	 6.472585e-04
	-7.409909e-05
	-8.389113e-04
	-1.636483e-03
	-2.454957e-03
	-3.281488e-03
	-4.102670e-03
	-4.905113e-03
	-5.676014e-03
	-6.403517e-03
	-7.076929e-03
	-7.686847e-03
	-8.225162e-03
	-8.685117e-03
	-9.061638e-03
	-9.351580e-03
	-9.553703e-03
	-9.668502e-03
	-9.698029e-03
	-9.645079e-03
	-9.513459e-03
	-9.307140e-03
	-9.030481e-03
	-8.688100e-03
	-8.284722e-03
	-7.825148e-03
	-7.314358e-03
	-6.757627e-03
	-6.160695e-03
	-5.529870e-03
	-4.872018e-03
	-4.194514e-03
	-3.505185e-03
	-2.812263e-03
	-2.124302e-03
	-1.450054e-03
	-7.982046e-04
	-1.770563e-04
	 4.056733e-04
	 9.430025e-04
	 1.428727e-03
	 1.857350e-03
	 2.224019e-03
	 2.524514e-03
	 2.755302e-03
	 2.913596e-03
	 2.997436e-03
	 3.005852e-03
	 2.939060e-03
	 2.798860e-03
	 2.588684e-03
	 2.313828e-03
	 1.981548e-03
	 1.601019e-03
	 1.183224e-03
	 7.407768e-04
	 2.875398e-04
	-1.620251e-04
	-5.935928e-04
	-9.936062e-04
	-1.349771e-03
	-1.651394e-03
	-1.889610e-03
	-2.057563e-03
	-2.150575e-03
	-2.166167e-03
	-2.104151e-03
	-1.966271e-03
	-1.756081e-03
	-1.478499e-03
	-1.139441e-03
	-7.455229e-04
	-3.037978e-04
	 1.784743e-04
	 6.939710e-04
	 1.235362e-03
	 1.795321e-03
	 2.366503e-03
	 2.941520e-03
	 3.512935e-03
	 4.073333e-03
	 4.615459e-03
	 5.132399e-03
	 5.617724e-03
	 6.065611e-03
	 6.470913e-03
	 6.829179e-03
	 7.136643e-03
	 7.390169e-03
	 7.587196e-03
	 7.725715e-03
	 7.804231e-03
	 7.821789e-03
	 7.777847e-03
	 7.672539e-03
	 7.506505e-03
	 7.281102e-03
	 6.998519e-03
	 6.661875e-03
	 6.275306e-03
	 5.843986e-03
	 5.374024e-03
	 4.872238e-03
	 4.345866e-03
	 3.802276e-03
	 3.248705e-03
	 2.692059e-03
	 2.138753e-03
	 1.594666e-03
	 1.065183e-03
	 5.552965e-04
	 6.968325e-05
	-3.872539e-04
	-8.113618e-04
	-1.198764e-03
	-1.545941e-03
	-1.849855e-03
	-2.108114e-03
	-2.319166e-03
	-2.482445e-03
	-2.598469e-03
	-2.668915e-03
	-2.696660e-03
	-2.685895e-03
	-2.641786e-03
	-2.570585e-03
	-2.479183e-03
	-2.374832e-03
	-2.264795e-03
	-2.155979e-03
	-2.054590e-03
	-1.965819e-03
	-1.893579e-03
	-1.840325e-03
	-1.806978e-03
	-1.792957e-03
	-1.796278e-03
	-1.813731e-03
	-1.841052e-03
	-1.873166e-03
	-1.904512e-03
	-1.929399e-03
	-1.942375e-03
	-1.938641e-03
	-1.914276e-03
	-1.866597e-03
	-1.794259e-03
	-1.697341e-03
	-1.577357e-03
	-1.437208e-03
	-1.281099e-03
	-1.114393e-03
	-9.433821e-04
	-7.749983e-04
	-6.164631e-04
	-4.749220e-04
	-3.570785e-04
	-2.688460e-04
	-2.150440e-04
	-1.991266e-04
	-2.230140e-04
	-2.869044e-04
	-3.893071e-04
	-5.270822e-04
	-6.955813e-04
	-8.888076e-04
	-1.099646e-03
	-1.320150e-03
	-1.541853e-03
	-1.756117e-03
	-1.954505e-03
	-2.129161e-03
	-2.273161e-03
	-2.380814e-03
	-2.447946e-03
	-2.472079e-03
	-2.452607e-03
	-2.390763e-03
	-2.289611e-03
	-2.153881e-03
	-1.989736e-03
	-1.804439e-03
	-1.605945e-03
	-1.402467e-03
	-1.202012e-03
	-1.011949e-03
	-8.386429e-04
	-6.871786e-04
	-5.611972e-04
	-4.627996e-04
	-3.925473e-04
	-3.495428e-04
	-3.315744e-04
	-3.352497e-04
	-3.563478e-04
	-3.899306e-04
	-4.306962e-04
	-4.732343e-04
	-5.123043e-04
	-5.430758e-04
	-5.613222e-04
	-5.635671e-04
	-5.472949e-04
	-5.109428e-04
	-4.540324e-04
	-3.771084e-04
	-2.816416e-04
	-1.698709e-04
	-4.463073e-05
	 9.083045e-05
	 2.330242e-04
	 3.783938e-04
	 5.234743e-04
	 6.650132e-04
	 8.000451e-04
	 9.259242e-04
	 1.040336e-03
	 1.141311e-03
	 1.227230e-03
	 1.296834e-03
	 1.349208e-03
	 1.383758e-03
	 1.400192e-03
	 1.398551e-03
	 1.379138e-03
	 1.342627e-03
	 1.290016e-03
	 1.222656e-03
	 1.142252e-03
	 1.050849e-03
	 9.507865e-04
	 8.446283e-04
	 7.350730e-04
	 6.248514e-04
	 5.166210e-04
	 4.128760e-04
	 3.158693e-04
	 2.275245e-04
	 1.493532e-04
	 8.240057e-05
	 2.721574e-05
	-1.615597e-05
	-4.812931e-05
	-6.947826e-05
	-8.119189e-05
	-8.431043e-05
	-7.980510e-05
	-6.850716e-05
	-5.107344e-05
	-2.798815e-05
	 4.234107e-07
	 3.397623e-05
	 7.260303e-05
	 1.163332e-04
	 1.652681e-04
	 2.195464e-04
	 2.792920e-04
	 3.445500e-04
	 4.152294e-04
	 4.910533e-04
	 5.715184e-04
	 6.558537e-04
	 7.430020e-04
	 8.316476e-04
	 9.202680e-04
	 1.007194e-03
	 1.090675e-03
	 1.168943e-03
	 1.240280e-03
	 1.303069e-03
	 1.355858e-03
	 1.397443e-03
	 1.426940e-03
	 1.443818e-03
	 1.447893e-03
	 1.439300e-03
	 1.418495e-03
	 1.386209e-03
	 1.343431e-03
	 1.291388e-03
	 1.231517e-03
	 1.165435e-03
	 1.094873e-03
	 1.021603e-03
	 9.473708e-04
	 8.738373e-04
	 5.246297e-04
	 5.251901e-04
	 5.250051e-04
	 5.240911e-04
	 5.224648e-04
	 5.201431e-04
	 5.171432e-04
	 5.134824e-04
	 5.091782e-04
	 5.042481e-04
	 4.987096e-04
	 4.925801e-04
	 4.858773e-04
	 4.786184e-04
	 4.708210e-04
	 4.625026e-04
	 4.536807e-04
	 4.443733e-04
	 4.345986e-04
	 4.243751e-04
	 4.137219e-04
	 4.026585e-04
	 3.912054e-04
	 3.793837e-04
	 3.672155e-04
	 3.547237e-04
	 3.419319e-04
	 3.288646e-04
	 3.155467e-04
	 3.020037e-04
	 2.882612e-04
	 2.743453e-04
	 2.602814e-04
	 2.460953e-04
	 2.318124e-04
	 2.174576e-04
	 2.030557e-04
	 1.886308e-04
	 1.742066e-04
	 1.598064e-04
	 1.454526e-04
	 1.311673e-04
	 1.169719e-04
	 1.028871e-04
	 8.893293e-05
	 7.512845e-05
	 6.149188e-05
	 4.804048e-05
	 3.479035e-05
	 2.175596e-05
	 8.946430e-06
	-3.637339e-06
	-1.600174e-05
	-2.816607e-05
	-4.016580e-05
	-5.204089e-05
	-6.383336e-05
	-7.561051e-05
	-8.750369e-05
	-9.969805e-05
	-1.124049e-04
	-1.258710e-04
	-1.403879e-04
	-1.562560e-04
	-1.737293e-04
	-1.929836e-04
	-2.141007e-04
	-2.370758e-04
	-2.618287e-04
	-2.882302e-04
	-3.161083e-04
	-3.452730e-04
	-3.755159e-04
	-4.066006e-04
	-4.382830e-04
	-4.703440e-04
	-5.026134e-04
	-5.349631e-04
	-5.672566e-04
	-5.992879e-04
	-6.307678e-04
	-6.613686e-04
	-6.907507e-04
	-7.185715e-04
	-7.444826e-04
	-7.681429e-04
	-7.892872e-04
	-8.078164e-04
	-8.238195e-04
	-8.374839e-04
	-8.489741e-04
	-8.583755e-04
	-8.657023e-04
	-8.708637e-04
	-8.737289e-04
	-8.742242e-04
	-8.724710e-04
	-8.689620e-04
	-8.646470e-04
	-8.609541e-04
	-8.597198e-04
	-8.631134e-04
	-8.735885e-04
	-8.939315e-04
	-9.272944e-04
	-9.772383e-04
	-1.047724e-03
	-1.143033e-03
	-1.267721e-03
	-1.426412e-03
	-1.623480e-03
	-1.862676e-03
	-2.146681e-03
	-2.476815e-03
	-2.852765e-03
	-3.272529e-03
	-3.732747e-03
	-4.229063e-03
	-4.756338e-03
	-5.308798e-03
	-5.879974e-03
	-6.462655e-03
	-7.048929e-03
	-7.630273e-03
	-8.197803e-03
	-8.742587e-03
	-9.255673e-03
	-9.728043e-03
	-1.015047e-02
	-1.051336e-02
	-1.080679e-02
	-1.102078e-02
	-1.114567e-02
	-1.117232e-02
	-1.109192e-02
	-1.089676e-02
	-1.058000e-02
	-1.013609e-02
	-9.560679e-03
	-8.850246e-03
	-8.001952e-03
	-7.013691e-03
	-5.884124e-03
	-4.612678e-03
	-3.199528e-03
	-1.645518e-03
	 4.743985e-05
	 1.875760e-03
	 3.833781e-03
	 5.913312e-03
	 8.102953e-03
	 1.038729e-02
	 1.274607e-02
	 1.515405e-02
	 1.758163e-02
	 1.999556e-02
	 2.235966e-02
	 2.463526e-02
	 2.678227e-02
	 2.876076e-02
	 3.053240e-02
	 3.206190e-02
	 3.331821e-02
	 3.427533e-02
	 3.491266e-02
	 3.521525e-02
	 3.517353e-02
	 3.478337e-02
	 3.404501e-02
	 3.296345e-02
	 3.154819e-02
	 2.981330e-02
	 2.777745e-02
	 2.546408e-02
	 2.290175e-02
	 2.012428e-02
	 1.716995e-02
	 1.408042e-02
	 1.089985e-02
	 7.673402e-03
	 4.446140e-03
	 1.262255e-03
	-1.836027e-03
	-4.809533e-03
	-7.623111e-03
	-1.024655e-02
	-1.265508e-02
	-1.482985e-02
	-1.675803e-02
	-1.843231e-02
	-1.984983e-02
	-2.101137e-02
	-2.192110e-02
	-2.258665e-02
	-2.301918e-02
	-2.323281e-02
	-2.324431e-02
	-2.307331e-02
	-2.274144e-02
	-2.227253e-02
	-2.169245e-02
	-2.102874e-02
	-2.030987e-02
	-1.956427e-02
	-1.881880e-02
	-1.809731e-02
	-1.741986e-02
	-1.680272e-02
	-1.625836e-02
	-1.579506e-02
	-1.541619e-02
	-1.511978e-02
	-1.489861e-02
	-1.474092e-02
	-1.463118e-02
	-1.455035e-02
	-1.447626e-02
	-1.438440e-02
	-1.424909e-02
	-1.404484e-02
	-1.374764e-02
	-1.333607e-02
	-1.279247e-02
	-1.210400e-02
	-1.126363e-02
	-1.027069e-02
	-9.130825e-03
	-7.855567e-03
	-6.461641e-03
	-4.970068e-03
	-3.405305e-03
	-1.794316e-03
	-1.658142e-04
	 1.450535e-03
	 3.025061e-03
	 4.529068e-03
	 5.935806e-03
	 7.221367e-03
	 8.365472e-03
	 9.352078e-03
	 1.016962e-02
	 1.081107e-02
	 1.127395e-02
	 1.156001e-02
	 1.167462e-02
	 1.162659e-02
	 1.142702e-02
	 1.108981e-02
	 1.063115e-02
	 1.006925e-02
	 9.423911e-03
	 8.716164e-03
	 7.967770e-03
	 7.200765e-03
	 6.436723e-03
	 5.695906e-03
	 4.996593e-03
	 4.354531e-03
	 3.782517e-03
	 3.290204e-03
	 2.883859e-03
	 2.566303e-03
	 2.337175e-03
	 2.193222e-03
	 2.128728e-03
	 2.135987e-03
	 2.205862e-03
	 2.327979e-03
	 2.491129e-03
	 2.683497e-03
	 2.892915e-03
	 3.107258e-03
	 3.314857e-03
	 3.504859e-03
	 3.667662e-03
	 3.795171e-03
	 3.880940e-03
	 3.920406e-03
	 3.910986e-03
	 3.852211e-03
	 3.745387e-03
	 3.593482e-03
	 3.400872e-03
	 3.173119e-03
	 2.916665e-03
	 2.638465e-03
	 2.345748e-03
	 2.045835e-03
	 1.745993e-03
	 1.453353e-03
	 1.174869e-03
	 9.171733e-04
	 6.863482e-04
	 4.877637e-04
	 3.259463e-04
	 2.044729e-04
	 1.257994e-04
	 9.095246e-05
	 9.942993e-05
	 1.491216e-04
	 2.365363e-04
	 3.568105e-04
	 5.039326e-04
	 6.710197e-04
	 8.505867e-04
	 1.034794e-03
	 1.215685e-03
	 1.385422e-03
	 1.536519e-03
	 1.662165e-03
	 1.756503e-03
	 1.814810e-03
	 1.833630e-03
	 1.811052e-03
	 1.746532e-03
	 1.641138e-03
	 1.497454e-03
	 1.319463e-03
	 1.112323e-03
	 8.821905e-04
	 6.360340e-04
	 3.813815e-04
	 1.260285e-04
	-1.222915e-04
	-3.562600e-04
	-5.692477e-04
	-7.555216e-04
	-9.103545e-04
	-1.030101e-03
	-1.112310e-03
	-1.155787e-03
	-1.160663e-03
	-1.128466e-03
	-1.061921e-03
	-9.649852e-04
	-8.427681e-04
	-7.013475e-04
	-5.474801e-04
	-3.883191e-04
	-2.311091e-04
	-8.284231e-05
	 5.002029e-05
	 1.617579e-04
	 2.475657e-04
	 3.037742e-04
	 3.280049e-04
	 3.192070e-04
	 2.777521e-04
	 2.052769e-04
	 1.045502e-04
	-2.074890e-05
	-1.663048e-04
	-3.274650e-04
	-4.995140e-04
	-6.779129e-04
	-8.585492e-04
	-1.037906e-03
	-1.213143e-03
	-1.382164e-03
	-1.543622e-03
	-1.696897e-03
	-1.841978e-03
	-1.979257e-03
	-2.109299e-03
	-2.232608e-03
	-2.349471e-03
	-2.459862e-03
	-2.563338e-03
	-2.658953e-03
	-2.745224e-03
	-2.820228e-03
	-2.881776e-03
	-2.927596e-03
	-2.955504e-03
	-2.963582e-03
	-2.950294e-03
	-2.914507e-03
	-2.855541e-03
	-2.773226e-03
	-2.668015e-03
	-2.541065e-03
	-2.394269e-03
	-2.230158e-03
	-2.051715e-03
	-1.862201e-03
	-1.665002e-03
	-1.463509e-03
	-1.261014e-03
	-1.060557e-03
	-8.648007e-04
	-6.760304e-04
	-4.962476e-04
	-3.272363e-04
	-1.705806e-04
	-2.764486e-05
	 1.004636e-04
	 2.128679e-04
	 3.089027e-04
	 3.881370e-04
	 4.504276e-04
	 4.959698e-04
	 5.253140e-04
	 5.393844e-04
	 5.395173e-04
	 5.274633e-04
	 5.053941e-04
	 4.758513e-04
	 4.416040e-04
	 4.055598e-04
	 3.706370e-04
	 3.396361e-04
	 3.151430e-04
	 2.994292e-04
	 2.943960e-04
	 3.015432e-04
	 3.219815e-04
	 3.564379e-04
	 4.052965e-04
	 4.686248e-04
	 5.462098e-04
	 6.375956e-04
	 7.421031e-04
	 8.588145e-04
	 9.865216e-04
	 1.123699e-03
	 1.268488e-03
	 1.418672e-03
	 1.571710e-03
	 1.724795e-03
	 1.874898e-03
	 2.018863e-03
	 2.153532e-03
	 2.275828e-03
	 2.382794e-03
	 2.471646e-03
	 2.539816e-03
	 2.585042e-03
	 2.605454e-03
	 2.599685e-03
	 2.566910e-03
	 2.506922e-03
	 2.420151e-03
	 2.307659e-03
	 2.171126e-03
	 2.012798e-03
	 1.835398e-03
	 1.642042e-03
	 1.436161e-03
	 1.221427e-03
	 1.001681e-03
	 7.808360e-04
	 5.627578e-04
	 3.511504e-04
	 1.494878e-04
	-3.901768e-05
	-2.114338e-04
	-3.651397e-04
	-4.978863e-04
	-6.078336e-04
	-6.936305e-04
	-7.545123e-04
	-7.903333e-04
	-8.015581e-04
	-7.892707e-04
	-7.551014e-04
	-7.011924e-04
	-6.301042e-04
	-5.447327e-04
	-4.482479e-04
	-3.440311e-04
	-2.355779e-04
	-1.263965e-04
	-1.990392e-05
	 8.064235e-05
	 1.722045e-04
	 2.520044e-04
	 3.175391e-04
	 3.666400e-04
	 3.975019e-04
	 4.086697e-04
	 3.990419e-04
	 3.678772e-04
	 3.148138e-04
	 2.399034e-04
	 1.436399e-04
	 2.697639e-05
	-1.086829e-04
	-2.615063e-04
	-4.292359e-04
	-6.091910e-04
	-7.982803e-04
	-9.930691e-04
	-1.189900e-03
	-1.385010e-03
	-1.574659e-03
	-1.755279e-03
	-1.923569e-03
	-2.076544e-03
	-2.211591e-03
	-2.326515e-03
	-2.419567e-03
	-2.489469e-03
	-2.535407e-03
	-2.557038e-03
	-2.554493e-03
	-2.528309e-03
	-2.479484e-03
	-2.409357e-03
	-2.319546e-03
	-2.211876e-03
	-2.088320e-03
	-1.950965e-03
 	 3.814177e-06
 	 4.360734e-06
 	 4.922297e-06
 	 5.497360e-06
 	 6.084277e-06
 	 6.681214e-06
 	 7.286388e-06
 	 7.898414e-06
 	 8.516507e-06
 	 9.140190e-06
 	 9.768958e-06
 	 1.040217e-05
 	 1.103899e-05
 	 1.167863e-05
 	 1.232037e-05
 	 1.296348e-05
 	 1.360692e-05
 	 1.424897e-05
 	 1.488761e-05
 	 1.552133e-05
 	 1.614879e-05
 	 1.676787e-05
 	 1.737593e-05
 	 1.797054e-05
 	 1.854932e-05
 	 1.910944e-05
 	 1.964762e-05
 	 2.016087e-05
 	 2.064664e-05
 	 2.110262e-05
 	 2.152643e-05
 	 2.191580e-05
 	 2.226890e-05
 	 2.258466e-05
 	 2.286216e-05
 	 2.310046e-05
 	 2.329890e-05
 	 2.345713e-05
 	 2.357477e-05
 	 2.365179e-05
 	 2.368909e-05
 	 2.368812e-05
 	 2.365002e-05
 	 2.357577e-05
 	 2.346682e-05
 	 2.332533e-05
 	 2.315366e-05
 	 2.295386e-05
 	 2.272787e-05
 	 2.247816e-05
 	 2.220735e-05
 	 2.191730e-05
 	 2.160917e-05
 	 2.128406e-05
 	 2.094304e-05
 	 2.058662e-05
 	 2.021453e-05
 	 1.982640e-05
 	 1.942469e-05
 	 1.902191e-05
 	 1.865473e-05
 	 1.839406e-05
 	 1.834829e-05
 	 1.868863e-05
 	 1.968048e-05
 	 2.170694e-05
 	 2.517958e-05
 	 3.042890e-05
 	 3.766047e-05
 	 4.692884e-05
 	 5.811184e-05
 	 7.094051e-05
 	 8.504141e-05
 	 9.995048e-05
 	 1.151125e-04
 	 1.299169e-04
 	 1.437456e-04
 	 1.560537e-04
 	 1.664756e-04
 	 1.748614e-04
 	 1.812585e-04
 	 1.859127e-04
 	 1.892667e-04
 	 1.919501e-04
 	 1.947554e-04
 	 1.984870e-04
 	 2.037950e-04
 	 2.111267e-04
 	 2.207501e-04
 	 2.327982e-04
 	 2.471921e-04
 	 2.635016e-04
 	 2.808540e-04
 	 2.979803e-04
 	 3.133085e-04
 	 3.250873e-04
 	 3.315091e-04
 	 3.308484e-04
 	 3.215757e-04
 	 3.024068e-04
 	 2.723758e-04
 	 2.308892e-04
 	 1.777562e-04
 	 1.132307e-04
 	 3.803469e-05
 	-4.671207e-05
 	-1.395734e-04
 	-2.388476e-04
 	-3.425627e-04
 	-4.483935e-04
 	-5.536593e-04
 	-6.554688e-04
 	-7.508344e-04
 	-8.367416e-04
 	-9.101610e-04
 	-9.679597e-04
 	-1.006763e-03
 	-1.022981e-03
 	-1.013278e-03
 	-9.749983e-04
 	-9.064974e-04
 	-8.068189e-04
 	-6.752981e-04
 	-5.114303e-04
 	-3.148929e-04
 	-8.555547e-05
 	 1.764462e-04
 	 4.706430e-04
 	 7.960866e-04
 	 1.151114e-03
 	 1.533142e-03
 	 1.938756e-03
 	 2.364174e-03
 	 2.805592e-03
 	 3.259127e-03
 	 3.720732e-03
 	 4.186114e-03
 	 4.650577e-03
 	 5.109054e-03
 	 5.556101e-03
 	 5.985989e-03
 	 6.392898e-03
 	 6.771103e-03
 	 7.115126e-03
 	 7.419700e-03
 	 7.679581e-03
 	 7.889492e-03
 	 8.044016e-03
 	 8.137821e-03
 	 8.165703e-03
 	 8.121992e-03
 	 8.000443e-03
 	 7.793871e-03
 	 7.494974e-03
 	 7.097254e-03
 	 6.595784e-03
 	 5.987974e-03
 	 5.274238e-03
 	 4.458482e-03
 	 3.547950e-03
 	 2.552725e-03
 	 1.485136e-03
 	 3.587478e-04
 	-8.128387e-04
 	-2.016829e-03
 	-3.241358e-03
 	-4.475258e-03
 	-5.708080e-03
 	-6.930128e-03
 	-8.132473e-03
 	-9.306714e-03
 	-1.044478e-02
 	-1.153889e-02
 	-1.258200e-02
 	-1.356803e-02
 	-1.449171e-02
 	-1.534843e-02
 	-1.613477e-02
 	-1.684926e-02
 	-1.749218e-02
 	-1.806464e-02
 	-1.856793e-02
 	-1.900335e-02
 	-1.937158e-02
 	-1.967172e-02
 	-1.990057e-02
 	-2.005275e-02
 	-2.012144e-02
 	-2.009877e-02
 	-1.997656e-02
 	-1.974635e-02
 	-1.940041e-02
 	-1.893265e-02
 	-1.833926e-02
 	-1.761903e-02
 	-1.677370e-02
 	-1.580820e-02
 	-1.473127e-02
 	-1.355593e-02
 	-1.229982e-02
 	-1.098472e-02
 	-9.635168e-03
 	-8.276831e-03
 	-6.935126e-03
 	-5.634442e-03
 	-4.397380e-03
 	-3.243823e-03
 	-2.189644e-03
 	-1.245487e-03
 	-4.157613e-04
 	 3.022780e-04
 	 9.188802e-04
 	 1.451339e-03
 	 1.922950e-03
 	 2.361577e-03
 	 2.798242e-03
 	 3.265845e-03
 	 3.797794e-03
 	 4.426288e-03
 	 5.180534e-03
 	 6.084987e-03
 	 7.157891e-03
 	 8.410350e-03
 	 9.845247e-03
 	 1.145625e-02
 	 1.322756e-02
 	 1.513468e-02
 	 1.714662e-02
 	 1.922855e-02
 	 2.134394e-02
 	 2.345544e-02
 	 2.552524e-02
 	 2.751539e-02
 	 2.938857e-02
 	 3.110923e-02
 	 3.264497e-02
 	 3.396788e-02
 	 3.505562e-02
 	 3.589179e-02
 	 3.646582e-02
 	 3.677204e-02
 	 3.680877e-02
 	 3.657806e-02
 	 3.608478e-02
 	 3.533761e-02
 	 3.434934e-02
 	 3.313698e-02
 	 3.172122e-02
 	 3.012514e-02
 	 2.837265e-02
 	 2.648727e-02
 	 2.449145e-02
 	 2.240651e-02
 	 2.025291e-02
 	 1.805057e-02
 	 1.581879e-02
 	 1.357579e-02
 	 1.133808e-02
 	 9.120007e-03
 	 6.933744e-03
 	 4.789609e-03
 	 2.696667e-03
 	 6.633596e-04
 	-1.302165e-03
 	-3.192174e-03
 	-4.999756e-03
 	-6.719289e-03
 	-8.346770e-03
 	-9.879846e-03
 	-1.131761e-02
 	-1.266026e-02
 	-1.390856e-02
 	-1.506319e-02
 	-1.612424e-02
 	-1.709097e-02
 	-1.796191e-02
 	-1.873496e-02
 	-1.940784e-02
 	-1.997874e-02
 	-2.044687e-02
 	-2.081289e-02
 	-2.107895e-02
 	-2.124872e-02
 	-2.132719e-02
 	-2.132037e-02
 	-2.123484e-02
 	-2.107770e-02
 	-2.085601e-02
 	-2.057673e-02
 	-2.024657e-02
 	-1.987215e-02
 	-1.946016e-02
 	-1.901742e-02
 	-1.855092e-02
 	-1.806787e-02
 	-1.757574e-02
 	-1.708238e-02
 	-1.659580e-02
 	-1.612386e-02
 	-1.567384e-02
 	-1.525209e-02
 	-1.486381e-02
 	-1.451289e-02
 	-1.420164e-02
 	-1.393047e-02
 	-1.369756e-02
 	-1.349861e-02
 	-1.332686e-02
 	-1.317314e-02
 	-1.302614e-02
 	-1.287291e-02
 	-1.269953e-02
 	-1.249199e-02
 	-1.223698e-02
 	-1.192256e-02
 	-1.153857e-02
 	-1.107685e-02
 	-1.053133e-02
 	-9.898117e-03
 	-9.175506e-03
 	-8.363978e-03
 	-7.466245e-03
 	-6.487422e-03
 	-5.435110e-03
 	-4.319480e-03
 	-3.153231e-03
 	-1.951455e-03
 	-7.313893e-04
 	 4.880507e-04
 	 1.686905e-03
 	 2.844886e-03
 	 3.942030e-03
 	 4.959311e-03
 	 5.879236e-03
 	 6.686448e-03
 	 7.368407e-03
 	 7.916036e-03
 	 8.324272e-03
 	 8.592484e-03
 	 8.724684e-03
 	 8.729605e-03
 	 8.620247e-03
 	 8.413598e-03
 	 8.129712e-03
 	 7.790944e-03
 	 7.420974e-03
 	 7.043711e-03
 	 6.682143e-03
 	 6.357228e-03
 	 6.086996e-03
 	 5.885861e-03
 	 5.764173e-03
 	 5.728189e-03
 	 5.779265e-03
 	 5.915434e-03
 	 6.130305e-03
 	 6.414180e-03
 	 6.754474e-03
 	 7.136365e-03
 	 7.543579e-03
 	 7.959240e-03
 	 8.366776e-03
 	 8.750786e-03
 	 9.097698e-03
 	 9.396187e-03
 	 9.637391e-03
 	 9.814968e-03
 	 9.924934e-03
 	 9.965304e-03
 	 9.936211e-03
 	 9.838690e-03
 	 9.675429e-03
 	 9.450123e-03
 	 9.167569e-03
 	 8.833665e-03
 	 8.455392e-03
 	 8.040704e-03
 	 7.598342e-03
 	 7.137564e-03
 	 6.667751e-03
 	 6.197970e-03
 	 5.736586e-03
 	 5.291016e-03
 	 4.867587e-03
 	 4.471403e-03
 	 4.106231e-03
 	 3.774398e-03
 	 3.476793e-03
 	 3.213028e-03
 	 2.981701e-03
 	 2.780736e-03
 	 2.607724e-03
 	 2.460134e-03
 	 2.335335e-03
 	 2.230526e-03
 	 2.142675e-03
 	 2.068429e-03
 	 2.004084e-03
 	 1.945615e-03
 	 1.888774e-03
 	 1.829267e-03
 	 1.762913e-03
 	 1.685783e-03
 	 1.594286e-03
 	 1.485208e-03
 	 1.355728e-03
 	 1.203428e-03
 	 1.026298e-03
 	 8.228192e-04
 	 5.920485e-04
 	 3.337043e-04
 	 4.829165e-05
 	-2.627748e-04
 	-5.970670e-04
 	-9.510826e-04
 	-1.320242e-03
 	-1.698961e-03
 	-2.080819e-03
 	-2.458842e-03
 	-2.825890e-03
 	-3.175113e-03
 	-3.500395e-03
 	-3.796773e-03
 	-4.060761e-03
 	-4.290502e-03
 	-4.485781e-03
 	-4.647904e-03
 	-4.779550e-03
 	-4.884562e-03
 	-4.967624e-03
 	-5.033853e-03
 	-5.088342e-03
 	-5.135773e-03
 	-5.180056e-03
 	-5.224029e-03
 	-5.269203e-03
 	-5.315572e-03
 	-5.361550e-03
 	-5.404096e-03
 	-5.438959e-03
 	-5.460986e-03
 	-5.464425e-03
 	-5.443364e-03
 	-5.392030e-03
 	-5.305341e-03
 	-5.179296e-03
 	-5.011394e-03
 	-4.800898e-03
 	-4.548908e-03
 	-4.258258e-03
 	-3.933284e-03
 	-3.579499e-03
 	-3.203216e-03
 	-2.811149e-03
 	-2.410059e-03
 	-2.006422e-03
 	-1.606146e-03
 	-1.214329e-03
 	-8.350741e-04
 	-4.714203e-04
 	-1.253587e-04
 	 2.020544e-04
 	 5.105000e-04
 	 8.001270e-04
 	 1.071214e-03
 	 1.323800e-03
 	 1.557377e-03
 	 1.770704e-03
 	 1.961750e-03
 	 2.127793e-03
 	 2.265621e-03
 	 2.371830e-03
 	 2.443144e-03
 	 2.476765e-03
 	 2.470706e-03
 	 2.424030e-03
 	 2.337111e-03
 	 2.211690e-03
 	 2.050902e-03
 	 1.859188e-03
 	 1.642128e-03
 	 1.406178e-03
 	 1.158307e-03
 	 9.056138e-04
 	 6.549784e-04
 	 4.127641e-04
 	 1.845351e-04
 	-2.518773e-05
 	-2.130935e-04
 	-3.771145e-04
 	-5.163354e-04
 	-6.308610e-04
 	-7.216648e-04
 	-7.904031e-04
 	-8.392234e-04
 	-8.705871e-04
 	-8.870900e-04
 	-8.912901e-04
 	-8.855793e-04
 	-8.720349e-04
 	-8.523669e-04
 	-8.279121e-04
 	-7.996556e-04
 	-7.682472e-04
 	-7.340517e-04
 	-6.972370e-04
 	-6.578806e-04
 	-6.160827e-04
 	-5.720613e-04
 	-5.262001e-04
 	-4.790229e-04
 	-4.311537e-04
 	-1.685048e-05
 	-1.609873e-05
 	-1.531880e-05
 	-1.451507e-05
 	-1.369231e-05
 	-1.285552e-05
 	-1.200977e-05
 	-1.116013e-05
 	-1.031158e-05
 	-9.468999e-06
 	-8.637090e-06
 	-7.820396e-06
 	-7.023204e-06
 	-6.249489e-06
 	-5.502847e-06
 	-4.786479e-06
 	-4.103177e-06
 	-3.455324e-06
 	-2.844873e-06
 	-2.273323e-06
 	-1.741712e-06
 	-1.250611e-06
 	-8.001319e-07
 	-3.899573e-07
 	-1.938070e-08
 	 3.126246e-07
 	 6.073347e-07
 	 8.662129e-07
 	 1.090877e-06
 	 1.283124e-06
 	 1.444972e-06
 	 1.578720e-06
 	 1.687010e-06
 	 1.772868e-06
 	 1.839708e-06
 	 1.891280e-06
 	 1.931579e-06
 	 1.964699e-06
 	 1.994664e-06
 	 2.025259e-06
 	 2.059826e-06
 	 2.101096e-06
 	 2.151054e-06
 	 2.210853e-06
 	 2.280788e-06
 	 2.360283e-06
 	 2.447951e-06
 	 2.541701e-06
 	 2.638868e-06
 	 2.736331e-06
 	 2.830649e-06
 	 2.918181e-06
 	 2.995239e-06
 	 3.058228e-06
 	 3.104198e-06
 	 3.134571e-06
 	 3.160139e-06
 	 3.200391e-06
 	 3.284567e-06
 	 3.455200e-06
 	 3.759620e-06
 	 4.246787e-06
 	 4.996151e-06
 	 6.154595e-06
 	 7.915505e-06
 	 1.047173e-05
 	 1.400497e-05
 	 1.871551e-05
 	 2.483843e-05
 	 3.257486e-05
 	 4.202053e-05
 	 5.315747e-05
 	 6.589385e-05
 	 8.010531e-05
 	 9.563265e-05
 	 1.122456e-04
 	 1.296643e-04
 	 1.475879e-04
 	 1.656765e-04
 	 1.835547e-04
 	 2.008848e-04
 	 2.174559e-04
 	 2.331775e-04
 	 2.479590e-04
 	 2.616224e-04
 	 2.739320e-04
 	 2.846717e-04
 	 2.936246e-04
 	 3.005223e-04
 	 3.050452e-04
 	 3.068380e-04
 	 3.055383e-04
 	 3.008124e-04
 	 2.923688e-04
 	 2.799534e-04
 	 2.633716e-04
 	 2.425634e-04
 	 2.176466e-04
 	 1.889055e-04
 	 1.568275e-04
 	 1.221400e-04
 	 8.583022e-05
 	 4.918793e-05
 	 1.386427e-05
 	-1.815571e-05
 	-4.468174e-05
 	-6.334156e-05
 	-7.148402e-05
 	-6.607822e-05
 	-4.348218e-05
 	 7.873636e-07
 	 7.209042e-05
 	 1.765036e-04
 	 3.206845e-04
 	 5.117591e-04
 	 7.571071e-04
 	 1.063839e-03
 	 1.437892e-03
 	 1.883259e-03
 	 2.401677e-03
 	 2.992576e-03
 	 3.653077e-03
 	 4.378207e-03
 	 5.161050e-03
 	 5.992596e-03
 	 6.861729e-03
 	 7.755375e-03
 	 8.658675e-03
 	 9.555533e-03
 	 1.042952e-02
 	 1.126447e-02
 	 1.204474e-02
 	 1.275547e-02
 	 1.338296e-02
 	 1.391471e-02
 	 1.433961e-02
 	 1.464800e-02
 	 1.483142e-02
 	 1.488267e-02
 	 1.479584e-02
 	 1.456721e-02
 	 1.419450e-02
 	 1.367680e-02
 	 1.301436e-02
 	 1.220839e-02
 	 1.126046e-02
 	 1.017201e-02
 	 8.944402e-03
 	 7.579020e-03
 	 6.077372e-03
 	 4.441059e-03
 	 2.671839e-03
 	 7.718526e-04
 	-1.255951e-03
 	-3.407418e-03
 	-5.677350e-03
 	-8.059471e-03
 	-1.054617e-02
 	-1.312850e-02
 	-1.579563e-02
 	-1.853359e-02
 	-2.132415e-02
 	-2.414447e-02
 	-2.696801e-02
 	-2.976556e-02
 	-3.250608e-02
 	-3.515779e-02
 	-3.768977e-02
 	-4.007271e-02
 	-4.227906e-02
 	-4.428275e-02
 	-4.605900e-02
 	-4.758383e-02
 	-4.883343e-02
 	-4.978339e-02
 	-5.040892e-02
 	-5.068641e-02
 	-5.059350e-02
 	-5.011241e-02
 	-4.922846e-02
 	-4.793263e-02
 	-4.622218e-02
 	-4.410140e-02
 	-4.158164e-02
 	-3.868079e-02
 	-3.542285e-02
 	-3.183789e-02
 	-2.796199e-02
 	-2.383698e-02
 	-1.950968e-02
 	-1.503046e-02
 	-1.045135e-02
 	-5.824677e-03
 	-1.202189e-03
 	 3.365822e-03
 	 7.831563e-03
 	 1.215085e-02
 	 1.628404e-02
 	 2.019670e-02
 	 2.386013e-02
 	 2.725191e-02
 	 3.035635e-02
 	 3.316480e-02
 	 3.567532e-02
 	 3.789220e-02
 	 3.982565e-02
 	 4.149102e-02
 	 4.290788e-02
 	 4.409879e-02
 	 4.508802e-02
 	 4.590021e-02
 	 4.655931e-02
 	 4.708771e-02
 	 4.750548e-02
 	 4.782999e-02
 	 4.807553e-02
 	 4.825275e-02
 	 4.836796e-02
 	 4.842314e-02
 	 4.841631e-02
 	 4.834178e-02
 	 4.819014e-02
 	 4.794814e-02
 	 4.759943e-02
 	 4.712539e-02
 	 4.650614e-02
 	 4.572127e-02
 	 4.475052e-02
 	 4.357439e-02
 	 4.217493e-02
 	 4.053652e-02
 	 3.864649e-02
 	 3.649564e-02
 	 3.407870e-02
 	 3.139507e-02
 	 2.844963e-02
 	 2.525343e-02
 	 2.182426e-02
 	 1.818686e-02
 	 1.437288e-02
 	 1.042040e-02
 	 6.373380e-03
 	 2.281002e-03
 	-1.803187e-03
 	-5.822664e-03
 	-9.719848e-03
 	-1.343803e-02
 	-1.692313e-02
 	-2.012516e-02
 	-2.299962e-02
 	-2.550872e-02
 	-2.762259e-02
 	-2.932055e-02
 	-3.059209e-02
 	-3.143751e-02
 	-3.186810e-02
 	-3.190538e-02
 	-3.158066e-02
 	-3.093274e-02
 	-3.000691e-02
 	-2.885271e-02
 	-2.752194e-02
 	-2.606648e-02
 	-2.453641e-02
 	-2.297857e-02
 	-2.143546e-02
 	-1.994462e-02
 	-1.853822e-02
 	-1.724263e-02
 	-1.607807e-02
 	-1.505858e-02
 	-1.419234e-02
 	-1.348181e-02
 	-1.292404e-02
 	-1.251132e-02
 	-1.223203e-02
 	-1.207149e-02
 	-1.201285e-02
 	-1.203807e-02
 	-1.212865e-02
 	-1.226678e-02
 	-1.243580e-02
 	-1.262061e-02
 	-1.280788e-02
 	-1.298596e-02
 	-1.314458e-02
 	-1.327458e-02
 	-1.336791e-02
 	-1.341768e-02
 	-1.341808e-02
 	-1.336419e-02
 	-1.325211e-02
 	-1.307891e-02
 	-1.284293e-02
 	-1.254383e-02
 	-1.218255e-02
 	-1.176105e-02
 	-1.128214e-02
 	-1.074938e-02
 	-1.016715e-02
 	-9.540780e-03
 	-8.876699e-03
 	-8.182477e-03
 	-7.466693e-03
 	-6.738676e-03
 	-6.008016e-03
 	-5.284056e-03
 	-4.575462e-03
 	-3.889843e-03
 	-3.233452e-03
 	-2.610992e-03
 	-2.025596e-03
 	-1.478883e-03
 	-9.710788e-04
 	-5.011772e-04
 	-6.707774e-05
 	 3.343779e-04
 	 7.073745e-04
 	 1.057004e-03
 	 1.389032e-03
 	 1.709511e-03
 	 2.024273e-03
 	 2.338450e-03
 	 2.656063e-03
 	 2.979695e-03
 	 3.310309e-03
 	 3.647145e-03
 	 3.987683e-03
 	 4.327700e-03
 	 4.661466e-03
 	 4.982099e-03
 	 5.282027e-03
 	 5.553513e-03
 	 5.789220e-03
 	 5.982703e-03
 	 6.128803e-03
 	 6.223925e-03
 	 6.266288e-03
 	 6.255960e-03
 	 6.195034e-03
 	 6.087351e-03
 	 5.938417e-03
 	 5.755214e-03
 	 5.545944e-03
 	 5.319752e-03
 	 5.086393e-03
 	 4.855899e-03
 	 4.638233e-03
 	 4.442913e-03
 	 4.278644e-03
 	 4.153012e-03
 	 4.072182e-03
 	 4.040655e-03
 	 4.060876e-03
 	 4.133459e-03
 	 4.256954e-03
 	 4.428019e-03
 	 4.641509e-03
 	 4.890709e-03
 	 5.167657e-03
 	 5.463477e-03
 	 5.768709e-03
 	 6.073718e-03
 	 6.369120e-03
 	 6.646246e-03
 	 6.897544e-03
 	 7.116843e-03
 	 7.299481e-03
 	 7.442310e-03
 	 7.543552e-03
 	 7.602577e-03
 	 7.619679e-03
 	 7.595959e-03
 	 7.532936e-03
 	 7.432422e-03
 	 7.296288e-03
 	 7.126407e-03
 	 6.924695e-03
 	 6.693211e-03
 	 6.434238e-03
 	 6.150346e-03
 	 5.844440e-03
 	 5.519774e-03
 	 5.179966e-03
 	 4.828924e-03
 	 4.470722e-03
 	 4.109420e-03
 	 3.748843e-03
 	 3.392426e-03
 	 3.043149e-03
 	 2.703554e-03
 	 2.375809e-03
 	 2.061769e-03
 	 1.762956e-03
 	 1.480476e-03
 	 1.214904e-03
 	 9.662376e-04
 	 7.339509e-04
 	 5.171606e-04
 	 3.147829e-04
 	 1.256653e-04
 	-5.131880e-05
 	-2.172298e-04
 	-3.730493e-04
 	-5.196871e-04
 	-6.579868e-04
 	-7.887250e-04
 	-9.126478e-04
 	-1.030567e-03
 	-1.143420e-03
 	-1.252243e-03
 	-1.358128e-03
 	-1.462186e-03
 	-1.565445e-03
 	-1.668721e-03
 	-1.772506e-03
 	-1.876984e-03
 	-1.982047e-03
 	-2.087282e-03
 	-2.191971e-03
 	-2.295080e-03
 	-2.395277e-03
 	-2.490967e-03
 	-2.580401e-03
 	-2.661843e-03
 	-2.733758e-03
 	-2.795028e-03
 	-2.845083e-03
 	-2.883969e-03
 	-2.912374e-03
 	-2.931557e-03
 	-2.943174e-03
 	-2.949094e-03
 	-2.951184e-03
 	-2.951081e-03
 	-2.950063e-03
 	-2.948996e-03
 	-2.948395e-03
 	-2.948529e-03
 	-2.949538e-03
 	-2.951497e-03
 	-2.954452e-03
 	-2.958411e-03
 	-2.963315e-03
 	-2.968968e-03
 	-2.974988e-03
 	-2.980768e-03
 	-2.985471e-03
 	-2.988050e-03
 	-2.987290e-03
 	-2.981880e-03
 	-2.970479e-03
 	-2.951792e-03
 	-2.924659e-03
 	-2.888108e-03
 	-2.841359e-03
 	-2.783823e-03
 	-2.715119e-03
 	-2.635137e-03
 	-2.544090e-03
 	-2.442540e-03
 	-2.331389e-03
 	-2.211849e-03
 	-2.085408e-03
 	-1.953810e-03
 	-1.819035e-03
 	-1.683269e-03
 	-1.548843e-03
 	-1.418139e-03
 	-1.293487e-03
 	-1.177049e-03
 	-1.070720e-03
 	-9.760773e-04
 	-8.943577e-04
 	-8.264221e-04
 	-7.727719e-04
 	-7.335960e-04
 	-7.087979e-04
 	-6.980011e-04
 	-7.005263e-04
 	-7.153889e-04
 	-7.412775e-04
 	-7.766277e-04
 	-8.196046e-04
 	-8.680667e-04
 	-9.195483e-04
 	-9.712900e-04
 	-1.020303e-03
 	-1.063454e-03
 	-1.097573e-03
 	-1.119565e-03
 	-1.126512e-03
 	-1.115790e-03
 	-1.085198e-03
 	-1.033076e-03
 	-9.584171e-04
 	-8.609360e-04
 	-7.411262e-04
 	-6.002607e-04
 	-4.403729e-04
 	-2.642045e-04
 	-7.510254e-05
 	 1.231477e-04
 	 3.265362e-04
 	 5.310306e-04
 	 7.327542e-04
 	 9.281348e-04
 	 1.114030e-03
 	 1.287809e-03
 	 1.447369e-03
 	 1.591117e-03
 	 1.717950e-03
 	-1.922076e-07
 	-2.776570e-07
 	-3.620762e-07
 	-4.469990e-07
 	-5.338717e-07
 	-6.240778e-07
 	-7.189684e-07
 	-8.198876e-07
 	-9.281867e-07
 	-1.045230e-06
 	-1.172400e-06
 	-1.311075e-06
 	-1.462590e-06
 	-1.628182e-06
 	-1.808937e-06
 	-2.005746e-06
 	-2.219262e-06
 	-2.449849e-06
 	-2.697537e-06
 	-2.961965e-06
 	-3.242360e-06
 	-3.537520e-06
 	-3.845810e-06
 	-4.165168e-06
 	-4.493144e-06
 	-4.826933e-06
 	-5.163413e-06
 	-5.499182e-06
 	-5.830589e-06
 	-6.153786e-06
 	-6.464801e-06
 	-6.759628e-06
 	-7.034327e-06
 	-7.285127e-06
 	-7.508520e-06
 	-7.701376e-06
 	-7.861030e-06
 	-7.985355e-06
 	-8.072793e-06
 	-8.122352e-06
 	-8.133627e-06
 	-8.106807e-06
 	-8.042717e-06
 	-7.942841e-06
 	-7.809343e-06
 	-7.645051e-06
 	-7.453367e-06
 	-7.238162e-06
 	-7.003643e-06
 	-6.754223e-06
 	-6.494432e-06
 	-6.228774e-06
 	-5.961616e-06
 	-5.697087e-06
 	-5.438991e-06
 	-5.190725e-06
 	-4.955214e-06
 	-4.734846e-06
 	-4.531433e-06
 	-4.346201e-06
 	-4.179782e-06
 	-4.032216e-06
 	-3.902956e-06
 	-3.790896e-06
 	-3.694406e-06
 	-3.611357e-06
 	-3.539178e-06
 	-3.474935e-06
 	-3.415429e-06
 	-3.357300e-06
 	-3.297125e-06
 	-3.231513e-06
 	-3.157204e-06
 	-3.071162e-06
 	-2.970663e-06
 	-2.853367e-06
 	-2.717393e-06
 	-2.561381e-06
 	-2.384520e-06
 	-2.186551e-06
 	-1.967733e-06
 	-1.728782e-06
 	-1.470801e-06
 	-1.195184e-06
 	-9.035180e-07
 	-5.974662e-07
 	-2.786526e-07
 	 5.173731e-08
 	 3.947170e-07
 	 7.546435e-07
 	 1.139287e-06
 	 1.562500e-06
 	 2.043134e-06
 	 2.600612e-06
 	 3.256407e-06
 	 4.043450e-06
 	 5.016022e-06
 	 6.239890e-06
 	 7.773238e-06
 	 9.662377e-06
 	 1.195034e-05
 	 1.468275e-05
 	 1.789922e-05
 	 2.161844e-05
 	 2.583107e-05
 	 3.050243e-05
 	 3.558578e-05
 	 4.103218e-05
 	 4.678954e-05
 	 5.280437e-05
 	 5.902058e-05
 	 6.537489e-05
 	 7.180263e-05
 	 7.825858e-05
 	 8.473070e-05
 	 9.122211e-05
 	 9.771880e-05
 	 1.041720e-04
 	 1.104996e-04
 	 1.165917e-04
 	 1.222990e-04
 	 1.274131e-04
 	 1.316574e-04
 	 1.347071e-04
 	 1.362367e-04
 	 1.359477e-04
 	 1.335596e-04
 	 1.288046e-04
 	 1.214432e-04
 	 1.112993e-04
 	 9.830522e-05
 	 8.255635e-05
 	 6.437681e-05
 	 4.439064e-05
 	 2.355657e-05
 	 3.182461e-06
 	-1.507213e-05
 	-2.920902e-05
 	-3.690935e-05
 	-3.550548e-05
 	-2.196340e-05
 	 7.104343e-06
 	 5.533779e-05
 	 1.264805e-04
 	 2.242478e-04
 	 3.521467e-04
 	 5.132111e-04
 	 7.097171e-04
 	 9.430447e-04
 	 1.213670e-03
 	 1.521081e-03
 	 1.863649e-03
 	 2.238485e-03
 	 2.641280e-03
 	 3.066297e-03
 	 3.506514e-03
 	 3.953823e-03
 	 4.399147e-03
 	 4.832550e-03
 	 5.243388e-03
 	 5.620559e-03
 	 5.952834e-03
 	 6.229170e-03
 	 6.438991e-03
 	 6.572477e-03
 	 6.620914e-03
 	 6.577068e-03
 	 6.435502e-03
 	 6.192737e-03
 	 5.847328e-03
 	 5.399795e-03
 	 4.852588e-03
 	 4.209999e-03
 	 3.478008e-03
 	 2.664211e-03
 	 1.777858e-03
 	 8.299056e-04
 	-1.670668e-04
 	-1.199092e-03
 	-2.251054e-03
 	-3.306993e-03
 	-4.350478e-03
 	-5.365155e-03
 	-6.335380e-03
 	-7.246860e-03
 	-8.087119e-03
 	-8.845720e-03
 	-9.514380e-03
 	-1.008697e-02
 	-1.055938e-02
 	-1.092936e-02
 	-1.119646e-02
 	-1.136220e-02
 	-1.143026e-02
 	-1.140662e-02
 	-1.129969e-02
 	-1.112012e-02
 	-1.088074e-02
 	-1.059634e-02
 	-1.028346e-02
 	-9.960219e-03
 	-9.646177e-03
 	-9.362202e-03
 	-9.130063e-03
 	-8.971489e-03
 	-8.906511e-03
 	-8.951627e-03
 	-9.118111e-03
 	-9.410888e-03
 	-9.827704e-03
 	-1.035905e-02
 	-1.098851e-02
 	-1.169336e-02
 	-1.244510e-02
 	-1.320996e-02
 	-1.394956e-02
 	-1.462197e-02
 	-1.518337e-02
 	-1.559005e-02
 	-1.580055e-02
 	-1.577785e-02
 	-1.549120e-02
 	-1.491743e-02
 	-1.404187e-02
 	-1.285880e-02
 	-1.137176e-02
 	-9.593386e-03
 	-7.544807e-03
 	-5.254772e-03
 	-2.758598e-03
 	-9.695436e-05
 	 2.685328e-03
 	 5.540450e-03
 	 8.418793e-03
 	 1.126992e-02
 	 1.404348e-02
 	 1.669015e-02
 	 1.916280e-02
 	 2.141757e-02
 	 2.341482e-02
 	 2.512003e-02
 	 2.650447e-02
 	 2.754596e-02
 	 2.822952e-02
 	 2.854799e-02
 	 2.850249e-02
 	 2.810239e-02
 	 2.736532e-02
 	 2.631669e-02
 	 2.498909e-02
 	 2.342143e-02
 	 2.165788e-02
 	 1.974651e-02
 	 1.773779e-02
 	 1.568334e-02
 	 1.363463e-02
 	 1.164182e-02
 	 9.752417e-03
 	 8.009923e-03
 	 6.452691e-03
 	 5.113050e-03
 	 4.016885e-03
 	 3.183473e-03
 	 2.625532e-03
 	 2.349307e-03
 	 2.354551e-03
 	 2.634652e-03
 	 3.176760e-03
 	 3.962075e-03
 	 4.966323e-03
 	 6.160565e-03
 	 7.512132e-03
 	 8.985744e-03
 	 1.054471e-02
 	 1.215198e-02
 	 1.377090e-02
 	 1.536555e-02
 	 1.690101e-02
 	 1.834348e-02
 	 1.966035e-02
 	 2.082051e-02
 	 2.179434e-02
 	 2.255372e-02
 	 2.307201e-02
 	 2.332423e-02
 	 2.328789e-02
 	 2.294387e-02
 	 2.227751e-02
 	 2.127948e-02
 	 1.994636e-02
 	 1.828119e-02
 	 1.629384e-02
 	 1.400117e-02
 	 1.142699e-02
 	 8.601758e-03
 	 5.561793e-03
 	 2.348364e-03
 	-9.934248e-04
 	-4.415775e-03
 	-7.869370e-03
 	-1.130453e-02
 	-1.467228e-02
 	-1.792528e-02
 	-2.101860e-02
 	-2.391067e-02
 	-2.656416e-02
 	-2.894698e-02
 	-3.103304e-02
 	-3.280259e-02
 	-3.424247e-02
 	-3.534606e-02
 	-3.611320e-02
 	-3.655013e-02
 	-3.666918e-02
 	-3.648832e-02
 	-3.603031e-02
 	-3.532188e-02
 	-3.439277e-02
 	-3.327451e-02
 	-3.199940e-02
 	-3.059937e-02
 	-2.910519e-02
 	-2.754570e-02
 	-2.594729e-02
 	-2.433355e-02
 	-2.272497e-02
 	-2.113882e-02
 	-1.958912e-02
 	-1.808679e-02
 	-1.663999e-02
 	-1.525437e-02
 	-1.393344e-02
 	-1.267902e-02
 	-1.149155e-02
 	-1.037053e-02
 	-9.314696e-03
 	-8.322248e-03
 	-7.391012e-03
 	-6.518617e-03
 	-5.702564e-03
 	-4.940303e-03
 	-4.229333e-03
 	-3.567237e-03
 	-2.951651e-03
 	-2.380195e-03
 	-1.850434e-03
 	-1.359843e-03
 	-9.057734e-04
 	-4.854309e-04
 	-9.583318e-05
 	 2.662147e-04
 	 6.041368e-04
 	 9.216081e-04
 	 1.222523e-03
 	 1.510873e-03
 	 1.790556e-03
 	 2.065185e-03
 	 2.337990e-03
 	 2.611795e-03
 	 2.889078e-03
 	 3.172131e-03
 	 3.463245e-03
 	 3.764786e-03
 	 4.079149e-03
 	 4.408612e-03
 	 4.755182e-03
 	 5.120467e-03
 	 5.505591e-03
 	 5.911059e-03
 	 6.336627e-03
 	 6.781173e-03
 	 7.242583e-03
 	 7.717723e-03
 	 8.202508e-03
 	 8.692065e-03
 	 9.180995e-03
 	 9.663695e-03
 	 1.013465e-02
 	 1.058863e-02
 	 1.102077e-02
 	 1.142659e-02
 	 1.180198e-02
 	 1.214315e-02
 	 1.244658e-02
 	 1.270898e-02
 	 1.292736e-02
 	 1.309904e-02
 	 1.322173e-02
 	 1.329366e-02
 	 1.331370e-02
 	 1.328154e-02
 	 1.319780e-02
 	 1.306407e-02
 	 1.288293e-02
 	 1.265776e-02
 	 1.239254e-02
 	 1.209145e-02
 	 1.175860e-02
 	 1.139773e-02
 	 1.101207e-02
 	 1.060429e-02
 	 1.017660e-02
 	 9.730911e-03
 	 9.268994e-03
 	 8.792594e-03
 	 8.303528e-03
 	 7.803781e-03
 	 7.295618e-03
 	 6.781662e-03
 	 6.264930e-03
 	 5.748795e-03
 	 5.236924e-03
 	 4.733179e-03
 	 4.241515e-03
 	 3.765884e-03
 	 3.310128e-03
 	 2.877820e-03
 	 2.472070e-03
 	 2.095345e-03
 	 1.749367e-03
 	 1.435042e-03
 	 1.152443e-03
 	 9.008410e-04
 	 6.788067e-04
 	 4.843709e-04
 	 3.151887e-04
 	 1.686772e-04
 	 4.211046e-05
 	-6.733448e-05
 	-1.625476e-04
 	-2.464348e-04
 	-3.218747e-04
 	-3.916908e-04
 	-4.586118e-04
 	-5.252287e-04
 	-5.939585e-04
 	-6.669994e-04
 	-7.462853e-04
 	-8.334716e-04
 	-9.299350e-04
 	-1.036770e-03
 	-1.154761e-03
 	-1.284343e-03
 	-1.425570e-03
 	-1.578076e-03
 	-1.741064e-03
 	-1.913305e-03
 	-2.093192e-03
 	-2.278794e-03
 	-2.467909e-03
 	-2.658106e-03
 	-2.846757e-03
 	-3.031113e-03
 	-3.208385e-03
 	-3.375814e-03
 	-3.530729e-03
 	-3.670626e-03
 	-3.793281e-03
 	-3.896822e-03
 	-3.979804e-03
 	-4.041262e-03
 	-4.080722e-03
 	-4.098181e-03
 	-4.094076e-03
 	-4.069276e-03
 	-4.025099e-03
 	-3.963342e-03
 	-3.886286e-03
 	-3.796687e-03
 	-3.697709e-03
 	-3.592829e-03
 	-3.485736e-03
 	-3.380238e-03
 	-3.280121e-03
 	-3.188995e-03
 	-3.110140e-03
 	-3.046330e-03
 	-2.999677e-03
 	-2.971523e-03
 	-2.962408e-03
 	-2.972050e-03
 	-2.999387e-03
 	-3.042632e-03
 	-3.099381e-03
 	-3.166746e-03
 	-3.241488e-03
 	-3.320121e-03
 	-3.399025e-03
 	-3.474553e-03
 	-3.543158e-03
 	-3.601546e-03
 	-3.646840e-03
 	-3.676702e-03
 	-3.689397e-03
 	-3.683798e-03
 	-3.659347e-03
 	-3.616016e-03
 	-3.554259e-03
 	-3.474996e-03
 	-3.379603e-03
 	-3.269858e-03
 	-3.147841e-03
 	-3.015813e-03
 	-2.876099e-03
 	-2.730971e-03
 	-2.582543e-03
 	-2.432677e-03
 	-2.282931e-03
 	-2.134504e-03
 	-1.988219e-03
 	-1.844540e-03
 	-1.703631e-03
 	-2.559331e-04
 	-2.500091e-04
 	-2.438492e-04
 	-2.374673e-04
 	-2.308773e-04
 	-2.240929e-04
 	-2.171281e-04
 	-2.099963e-04
 	-2.027111e-04
 	-1.952858e-04
 	-1.877335e-04
 	-1.800673e-04
 	-1.722999e-04
 	-1.644440e-04
 	-1.565121e-04
 	-1.485167e-04
 	-1.404698e-04
 	-1.323836e-04
 	-1.242698e-04
 	-1.161403e-04
 	-1.080065e-04
 	-9.987991e-05
 	-9.177194e-05
 	-8.369372e-05
 	-7.565634e-05
 	-6.767058e-05
 	-5.974707e-05
 	-5.189615e-05
 	-4.412789e-05
 	-3.645214e-05
 	-2.887849e-05
 	-2.141624e-05
 	-1.407445e-05
 	-6.861848e-06
 	 2.132029e-07
 	 7.142681e-06
 	 1.391696e-05
 	 2.052060e-05
 	 2.692310e-05
 	 3.307131e-05
 	 3.888478e-05
 	 4.423330e-05
 	 4.890382e-05
 	 5.256596e-05
 	 5.476334e-05
 	 5.495325e-05
 	 5.257684e-05
 	 4.712792e-05
 	 3.813887e-05
 	 2.519700e-05
 	 8.005984e-06
 	-1.356640e-05
 	-3.948772e-05
 	-6.955158e-05
 	-1.034342e-04
 	-1.408048e-04
 	-1.813587e-04
 	-2.248115e-04
 	-2.708443e-04
 	-3.190774e-04
 	-3.690768e-04
 	-4.203231e-04
 	-4.721438e-04
 	-5.236334e-04
 	-5.736350e-04
 	-6.207791e-04
 	-6.635470e-04
 	-7.003734e-04
 	-7.298464e-04
 	-7.508470e-04
 	-7.625379e-04
 	-7.643883e-04
 	-7.562307e-04
 	-7.381905e-04
 	-7.106978e-04
 	-6.743994e-04
 	-6.299366e-04
 	-5.778341e-04
 	-5.184934e-04
 	-4.522043e-04
 	-3.792083e-04
 	-2.996012e-04
 	-2.133000e-04
 	-1.200959e-04
 	-1.971578e-05
 	 8.805311e-05
 	 2.033540e-04
 	 3.261296e-04
 	 4.561295e-04
 	 5.928895e-04
 	 7.357041e-04
 	 8.835527e-04
 	 1.035167e-03
 	 1.189104e-03
 	 1.343668e-03
 	 1.496671e-03
 	 1.645198e-03
 	 1.785590e-03
 	 1.913397e-03
 	 2.023157e-03
 	 2.108354e-03
 	 2.161478e-03
 	 2.174031e-03
 	 2.136483e-03
 	 2.038217e-03
 	 1.867675e-03
 	 1.612793e-03
 	 1.261500e-03
 	 8.023774e-04
 	 2.251578e-04
 	-4.788680e-04
 	-1.316756e-03
 	-2.293948e-03
 	-3.414107e-03
 	-4.678661e-03
 	-6.086055e-03
 	-7.631399e-03
 	-9.306317e-03
 	-1.109880e-02
 	-1.299309e-02
 	-1.496940e-02
 	-1.700426e-02
 	-1.907062e-02
 	-2.113779e-02
 	-2.317174e-02
 	-2.513549e-02
 	-2.698927e-02
 	-2.869069e-02
 	-3.019458e-02
 	-3.145330e-02
 	-3.241755e-02
 	-3.303690e-02
 	-3.326052e-02
 	-3.303951e-02
 	-3.232746e-02
 	-3.108373e-02
 	-2.927374e-02
 	-2.687034e-02
 	-2.385503e-02
 	-2.021942e-02
 	-1.596756e-02
 	-1.111793e-02
 	-5.704474e-03
 	 2.236244e-04
 	 6.603216e-03
 	 1.335798e-02
 	 2.039859e-02
 	 2.762329e-02
 	 3.491966e-02
 	 4.216748e-02
 	 4.924199e-02
 	 5.601707e-02
 	 6.236919e-02
 	 6.818056e-02
 	 7.334189e-02
 	 7.775529e-02
 	 8.133695e-02
 	 8.402009e-02
 	 8.575714e-02
 	 8.652079e-02
 	 8.630510e-02
 	 8.512503e-02
 	 8.301483e-02
 	 8.002592e-02
 	 7.622473e-02
 	 7.168991e-02
 	 6.650949e-02
 	 6.077834e-02
 	 5.459649e-02
 	 4.806645e-02
 	 4.129068e-02
 	 3.436961e-02
 	 2.739929e-02
 	 2.046952e-02
 	 1.366231e-02
 	 7.050807e-03
 	 6.982522e-04
 	-5.342326e-03
 	-1.102744e-02
 	-1.632246e-02
 	-2.120092e-02
 	-2.564364e-02
 	-2.963875e-02
 	-3.318086e-02
 	-3.627009e-02
 	-3.891203e-02
 	-4.111723e-02
 	-4.290025e-02
 	-4.427912e-02
 	-4.527462e-02
 	-4.591006e-02
 	-4.621126e-02
 	-4.620573e-02
 	-4.592189e-02
 	-4.538870e-02
 	-4.463567e-02
 	-4.369272e-02
 	-4.258996e-02
 	-4.135748e-02
 	-4.002497e-02
 	-3.862137e-02
 	-3.717450e-02
 	-3.571071e-02
 	-3.425445e-02
 	-3.282777e-02
 	-3.144981e-02
 	-3.013653e-02
 	-2.890062e-02
 	-2.775171e-02
 	-2.669655e-02
 	-2.573921e-02
 	-2.488140e-02
 	-2.412266e-02
 	-2.346048e-02
 	-2.289059e-02
 	-2.240716e-02
 	-2.200303e-02
 	-2.166999e-02
 	-2.139883e-02
 	-2.117930e-02
 	-2.100012e-02
 	-2.084918e-02
 	-2.071357e-02
 	-2.057972e-02
 	-2.043364e-02
 	-2.026116e-02
 	-2.004809e-02
 	-1.978039e-02
 	-1.944449e-02
 	-1.902753e-02
 	-1.851769e-02
 	-1.790456e-02
 	-1.717943e-02
 	-1.633550e-02
 	-1.536809e-02
 	-1.427492e-02
 	-1.305630e-02
 	-1.171532e-02
 	-1.025755e-02
 	-8.691008e-03
 	-7.026060e-03
 	-5.275116e-03
 	-3.452372e-03
 	-1.573481e-03
 	 3.448112e-04
 	 2.285090e-03
 	 4.229580e-03
 	 6.160467e-03
 	 8.060256e-03
 	 9.912113e-03
 	 1.170016e-02
 	 1.340978e-02
 	 1.502779e-02
 	 1.654263e-02
 	 1.794441e-02
 	 1.922487e-02
 	 2.037753e-02
 	 2.139759e-02
 	 2.228180e-02
 	 2.302829e-02
 	 2.363649e-02
 	 2.410693e-02
 	 2.444122e-02
 	 2.464203e-02
 	 2.471317e-02
 	 2.465986e-02
 	 2.448850e-02
 	 2.420712e-02
 	 2.382523e-02
 	 2.335390e-02
 	 2.280562e-02
 	 2.219399e-02
 	 2.153330e-02
 	 2.083816e-02
 	 2.012302e-02
 	 1.940173e-02
 	 1.868718e-02
 	 1.799078e-02
 	 1.732220e-02
 	 1.668913e-02
 	 1.609722e-02
 	 1.555007e-02
 	 1.504941e-02
 	 1.459537e-02
 	 1.418668e-02
 	 1.382085e-02
 	 1.349426e-02
 	 1.320237e-02
 	 1.293971e-02
 	 1.270006e-02
 	 1.247642e-02
 	 1.226120e-02
 	 1.204633e-02
 	 1.182346e-02
 	 1.158417e-02
 	 1.132022e-02
 	 1.102370e-02
 	 1.068738e-02
 	 1.030490e-02
 	 9.870859e-03
 	 9.381126e-03
 	 8.832992e-03
 	 8.225446e-03
 	 7.559321e-03
 	 6.837443e-03
 	 6.064711e-03
 	 5.248055e-03
 	 4.396343e-03
 	 3.520166e-03
 	 2.631537e-03
 	 1.743480e-03
 	 8.695364e-04
 	 2.322846e-05
 	-7.824835e-04
 	-1.535779e-03
 	-2.226539e-03
 	-2.846785e-03
 	-3.391011e-03
 	-3.856349e-03
 	-4.242640e-03
 	-4.552439e-03
 	-4.790917e-03
 	-4.965612e-03
 	-5.086044e-03
 	-5.163213e-03
 	-5.209159e-03
 	-5.236402e-03
 	-5.257432e-03
 	-5.284184e-03
 	-5.327513e-03
 	-5.396688e-03
 	-5.499066e-03
 	-5.639818e-03
 	-5.821821e-03
 	-6.045578e-03
 	-6.309233e-03
 	-6.608741e-03
 	-6.938096e-03
 	-7.289705e-03
 	-7.654816e-03
 	-8.023940e-03
 	-8.387283e-03
 	-8.735189e-03
 	-9.058541e-03
 	-9.349102e-03
 	-9.599791e-03
 	-9.804847e-03
 	-9.959957e-03
 	-1.006225e-02
 	-1.011024e-02
 	-1.010375e-02
 	-1.004383e-02
 	-9.932650e-03
 	-9.773480e-03
 	-9.570549e-03
 	-9.328919e-03
 	-9.054352e-03
 	-8.753125e-03
 	-8.431891e-03
 	-8.097512e-03
 	-7.756918e-03
 	-7.416973e-03
 	-7.084264e-03
 	-6.764912e-03
 	-6.464370e-03
 	-6.187248e-03
 	-5.937159e-03
 	-5.716658e-03
 	-5.527199e-03
 	-5.369180e-03
 	-5.241998e-03
 	-5.144141e-03
 	-5.073288e-03
 	-5.026454e-03
 	-5.000097e-03
 	-4.990196e-03
 	-4.992281e-03
 	-5.001473e-03
 	-5.012531e-03
 	-5.019974e-03
 	-5.018211e-03
 	-5.001664e-03
 	-4.964960e-03
 	-4.903075e-03
 	-4.811429e-03
 	-4.686014e-03
 	-4.523522e-03
 	-4.321436e-03
 	-4.078097e-03
 	-3.792736e-03
 	-3.465491e-03
 	-3.097453e-03
 	-2.690727e-03
 	-2.248464e-03
 	-1.774836e-03
 	-1.275000e-03
 	-7.550453e-04
 	-2.219603e-04
 	 3.164980e-04
 	 8.520257e-04
 	 1.376015e-03
 	 1.879811e-03
 	 2.354960e-03
 	 2.793443e-03
 	 3.187886e-03
 	 3.531774e-03
 	 3.819585e-03
 	 4.046982e-03
 	 4.210989e-03
 	 4.310121e-03
 	 4.344418e-03
 	 4.315429e-03
 	 4.226180e-03
 	 4.081104e-03
 	 3.885913e-03
 	 3.647405e-03
 	 3.373268e-03
 	 3.071861e-03
 	 2.751982e-03
 	 2.422614e-03
 	 2.092683e-03
 	 1.770858e-03
 	 1.465359e-03
 	 1.183793e-03
 	 9.329600e-04
 	 7.186807e-04
 	 5.456549e-04
 	 4.173802e-04
 	 3.360916e-04
 	 3.027386e-04
 	 3.169812e-04
 	 3.772829e-04
 	 4.809593e-04
 	 6.242587e-04
 	 8.024690e-04
 	 1.010063e-03
 	 1.240890e-03
 	 1.488392e-03
 	 1.745806e-03
 	 2.006366e-03
 	 2.263546e-03
 	 2.511278e-03
 	 2.744161e-03
 	 2.957620e-03
 	 3.148059e-03
 	 3.312949e-03
 	 3.450868e-03
 	 3.561478e-03
 	 3.645468e-03
 	 3.704477e-03
 	 3.740984e-03
 	 3.758129e-03
 	 3.759513e-03
 	 3.748979e-03
 	 3.730414e-03
 	 3.707557e-03
 	 3.683816e-03
 	 3.662115e-03
 	 3.644776e-03
 	 3.633456e-03
 	 3.629112e-03
 	 3.632012e-03
 	 3.641780e-03
 	 3.657478e-03
 	 3.677710e-03
 	 3.700744e-03
 	 3.724597e-03
 	 3.747120e-03
 	 3.766082e-03
 	 3.779238e-03
 	 3.784375e-03
 	 3.779373e-03
 	 3.762254e-03
 	 3.731240e-03
 	 3.684767e-03
 	 3.621472e-03
 	 3.540198e-03
 	 3.440005e-03
 	 3.320219e-03
 	 3.180448e-03
 	 3.020593e-03
 	 2.840877e-03
 	 2.641856e-03
 	 2.424435e-03
 	 2.189865e-03
 	 1.939738e-03
 	 1.675976e-03
 	 1.400815e-03
 	 1.116768e-03
 	 8.265552e-04
 	 5.330082e-04
 	 2.389860e-04
 	-5.269707e-05
 	-3.393356e-04
 	-6.184247e-04
 	-8.877512e-04
 	-1.145444e-03
 	-1.389992e-03
 	-1.620239e-03
 	-1.835416e-03
 	-2.035134e-03
 	-2.219345e-03
 	-2.388278e-03
 	-2.542375e-03
 	-2.682229e-03
 	-2.808522e-03
 	-2.921969e-03
 	-3.023264e-03
 	-3.113051e-03
 	-3.191918e-03
 	-3.260379e-03
 	-3.318852e-03
	 1.065046e-05
	 9.938964e-06
	 9.220923e-06
	 8.496381e-06
	 7.765633e-06
	 7.029283e-06
	 6.288257e-06
	 5.543816e-06
	 4.797525e-06
	 4.051237e-06
	 3.307056e-06
	 2.567299e-06
	 1.834433e-06
	 1.111012e-06
	 3.996164e-07
	-2.971809e-07
	-9.768594e-07
	-1.636987e-06
	-2.275252e-06
	-2.889471e-06
	-3.477595e-06
	-4.037730e-06
	-4.568147e-06
	-5.067281e-06
	-5.533749e-06
	-5.966367e-06
	-6.364161e-06
	-6.726361e-06
	-7.052383e-06
	-7.341781e-06
	-7.594232e-06
	-7.809529e-06
	-7.987592e-06
	-8.128466e-06
	-8.232355e-06
	-8.299626e-06
	-8.330831e-06
	-8.326712e-06
	-8.288246e-06
	-8.216656e-06
	-8.113432e-06
	-7.980323e-06
	-7.819321e-06
	-7.632642e-06
	-7.422710e-06
	-7.192127e-06
	-6.943658e-06
	-6.680177e-06
	-6.404608e-06
	-6.119839e-06
	-5.828658e-06
	-5.533666e-06
	-5.237215e-06
	-4.941340e-06
	-4.647762e-06
	-4.357886e-06
	-4.072841e-06
	-3.793539e-06
	-3.520709e-06
	-3.254965e-06
	-2.996863e-06
	-2.746961e-06
	-2.505865e-06
	-2.274273e-06
	-2.053014e-06
	-1.843060e-06
	-1.645501e-06
	-1.461525e-06
	-1.292386e-06
	-1.139352e-06
	-1.003651e-06
	-8.863990e-07
	-7.885523e-07
	-7.108575e-07
	-6.538046e-07
	-6.176115e-07
	-6.022062e-07
	-6.072029e-07
	-6.318796e-07
	-6.751710e-07
	-7.356836e-07
	-8.119052e-07
	-9.032912e-07
	-1.012471e-06
	-1.148850e-06
	-1.330726e-06
	-1.586303e-06
	-1.956178e-06
	-2.497415e-06
	-3.285010e-06
	-4.401809e-06
	-5.914776e-06
	-7.854660e-06
	-1.021197e-05
	-1.294489e-05
	-1.598832e-05
	-1.926703e-05
	-2.270938e-05
	-2.625073e-05
	-2.982392e-05
	-3.335885e-05
	-3.679771e-05
	-4.011705e-05
	-4.333646e-05
	-4.651283e-05
	-4.973615e-05
	-5.313074e-05
	-5.685210e-05
	-6.107962e-05
	-6.599983e-05
	-7.176267e-05
	-7.843205e-05
	-8.596249e-05
	-9.420404e-05
	-1.029201e-04
	-1.118082e-04
	-1.205111e-04
	-1.286197e-04
	-1.356803e-04
	-1.412202e-04
	-1.447766e-04
	-1.459360e-04
	-1.443595e-04
	-1.397930e-04
	-1.320736e-04
	-1.211360e-04
	-1.070078e-04
	-8.981371e-05
	-6.979275e-05
	-4.728319e-05
	-2.272860e-05
	 3.299406e-06
	 3.009175e-05
	 5.682947e-05
	 8.263232e-05
	 1.065942e-04
	 1.278190e-04
	 1.454432e-04
	 1.586442e-04
	 1.666405e-04
	 1.686992e-04
	 1.641284e-04
	 1.522434e-04
	 1.322880e-04
	 1.033562e-04
	 6.436581e-05
	 1.407577e-05
	-4.885557e-05
	-1.257702e-04
	-2.178234e-04
	-3.258025e-04
	-4.500181e-04
	-5.902420e-04
	-7.456761e-04
	-9.149697e-04
	-1.096277e-03
	-1.287323e-03
	-1.485398e-03
	-1.687308e-03
	-1.889346e-03
	-2.087351e-03
	-2.276862e-03
	-2.453332e-03
	-2.612387e-03
	-2.750045e-03
	-2.862805e-03
	-2.947664e-03
	-3.002053e-03
	-3.023794e-03
	-3.011061e-03
	-2.962449e-03
	-2.877058e-03
	-2.754553e-03
	-2.595129e-03
	-2.399442e-03
	-2.168601e-03
	-1.904070e-03
	-1.607485e-03
	-1.280500e-03
	-9.247805e-04
	-5.420488e-04
	-1.343517e-04
	 2.956185e-04
	 7.443773e-04
	 1.207672e-03
	 1.680598e-03
	 2.157788e-03
	 2.633642e-03
	 3.102512e-03
	 3.558830e-03
	 3.997225e-03
	 4.412650e-03
	 4.800552e-03
	 5.157008e-03
	 5.478792e-03
	 5.763497e-03
	 6.009646e-03
	 6.216856e-03
	 6.385950e-03
	 6.518994e-03
	 6.619248e-03
	 6.691081e-03
	 6.739757e-03
	 6.771182e-03
	 6.791642e-03
	 6.807545e-03
	 6.824903e-03
	 6.848684e-03
	 6.882181e-03
	 6.926621e-03
	 6.980935e-03
	 7.041791e-03
	 7.103881e-03
	 7.160360e-03
	 7.203176e-03
	 7.223323e-03
	 7.211013e-03
	 7.155931e-03
	 7.047535e-03
	 6.875402e-03
	 6.629792e-03
	 6.302050e-03
	 5.885039e-03
	 5.373583e-03
	 4.764840e-03
	 4.058678e-03
	 3.257989e-03
	 2.369043e-03
	 1.401531e-03
	 3.681671e-04
	-7.160995e-04
	-1.835014e-03
	-2.971889e-03
	-4.109737e-03
	-5.231095e-03
	-6.318152e-03
	-7.353022e-03
	-8.318667e-03
	-9.200261e-03
	-9.985643e-03
	-1.066557e-02
	-1.123371e-02
	-1.168604e-02
	-1.202027e-02
	-1.223570e-02
	-1.233331e-02
	-1.231578e-02
	-1.218763e-02
	-1.195520e-02
	-1.162654e-02
	-1.121122e-02
	-1.072053e-02
	-1.016740e-02
	-9.566259e-03
	-8.932668e-03
	-8.282744e-03
	-7.632051e-03
	-6.994803e-03
	-6.383778e-03
	-5.810598e-03
	-5.286139e-03
	-4.820660e-03
	-4.423433e-03
	-4.102076e-03
	-3.861662e-03
	-3.703914e-03
	-3.626891e-03
	-3.625591e-03
	-3.692745e-03
	-3.819524e-03
	-3.996218e-03
	-4.212352e-03
	-4.457068e-03
	-4.719685e-03
	-4.990051e-03
	-5.258863e-03
	-5.517798e-03
	-5.759470e-03
	-5.977258e-03
	-6.164926e-03
	-6.316383e-03
	-6.425686e-03
	-6.487329e-03
	-6.496476e-03
	-6.448845e-03
	-6.340587e-03
	-6.168215e-03
	-5.928598e-03
	-5.619198e-03
	-5.238194e-03
	-4.784445e-03
	-4.257408e-03
	-3.657289e-03
	-2.985273e-03
	-2.243697e-03
	-1.436119e-03
	-5.673663e-04
	 3.565285e-04
	 1.328377e-03
	 2.339861e-03
	 3.381642e-03
	 4.443629e-03
	 5.515232e-03
	 6.585436e-03
	 7.642894e-03
	 8.675984e-03
	 9.672906e-03
	 1.062174e-02
	 1.151060e-02
	 1.232795e-02
	 1.306295e-02
	 1.370588e-02
	 1.424838e-02
	 1.468370e-02
	 1.500679e-02
	 1.521432e-02
	 1.530456e-02
	 1.527736e-02
	 1.513425e-02
	 1.487857e-02
	 1.451549e-02
	 1.405195e-02
	 1.349648e-02
	 1.285904e-02
	 1.215091e-02
	 1.138465e-02
	 1.057400e-02
	 9.733672e-03
	 8.879172e-03
	 8.026443e-03
	 7.191450e-03
	 6.389711e-03
	 5.635807e-03
	 4.942973e-03
	 4.322773e-03
	 3.784754e-03
	 3.336229e-03
	 2.982008e-03
	 2.724150e-03
	 2.561772e-03
	 2.490981e-03
	 2.504968e-03
	 2.594151e-03
	 2.746493e-03
	 2.947887e-03
	 3.182712e-03
	 3.434385e-03
	 3.685988e-03
	 3.920796e-03
	 4.122741e-03
	 4.276848e-03
	 4.369705e-03
	 4.389904e-03
	 4.328322e-03
	 4.178400e-03
	 3.936192e-03
	 3.600472e-03
	 3.172748e-03
	 2.657172e-03
	 2.060394e-03
	 1.391348e-03
	 6.609506e-04
	-1.182272e-04
	-9.322767e-04
	-1.766392e-03
	-2.605299e-03
	-3.433662e-03
	-4.236487e-03
	-4.999488e-03
	-5.709428e-03
	-6.354417e-03
	-6.924185e-03
	-7.410337e-03
	-7.806550e-03
	-8.108743e-03
	-8.315150e-03
	-8.426338e-03
	-8.445182e-03
	-8.376681e-03
	-8.227812e-03
	-8.007177e-03
	-7.724727e-03
	-7.391539e-03
	-7.019590e-03
	-6.621433e-03
	-6.209894e-03
	-5.797697e-03
	-5.397094e-03
	-5.019530e-03
	-4.675366e-03
	-4.373617e-03
	-4.121730e-03
	-3.925386e-03
	-3.788311e-03
	-3.712130e-03
	-3.696289e-03
	-3.738041e-03
	-3.832518e-03
	-3.972890e-03
	-4.150562e-03
	-4.355427e-03
	-4.576228e-03
	-4.801023e-03
	-5.017695e-03
	-5.214521e-03
	-5.380729e-03
	-5.506970e-03
	-5.585713e-03
	-5.611533e-03
	-5.581252e-03
	-5.493978e-03
	-5.351086e-03
	-5.156064e-03
	-4.914293e-03
	-4.632724e-03
	-4.319462e-03
	-3.983288e-03
	-3.633239e-03
	-3.278222e-03
	-2.926604e-03
	-2.585869e-03
	-2.262321e-03
	-1.960861e-03
	-1.684894e-03
	-1.436317e-03
	-1.215499e-03
	-1.021358e-03
	-8.514930e-04
	-7.024242e-04
	-5.699249e-04
	-4.493529e-04
	-3.359428e-04
	-2.250700e-04
	-1.125390e-04
	 5.145302e-06
	 1.305620e-04
	 2.652593e-04
	 4.096832e-04
	 5.631585e-04
	 7.239535e-04
	 8.893802e-04
	 1.055958e-03
	 1.219681e-03
	 1.376328e-03
	 1.521790e-03
	 1.652331e-03
	 1.764805e-03
	 1.856798e-03
	 1.926733e-03
	 1.973937e-03
	 1.998669e-03
	 2.002098e-03
	 1.986235e-03
	 1.953809e-03
	 1.908099e-03
	 1.852725e-03
	 1.791445e-03
	 1.727948e-03
	 1.665680e-03
	 1.607704e-03
	 1.556600e-03
	 1.514408e-03
	 1.482618e-03
	 1.462213e-03
	 1.453737e-03
	 1.457348e-03
	 1.472891e-03
	 1.500046e-03
	 1.538427e-03
	 1.587621e-03
	 1.647204e-03
	 1.716764e-03
	 1.795961e-03
	 1.884546e-03
	 1.982297e-03
	 2.088933e-03
	 2.204061e-03
	 2.327106e-03
	 2.457252e-03
	 2.593394e-03
	 2.734091e-03
	 2.877556e-03
	 3.021653e-03
	 3.163927e-03
	 3.301696e-03
	 3.432132e-03
	 3.552362e-03
	 3.659592e-03
	 3.751201e-03
	 3.824819e-03
	 3.878441e-03
	 3.910489e-03
	 3.919853e-03
	 3.905930e-03
	 3.868662e-03
	 3.808528e-03
	 3.726519e-03
	 3.624049e-03
	 3.502894e-03
	 3.365133e-03
	 3.213065e-03
	 3.049099e-03
	 2.875622e-03
	 2.694893e-03
	 2.508950e-03
	 2.319523e-03
	 2.127965e-03
	 1.935203e-03
	 1.741714e-03
	 1.547528e-03
	 1.352297e-03
	 1.155396e-03
