4.185701e-12
7.606847e-09
4.538056e-08
1.314004e-07
2.981831e-07
6.072857e-07
1.146425e-06
1.995675e-06
3.187570e-06
4.688760e-06
6.407410e-06
8.219218e-06
9.997134e-06
1.163633e-05
1.306697e-05
1.425143e-05
1.517669e-05
1.584826e-05
1.628449e-05
1.650943e-05
1.654588e-05
1.641473e-05
1.613757e-05
1.573513e-05
1.522613e-05
1.462727e-05
1.395256e-05
1.321336e-05
1.241493e-05
1.155419e-05
1.062804e-05
9.642375e-06
8.613586e-06
7.561203e-06
6.497457e-06
5.424151e-06
4.336701e-06
3.229160e-06
2.098511e-06
9.465837e-07
-2.214179e-07
-1.397285e-06
-2.569751e-06
-3.725216e-06
-4.866245e-06
-6.184350e-06
-7.971113e-06
-1.078654e-05
-1.567735e-05
-2.457146e-05
-3.917965e-05
-5.975871e-05
-8.385256e-05
-0.0001068929
-0.0001258280
-0.0001416096
-0.0001567881
-0.0001719172
-0.0001875383
-0.0002054994
-0.0002273184
-0.0002551027
-0.0002885185
-0.0003244664
-0.0003630005
-0.0004079148
-0.0004581404
-0.0005054348
-0.0005391374
-0.0005456674
-0.0005151988
-0.0004498262
-0.0003627051
-0.0002672965
-0.0001704889
-7.802439e-05
9.392304e-06
0.0001147957
0.0002602018
0.0004262757
0.0005751000
0.0006983546
0.0007975592
0.0008665085
0.0009291963
0.001009795
0.001131009
0.001290785
0.001472640
0.001646522
0.001759322
0.001762510
0.001670967
0.001563026
0.001505347
0.001492119
0.001464047
0.001350467
0.001073524
0.0005866538
-6.919434e-05
-0.0007782012
-0.001405497
-0.001842673
-0.002015252
-0.001902668
-0.001556961
-0.001102777
-0.0006948641
-0.0004389022
-0.0003752186
-0.0005008539
-0.0007656359
-0.001080014
-0.001337320
-0.001461916
-0.001437031
-0.001297021
-0.001106779
-0.0009350433
-0.0008376158
-0.0008243913
-0.0008526285
-0.0008726990
-0.0008533789
-0.0007874395
-0.0006882678
-0.0005791147
-0.0004770703
-0.0003778158
-0.0002658618
-0.0001372521
-3.314508e-06
0.0001185255
0.0002174800
0.0002850134
0.0003189793
0.0003275143
0.0003285056
0.0003477731
0.0004036264
0.0004914301
0.0005874422
0.0006636072
0.0007014160
0.0007020645
0.0006769007
0.0006409514
0.0006165780
0.0006195963
0.0006454983
0.0006766854
0.0006940723
0.0006778236
0.0006079386
0.0004788878
0.0003137447
0.0001552095
4.351559e-05
-1.624489e-06
1.650652e-05
7.336431e-05
0.0001336932
0.0001758460
0.0001965042
0.0001960803
0.0001747730
0.0001378820
9.379882e-05
4.811945e-05
4.659161e-06
-3.099891e-05
-5.361774e-05
-6.331386e-05
-6.267620e-05
-4.944951e-05
-2.338843e-05
1.479803e-06
7.600882e-06
-6.988710e-06
-3.265541e-05
-6.025087e-05
-8.281053e-05
-8.853657e-05
-5.979495e-05
1.283069e-05
0.0001151544
0.0002107999
0.0002601875
0.0002402548
0.0001533238
2.554547e-05
-0.0001036344
-0.0001993717
-0.0002408651
-0.0002258657
-0.0001734839
-0.0001161137
-8.390904e-05
-9.080432e-05
-0.0001239663
-0.0001565626
-0.0001722998
-0.0001740450
-0.0001753027
-0.0001869392
-0.0002086499
-0.0002329691
-0.0002555178
-0.0002766843
-0.0002967356
-0.0003061920
-0.0002890713
-0.0002390449
-0.0001633869
-7.578261e-05
1.181545e-05
8.639334e-05
0.0001336807
0.0001457691
0.0001266385
9.297041e-05
6.295677e-05
4.319425e-05
2.898267e-05
1.607989e-05
1.065721e-05
2.091196e-05
4.642090e-05
7.811272e-05
0.0001037124
0.0001120024
9.857748e-05
6.501680e-05
1.151237e-05
-6.134597e-05
-0.0001448544
-0.0002234703
-0.0002780725
-0.0002927910
-0.0002665610
-0.0002098026
-0.0001340837
-4.987250e-05
2.975414e-05
9.128573e-05
0.0001284034
0.0001441482
0.0001475969
0.0001481963
0.0001535696
0.0001683185
0.0001922720
0.0002196864
0.0002437009
0.0002619441
0.0002751934
0.0002802480
0.0002673178
0.0002253457
0.0001494504
4.574194e-05
-6.911805e-05
-0.0001720608
-0.0002419738
-0.0002669118
-0.0002481437
-0.0001996070
-0.0001412771
-9.117959e-05
-5.818131e-05
-4.253471e-05
-3.847295e-05
-3.827298e-05
-3.529310e-05
-2.544849e-05
-7.689275e-06
1.547607e-05
3.925083e-05
6.070427e-05
7.842556e-05
9.180354e-05
0.0001020815
0.0001083571
0.0001057307
8.897532e-05
5.557923e-05
8.996901e-06
-4.364807e-05
-9.558960e-05
-0.0001396899
-0.0001701980
-0.0001844921
-0.0001819981
-0.0001626896
-0.0001263628
-7.758054e-05
-2.664983e-05
1.522233e-05
4.277292e-05
5.838623e-05
6.758457e-05
7.414378e-05
8.066482e-05
9.082620e-05
0.0001068898
0.0001269461
0.0001442687
0.0001517790
0.0001468207
0.0001317545
0.0001120000
9.254536e-05
7.395559e-05
5.278881e-05
2.571129e-05
-6.183986e-06
-3.851523e-05
-6.908178e-05
-9.880173e-05
-0.0001259151
-0.0001449480
-0.0001504273
-0.0001396384
-0.0001138699
-7.947284e-05
-4.628738e-05
-2.391095e-05
-1.719395e-05
-2.380126e-05
-3.684929e-05
-4.826699e-05
-5.358227e-05
-5.175775e-05
-4.157890e-05
-2.305696e-05
3.945173e-07
2.263325e-05
3.851109e-05
4.696547e-05
4.947791e-05
4.738479e-05
4.037682e-05
2.839556e-05
1.430871e-05
4.212348e-06
2.476417e-06
1.095625e-05
4.499839e-05
0.0001183770
0.0002043434
0.0002715077
0.0003052417
0.0003021767
0.0002561176
0.0001613132
2.645213e-05
-0.0001218571
-0.0002495017
-0.0003339917
-0.0003688285
-0.0003594393
-0.0003195645
-0.0002609937
-0.0001932873
-0.0001287566
-7.283562e-05
-2.010637e-05
3.610893e-05
9.316832e-05
0.0001439053
0.0001837743
0.0002095060
0.0002204038
0.0002174135
0.0001991951
0.0001682891
0.0001349064
0.0001080391
8.596775e-05
5.958781e-05
2.180444e-05
-2.771513e-05
-8.363113e-05
-0.0001405557
-0.0001953095
-0.0002433872
-0.0002756608
-0.0002807354
-0.0002523059
-0.0001942050
-0.0001182161
-3.702093e-05
3.797231e-05
9.832010e-05
0.0001419595
0.0001714107
0.0001872765
0.0001887036
0.0001749995
0.0001481542
0.0001157920
8.726495e-05
6.838924e-05
6.128104e-05
6.363037e-05
6.913851e-05
7.090143e-05
6.410228e-05
4.608065e-05
1.675494e-05
-2.264663e-05
-6.923900e-05
-0.0001183035
-0.0001649334
-0.0002027486
-0.0002253022
-0.0002291149
-0.0002134609
-0.0001783370
-0.0001247525
-5.776637e-05
1.236335e-05
7.484356e-05
0.0001223025
0.0001501134
0.0001570299
0.0001462525
0.0001228464
9.185555e-05
5.717995e-05
2.213900e-05
-7.358633e-06
-2.690704e-05
-3.863934e-05
-4.651479e-05
-5.282095e-05
-5.609274e-05
-5.240412e-05
-3.874133e-05
-1.633146e-05
8.941899e-06
3.000196e-05
4.099085e-05
3.977654e-05
2.744835e-05
6.518548e-06
-2.162882e-05
-5.467138e-05
-8.713760e-05
-0.0001126222
-0.0001256396
-0.0001234466
-0.0001052709
-6.953072e-05
-1.693107e-05
4.430897e-05
0.0001013058
0.0001463517
0.0001781730
0.0001968308
0.0002015388
0.0001908612
0.0001650120
0.0001261612
7.647897e-05
1.824437e-05
-4.249108e-05
-9.551512e-05
-0.0001307972
-0.0001422965
-0.0001294153
-9.713732e-05
-5.567697e-05
-1.733835e-05
9.028996e-06
2.070230e-05
2.000567e-05
1.056283e-05
-3.970227e-06
-1.891902e-05
-3.043012e-05
-3.777925e-05
-4.311719e-05
-4.837038e-05
-5.240559e-05
-5.097917e-05
-3.907942e-05
-1.466217e-05
1.860312e-05
5.356199e-05
8.294195e-05
0.0001010278
0.0001057846
9.978794e-05
8.677075e-05
6.813897e-05
4.376448e-05
1.355297e-05
-2.116289e-05
-5.630570e-05
-8.701366e-05
-0.0001097718
-0.0001225399
-0.0001257421
-0.0001210215
-0.0001091407
-8.926850e-05
-6.188103e-05
-3.001851e-05
2.387349e-06
2.387349e-06
-8.938823e-12
-1.672584e-08
-9.816704e-08
-2.555687e-07
-4.707360e-07
-7.164423e-07
-9.678271e-07
-1.208464e-06
-1.429389e-06
-1.625369e-06
-1.796039e-06
-1.941563e-06
-2.063095e-06
-2.162377e-06
-2.238580e-06
-2.286974e-06
-2.307660e-06
-2.303244e-06
-2.275924e-06
-2.230439e-06
-2.173482e-06
-2.109611e-06
-2.045582e-06
-1.984454e-06
-1.923851e-06
-1.861964e-06
-1.799040e-06
-1.731245e-06
-1.657711e-06
-1.577226e-06
-1.493005e-06
-1.409352e-06
-1.329744e-06
-1.258131e-06
-1.197829e-06
-1.148482e-06
-1.108210e-06
-1.073999e-06
-1.037600e-06
-9.939979e-07
-9.412361e-07
-8.795915e-07
-8.100462e-07
-7.316996e-07
-6.452595e-07
-5.486662e-07
-4.402604e-07
-3.191309e-07
-1.887609e-07
-5.319603e-08
8.003681e-08
2.047215e-07
3.142967e-07
4.028078e-07
4.630548e-07
4.916182e-07
4.888415e-07
4.600010e-07
4.126981e-07
3.519913e-07
2.831616e-07
2.127804e-07
1.501978e-07
1.029833e-07
7.615071e-08
7.042004e-08
8.611811e-08
1.232006e-07
1.798987e-07
2.538393e-07
3.434665e-07
4.449985e-07
5.534264e-07
6.605064e-07
7.561596e-07
8.336355e-07
8.875386e-07
9.150598e-07
9.115822e-07
8.805526e-07
8.303325e-07
7.599772e-07
6.749876e-07
5.827126e-07
4.937448e-07
4.134362e-07
3.425054e-07
2.837246e-07
2.435149e-07
-1.647775e-07
-2.165807e-06
-4.167936e-06
-7.266838e-06
-1.603280e-05
-2.695590e-05
-3.692291e-05
-4.163328e-05
-4.179233e-05
-4.146224e-05
-5.054359e-05
-6.750749e-05
-7.970304e-05
-8.882851e-05
-9.553539e-05
-0.0001108325
-0.0001302971
-0.0001435759
-0.0001481188
-0.0001527607
-0.0001638056
-0.0001787396
-0.0001781846
-0.0001623576
-0.0001426381
-0.0001291074
-0.0001171611
-0.0001063578
-9.563331e-05
-9.472777e-05
-9.454450e-05
-9.312107e-05
-7.704238e-05
-5.208506e-05
-2.855027e-05
-1.618915e-05
-7.979135e-06
5.328717e-06
1.972345e-05
3.103877e-05
3.176620e-05
2.597660e-05
2.336279e-05
2.236492e-05
1.510218e-05
1.789453e-05
2.245935e-05
2.520935e-05
2.407292e-05
2.665923e-05
2.107570e-05
1.600562e-05
1.203654e-05
1.339201e-06
-1.907063e-05
-3.198416e-05
-4.030409e-05
-2.968510e-05
-3.612699e-06
1.021671e-05
1.950672e-05
4.319477e-05
6.867298e-05
9.539248e-05
0.0001267797
0.0001569528
0.0002758680
0.0003999321
0.0004446572
0.0004181166
0.0004114907
0.0004933937
0.0006946634
0.0008382814
0.0008626914
0.0008609990
0.0007856679
0.0005877736
0.0003716914
0.0003185711
0.0004122505
0.0005627312
0.0006932159
0.0007809981
0.0007261824
0.0005225067
0.0002804715
3.098764e-05
-0.0001950914
-0.0003085491
-0.0003133261
-0.0002897502
-0.0002702505
-0.0002023267
-8.857786e-05
2.440329e-05
8.837618e-05
0.0001438146
0.0001620017
5.198945e-05
-9.907066e-05
-0.0002134594
-0.0003028786
-0.0003399590
-0.0003351995
-0.0003236251
-0.0003185673
-0.0002609672
-0.0002265701
-0.0003106065
-0.0004401926
-0.0005544078
-0.0006489418
-0.0007016482
-0.0007110539
-0.0007118857
-0.0007015615
-0.0006753166
-0.0006157996
-0.0005337441
-0.0004351364
-0.0003482932
-0.0003208593
-0.0003123962
-0.0002888517
-0.0002266830
-0.0001502793
-0.0001231281
-0.0001737616
-0.0002902371
-0.0004355315
-0.0004886165
-0.0004045015
-0.0002341414
-3.267790e-05
0.0001475556
0.0002319012
0.0002209215
0.0001448326
8.113663e-05
5.624304e-05
7.456272e-05
0.0001129390
0.0001296625
0.0001209594
0.0001273188
0.0001672932
0.0002497740
0.0003304476
0.0003524932
0.0003024456
0.0002053559
7.717728e-05
-3.980151e-05
-9.742333e-05
-6.100081e-05
6.128441e-05
0.0001500590
0.0001289819
4.759471e-05
-2.215491e-05
-6.034484e-05
-9.789092e-05
-0.0001434899
-0.0001600544
-0.0001291303
-4.314924e-05
7.547485e-05
0.0001790368
0.0002095196
0.0001639779
8.095286e-05
2.538256e-05
3.938164e-05
0.0001149315
0.0002133424
0.0002977112
0.0003425982
0.0003552941
0.0003284725
0.0002665824
0.0002165950
0.0001793234
0.0001573842
0.0001555593
0.0001560613
0.0001448146
0.0001241840
9.712167e-05
6.878837e-05
3.274729e-05
-2.400252e-05
-9.952155e-05
-0.0001544288
-0.0001531233
-0.0001006995
-3.459449e-05
2.825430e-06
5.536192e-06
-5.131206e-06
-3.043866e-05
-5.642492e-05
-6.839515e-05
-7.774003e-05
-9.057553e-05
-0.0001147947
-0.0001128608
-7.558371e-05
-3.624277e-05
-1.095576e-05
-1.072215e-05
-2.900693e-05
-5.542722e-05
-7.404012e-05
-8.851827e-05
-9.711181e-05
-9.870126e-05
-9.069747e-05
-8.684719e-05
-9.211490e-05
-9.439638e-05
-7.460272e-05
-2.185593e-05
3.832831e-05
8.785949e-05
0.0001305250
0.0001668585
0.0001880562
0.0001985267
0.0001751838
0.0001045822
1.185086e-05
-6.910607e-05
-0.0001291502
-0.0001806283
-0.0002266276
-0.0002577307
-0.0002496094
-0.0001956493
-0.0001256085
-6.978326e-05
-4.314631e-05
-3.779794e-05
-2.355507e-05
2.053299e-05
7.094036e-05
8.521591e-05
7.508499e-05
7.197692e-05
8.203872e-05
0.0001100093
0.0001461606
0.0001722601
0.0001838061
0.0001894112
0.0001782979
0.0001491845
0.0001084610
5.882289e-05
4.306470e-06
-5.003389e-05
-9.785350e-05
-0.0001396793
-0.0001642266
-0.0001567741
-0.0001253332
-8.240755e-05
-3.352473e-05
9.391030e-06
4.523863e-05
5.828626e-05
4.733418e-05
3.341102e-05
2.642434e-05
2.875672e-05
3.262784e-05
2.871421e-05
1.898566e-05
1.114362e-05
-1.026419e-06
-2.736095e-05
-5.317973e-05
-5.890985e-05
-4.147497e-05
-1.722018e-05
3.872865e-06
1.347809e-05
1.105661e-05
-4.936625e-07
-2.263658e-05
-5.656006e-05
-9.312091e-05
-0.0001150878
-0.0001135171
-0.0001012512
-7.743694e-05
-3.378857e-05
2.496477e-05
8.572056e-05
0.0001271919
0.0001367423
0.0001226323
0.0001013680
8.191283e-05
7.308025e-05
7.860667e-05
8.763567e-05
8.897902e-05
8.418759e-05
7.431635e-05
5.720824e-05
2.865945e-05
-7.000700e-06
-4.069910e-05
-7.253213e-05
-0.0001023040
-0.0001171615
-0.0001126578
-8.808158e-05
-4.271486e-05
1.167478e-05
5.781083e-05
8.066504e-05
6.766642e-05
2.282141e-05
-3.475625e-05
-8.226389e-05
-9.903217e-05
-7.604226e-05
-3.370188e-05
-3.622652e-06
2.224690e-06
-9.753297e-06
-2.361381e-05
1.191313e-05
9.382558e-05
0.0001108211
8.484569e-05
3.793813e-05
-3.392208e-05
-0.0001005184
-0.0001162365
-7.845399e-05
-3.830832e-05
-2.696313e-06
6.559658e-06
-1.575639e-05
-3.396206e-05
-4.087379e-05
-1.412214e-05
3.184257e-05
5.889891e-05
5.915473e-05
5.764728e-05
4.939531e-05
3.949394e-05
4.359263e-05
4.253454e-05
2.026942e-05
-1.281990e-06
-3.562400e-06
-5.542734e-06
-2.742193e-05
-5.658766e-05
-7.654901e-05
-7.974451e-05
-8.227926e-05
-8.659194e-05
-9.631838e-05
-9.781948e-05
-8.650951e-05
-6.140972e-05
-3.322386e-05
-6.099418e-06
4.712472e-05
0.0001218415
0.0001852724
0.0002127531
0.0002030813
0.0001653666
0.0001007775
2.047289e-05
-4.792324e-05
-8.553055e-05
-0.0001000689
-0.0001106119
-0.0001212714
-0.0001274474
-0.0001126533
-7.461557e-05
-3.728970e-05
-1.318501e-05
-1.092188e-05
-1.683534e-05
-1.738144e-05
-6.679279e-06
2.486589e-06
1.678341e-05
4.429802e-05
8.199361e-05
0.0001217407
0.0001404239
0.0001398384
0.0001351300
0.0001221571
0.0001000203
6.771885e-05
2.368210e-05
-2.251842e-05
-5.558291e-05
-6.400123e-05
-6.069643e-05
-6.373881e-05
-8.043799e-05
-0.0001093387
-0.0001359976
-0.0001488794
-0.0001427088
-0.0001117834
-7.473245e-05
-4.948014e-05
-4.948014e-05
-4.948014e-05
-1.397311e-11
-2.973166e-08
-1.707354e-07
-4.393935e-07
-8.010955e-07
-1.208177e-06
-1.640432e-06
-2.052329e-06
-2.432310e-06
-2.780820e-06
-3.096423e-06
-3.391290e-06
-3.649839e-06
-3.875386e-06
-4.067902e-06
-4.227078e-06
-4.357743e-06
-4.450681e-06
-4.501261e-06
-4.494535e-06
-4.439231e-06
-4.340497e-06
-4.200617e-06
-4.037041e-06
-3.862929e-06
-3.683019e-06
-3.495204e-06
-3.295654e-06
-3.088404e-06
-2.880923e-06
-2.680863e-06
-2.485539e-06
-2.307660e-06
-2.164064e-06
-2.059841e-06
-1.967237e-06
-1.902536e-06
-1.860693e-06
-1.826971e-06
-1.795835e-06
-1.755317e-06
-1.695754e-06
-1.613624e-06
-1.501113e-06
-1.357744e-06
-1.185324e-06
-9.885426e-07
-7.727145e-07
-5.468438e-07
-3.122922e-07
-6.935689e-08
1.583437e-07
3.634383e-07
5.423892e-07
6.875643e-07
7.885241e-07
8.329349e-07
8.295050e-07
7.831870e-07
7.025426e-07
6.050165e-07
5.120316e-07
4.411004e-07
4.064490e-07
4.137952e-07
4.564022e-07
5.266992e-07
6.067264e-07
6.867365e-07
7.529810e-07
7.811041e-07
5.423136e-08
-2.700567e-06
-6.425880e-06
-1.172514e-05
-2.234668e-05
-4.378342e-05
-6.840163e-05
-9.318876e-05
-0.0001184206
-0.0001405650
-0.0001552262
-0.0001652962
-0.0001746015
-0.0001842764
-0.0002024295
-0.0002164523
-0.0002306783
-0.0002517031
-0.0002757024
-0.0003026230
-0.0003286661
-0.0003421774
-0.0003553196
-0.0003689652
-0.0003815455
-0.0003957553
-0.0003890576
-0.0003727649
-0.0003495915
-0.0003082037
-0.0002758980
-0.0002484523
-0.0002135544
-0.0001991498
-0.0001954770
-0.0002066352
-0.0002128315
-0.0002027831
-0.0002032720
-0.0001954046
-0.0001709369
-0.0001405699
-0.0001005158
-6.652965e-05
-3.259458e-05
3.969647e-06
4.726567e-05
0.0001191134
0.0001933028
0.0002587237
0.0002986858
0.0003288961
0.0003123679
0.0002265173
0.0001368022
0.0001326003
0.0002329024
0.0003008460
0.0003512942
0.0004752206
0.0006784566
0.0008899166
0.001040735
0.001151046
0.001392490
0.001705784
0.001899877
0.001953939
0.002026322
0.002033275
0.001838143
0.001569025
0.001407154
0.001291751
0.001042002
0.0007413393
0.0005898047
0.0005118842
0.0004606115
0.0004479244
0.0005107294
0.0005595118
0.0005219989
0.0004016785
0.0002886544
0.0001776602
-3.817038e-05
-0.0003279117
-0.0005764943
-0.0006925765
-0.0006867463
-0.0005631460
-0.0005179000
-0.0005905480
-0.0007509795
-0.0009664313
-0.001112572
-0.001237864
-0.001318359
-0.001264824
-0.001035460
-0.0008532126
-0.0007483518
-0.0006681701
-0.0006933890
-0.0008469482
-0.001055264
-0.001258267
-0.001426374
-0.001549714
-0.001510728
-0.001281442
-0.001031869
-0.0008103289
-0.0005979430
-0.0004648510
-0.0004123141
-0.0003715525
-0.0003553584
-0.0004278787
-0.0005343097
-0.0005914542
-0.0004883214
-0.0002658555
-5.968306e-05
6.845542e-05
2.998334e-05
-0.0001015330
-0.0002437978
-0.0003282950
-0.0003416491
-0.0003470222
-0.0003352821
-0.0002608101
-0.0001027125
3.137909e-05
2.875730e-05
-3.303605e-05
-4.059782e-05
-3.202218e-05
-7.928853e-05
-0.0001367822
-0.0001071854
2.475544e-05
0.0001501491
0.0002051047
0.0002892183
0.0003840053
0.0004182149
0.0004643119
0.0005609170
0.0007077782
0.0008563252
0.0009288057
0.0009017166
0.0008235417
0.0007401005
0.0006810140
0.0006138309
0.0005019135
0.0004204874
0.0003758670
0.0003416526
0.0003108555
0.0002875163
0.0002743590
0.0002418824
0.0001689705
0.0001162059
0.0001490538
0.0002347689
0.0002826015
0.0003029341
0.0003096389
0.0002877271
0.0002485725
0.0001690847
7.055433e-05
2.286449e-05
5.638021e-05
0.0001215823
0.0001770586
0.0002078325
0.0001897916
0.0001140584
3.188668e-05
-1.220564e-05
-1.609753e-05
-4.482355e-05
-0.0001313230
-0.0002043124
-0.0002233724
-0.0002023214
-0.0001695268
-0.0001504654
-0.0001389640
-0.0001136522
-4.703158e-05
1.557118e-05
2.236922e-05
-1.524548e-05
-7.606623e-05
-0.0001446365
-0.0001855197
-0.0001793082
-0.0001422195
-0.0001130774
-9.457015e-05
-8.043701e-05
-6.157147e-05
-3.926425e-05
-5.480988e-05
-0.0001010399
-0.0001515457
-0.0001846373
-0.0001809416
-0.0001678562
-0.0001658346
-0.0001572750
-0.0001393848
-0.0001283097
-0.0001136746
-7.834007e-05
-6.641239e-05
-9.889751e-05
-0.0001406920
-0.0001608442
-0.0001623884
-0.0001436722
-0.0001094713
-7.887295e-05
-6.369886e-05
-7.298903e-05
-8.322304e-05
-7.691701e-05
-4.414282e-05
-9.390371e-06
3.586829e-05
8.004365e-05
0.0001014062
8.507475e-05
5.036689e-05
1.722650e-05
7.685055e-06
1.122021e-05
9.088701e-06
6.973103e-07
1.903816e-05
6.896548e-05
0.0001287460
0.0002013811
0.0002522826
0.0002425442
0.0001692112
7.109471e-05
-8.913457e-06
-4.227802e-05
-3.640037e-05
-1.831889e-05
1.458314e-05
5.602873e-05
0.0001108162
0.0001762828
0.0002326121
0.0002530357
0.0002373516
0.0001930715
0.0001415706
0.0001180008
0.0001106307
9.345747e-05
7.483495e-05
7.301631e-05
7.634122e-05
5.357560e-05
1.982110e-06
-5.234321e-05
-0.0001109408
-0.0001597397
-0.0001725953
-0.0001561320
-0.0001446439
-0.0001394215
-0.0001297445
-0.0001144597
-0.0001026778
-0.0001107654
-0.0001130505
-8.903648e-05
-3.684813e-05
1.641150e-05
5.377423e-05
6.960402e-05
6.342970e-05
3.790242e-05
1.673704e-06
-3.301606e-05
-6.894902e-05
-0.0001166825
-0.0001587846
-0.0001762591
-0.0001691359
-0.0001560163
-0.0001586445
-0.0001607526
-0.0001527829
-0.0001544221
-0.0001765877
-0.0002070475
-0.0002285208
-0.0002354091
-0.0002218685
-0.0001900252
-0.0001361455
-5.474587e-05
3.387529e-05
0.0001095832
0.0001685335
0.0002122172
0.0002410210
0.0002452213
0.0002458440
0.0002565231
0.0002664447
0.0002517522
0.0002067124
0.0001432023
7.249929e-05
5.944836e-05
0.0001037177
6.852478e-05
9.514016e-06
1.305127e-05
3.571239e-05
3.288541e-05
2.714389e-05
5.007058e-06
9.449272e-06
2.225283e-05
6.903261e-06
8.404036e-06
1.043473e-05
2.149645e-05
5.223067e-05
2.098181e-05
-3.620503e-05
-8.929022e-05
-0.0001229537
-0.0001380606
-0.0001432252
-0.0001314437
-9.394860e-05
-3.517404e-05
7.790074e-06
6.379154e-05
0.0001068269
0.0001386780
0.0001508126
0.0001398868
0.0001015977
5.642179e-05
3.012408e-05
4.153090e-05
3.319432e-05
-3.618818e-06
-5.726640e-05
-8.885103e-05
-8.201940e-05
-4.992115e-05
-2.192302e-05
-7.016606e-06
4.502414e-07
-1.672639e-05
-2.957000e-05
-3.650408e-05
-3.757028e-05
-4.549487e-05
-7.729023e-05
-0.0001182944
-0.0001097181
-6.006359e-05
-2.165833e-05
4.465428e-06
1.493730e-05
6.363472e-06
-5.645541e-06
-3.227940e-05
-6.515875e-05
-8.180793e-05
-7.022445e-05
-5.023892e-05
-5.310162e-05
-5.619977e-05
-2.411776e-05
2.048309e-05
3.948596e-05
4.237630e-05
5.158675e-05
6.536291e-05
7.920737e-05
0.0001048564
0.0001378588
0.0001650854
0.0001743433
0.0001633197
0.0001513598
0.0001312541
8.669540e-05
4.954626e-05
3.000924e-05
1.733513e-05
-1.254641e-05
-5.597465e-05
-8.337048e-05
-0.0001069202
-0.0001233823
-0.0001408051
-0.0001463588
-0.0001285471
-0.0001042159
-7.065324e-05
-3.269697e-05
-4.097426e-06
1.066375e-05
5.106463e-06
-2.921681e-06
1.436007e-05
5.405542e-05
9.970534e-05
0.0001254339
0.0001221982
0.0001011057
7.078702e-05
4.594011e-05
2.528344e-05
8.328752e-06
-6.272113e-06
-9.525722e-06
-2.063821e-05
-2.063821e-05
-2.063821e-05
-2.760487e-11
-4.367684e-08
-2.490082e-07
-6.389313e-07
-1.166855e-06
-1.764584e-06
-2.369087e-06
-2.935190e-06
-3.434959e-06
-3.858506e-06
-4.206469e-06
-4.485534e-06
-4.705693e-06
-4.877033e-06
-5.008422e-06
-5.107432e-06
-5.178034e-06
-5.222199e-06
-5.238181e-06
-5.221384e-06
-5.171251e-06
-5.089549e-06
-4.978630e-06
-4.842396e-06
-4.686998e-06
-4.521914e-06
-4.355631e-06
-4.186511e-06
-4.014574e-06
-3.840233e-06
-3.665828e-06
-3.491144e-06
-3.314232e-06
-3.135784e-06
-2.955380e-06
-2.774780e-06
-2.592297e-06
-2.405343e-06
-2.215504e-06
-2.023337e-06
-1.831271e-06
-1.642868e-06
-1.459349e-06
-1.284057e-06
-1.117548e-06
-9.597806e-07
-8.082748e-07
-6.615063e-07
-5.148717e-07
-3.671105e-07
-2.176565e-07
-6.788038e-08
7.948346e-08
2.271546e-07
3.728217e-07
5.151813e-07
6.514522e-07
7.789479e-07
8.940460e-07
9.934392e-07
1.077139e-06
1.141596e-06
1.187219e-06
1.216204e-06
1.229328e-06
1.230996e-06
1.224763e-06
1.211070e-06
1.191171e-06
1.168199e-06
1.147090e-06
1.130930e-06
1.124663e-06
1.129710e-06
1.147554e-06
1.175015e-06
1.210732e-06
1.251861e-06
1.295378e-06
1.339405e-06
1.381246e-06
1.417781e-06
1.444966e-06
1.459618e-06
1.459840e-06
1.446524e-06
1.422301e-06
1.390625e-06
1.354184e-06
1.315665e-06
1.278402e-06
1.244354e-06
1.213730e-06
1.185212e-06
1.155726e-06
1.122567e-06
1.087911e-06
1.053884e-06
1.021978e-06
9.937925e-07
9.710096e-07
9.541669e-07
9.431624e-07
9.396535e-07
9.436069e-07
9.547940e-07
9.207357e-07
3.541661e-07
1.425593e-06
5.072998e-07
-3.086592e-06
-7.969323e-06
-1.239162e-05
-2.377037e-05
-4.087507e-05
-5.927797e-05
-6.799826e-05
-6.960526e-05
-7.438723e-05
-7.927717e-05
-8.502252e-05
-9.721930e-05
-0.0001200407
-0.0001379042
-0.0001439780
-0.0001446086
-0.0001462044
-0.0001472896
-0.0001489669
-0.0001547777
-0.0001718084
-0.0001821301
-0.0001832226
-0.0001795228
-0.0001668003
-0.0001464368
-0.0001324983
-0.0001257394
-0.0001226342
-0.0001128426
-9.765323e-05
-7.535944e-05
-4.331065e-05
-1.535905e-05
-9.667866e-06
-1.135571e-05
-9.901057e-06
-8.125943e-06
-1.703383e-05
-2.963001e-05
-3.135087e-05
-1.919621e-05
-3.766459e-06
1.418973e-05
3.873382e-05
6.065359e-05
7.768546e-05
9.468570e-05
0.0001077169
0.0001231912
0.0001248647
0.0001079086
7.645562e-05
4.153672e-05
1.654462e-05
5.999126e-06
1.327791e-05
3.897045e-05
8.094472e-05
0.0001372157
0.0001938168
0.0002460848
0.0002957924
0.0003389260
0.0003783453
0.0004148254
0.0004496763
0.0004791080
0.0004935383
0.0004919583
0.0004732659
0.0004433938
0.0004032546
0.0003554637
0.0003264179
0.0003141953
0.0002830188
0.0002586040
0.0002955473
0.0003130836
0.0002285551
0.0001801916
0.0001594681
0.0001875830
0.0002073622
0.0002370370
0.0003145597
0.0003254893
0.0002431504
0.0002232393
0.0001003775
1.661637e-06
-7.119939e-05
-6.711388e-05
-4.051174e-05
-0.0001298426
-0.0001021103
-2.162264e-05
-1.447133e-05
3.824287e-06
2.548070e-05
-9.774614e-06
-8.669850e-05
-8.569913e-05
-6.370077e-06
7.063953e-05
0.0001074230
0.0001431978
0.0001572042
0.0001652382
0.0001282717
0.0001315000
0.0001479010
0.0001598325
0.0001558642
8.525659e-05
2.398878e-05
-8.571280e-05
-0.0001832630
-0.0002768403
-0.0003091766
-0.0003292620
-0.0003716451
-0.0003614099
-0.0003132144
-0.0002926895
-0.0003083078
-0.0003359255
-0.0003803884
-0.0004460753
-0.0005423207
-0.0006268662
-0.0006619185
-0.0006340812
-0.0005786939
-0.0005396963
-0.0005429058
-0.0005734608
-0.0006014478
-0.0006224456
-0.0006235046
-0.0006353704
-0.0006594344
-0.0006488769
-0.0005813656
-0.0004964231
-0.0004565496
-0.0004270678
-0.0003943402
-0.0003907595
-0.0004108015
-0.0004153825
-0.0003611566
-0.0002688597
-0.0001422964
2.734827e-07
0.0001270187
0.0002072381
0.0002219364
0.0001785437
0.0001197113
8.223987e-05
5.558640e-05
2.383812e-05
-5.682175e-06
6.370600e-07
4.162018e-05
8.359561e-05
0.0001362306
0.0001822949
0.0001988317
0.0002171296
0.0002389354
0.0002536549
0.0002757778
0.0002972696
0.0003127813
0.0003326075
0.0003690492
0.0004195209
0.0004732382
0.0004967680
0.0004875695
0.0004664789
0.0004486794
0.0004414679
0.0004613532
0.0004937981
0.0005145817
0.0005011238
0.0004664800
0.0004120916
0.0003439058
0.0002642983
0.0001720091
8.335720e-05
1.943365e-05
-1.699180e-05
-3.350155e-05
-3.127149e-05
-1.781917e-05
3.377450e-06
4.152981e-05
0.0001041734
0.0001681500
0.0002191714
0.0002519221
0.0002697089
0.0002692313
0.0002407135
0.0001836178
0.0001203199
7.905902e-05
5.128281e-05
1.619692e-05
-1.998815e-06
1.229312e-05
2.025801e-05
2.059580e-06
-3.761752e-05
-9.835212e-05
-0.0001686297
-0.0002391608
-0.0003022591
-0.0003458726
-0.0003547755
-0.0003119293
-0.0002384361
-0.0001677632
-0.0001077368
-5.770127e-05
-2.797519e-05
-2.017612e-05
-1.801308e-05
-1.737583e-05
-2.140202e-05
-3.194273e-05
-4.327398e-05
-4.884673e-05
-5.506297e-05
-7.986515e-05
-0.0001281030
-0.0001802387
-0.0002240732
-0.0002617505
-0.0002866311
-0.0002876713
-0.0002596304
-0.0002159202
-0.0001654429
-0.0001044637
-4.433887e-05
-5.114401e-06
9.167770e-06
3.390994e-06
-1.935622e-05
-4.940459e-05
-6.210569e-05
-4.964737e-05
-3.656486e-05
-2.889091e-05
-2.774889e-05
-3.335621e-05
-4.517097e-05
-4.949072e-05
-3.619555e-05
-1.739906e-05
1.906526e-06
2.670288e-05
5.857226e-05
9.146986e-05
0.0001107970
0.0001106746
8.999329e-05
5.710129e-05
2.006134e-05
-1.789868e-05
-4.667548e-05
-5.490567e-05
-4.181120e-05
-1.312421e-05
1.417041e-05
3.250779e-05
5.895423e-05
9.842660e-05
0.0001364434
0.0001743996
0.0002003713
0.0002011870
0.0001808970
0.0001458883
0.0001137230
8.565056e-05
6.355483e-05
5.708646e-05
6.505611e-05
8.038250e-05
8.981704e-05
8.755364e-05
8.574336e-05
8.813422e-05
8.582033e-05
7.732279e-05
5.606636e-05
2.435410e-05
-1.051887e-05
-3.450807e-05
-4.239086e-05
-4.000181e-05
-3.471393e-05
-3.253686e-05
-3.032424e-05
-2.793599e-05
-2.939971e-05
-3.757105e-05
-6.128648e-05
-9.152123e-05
-0.0001132152
-0.0001210343
-0.0001163645
-9.487743e-05
-5.812549e-05
-1.679610e-05
1.339746e-05
3.045043e-05
3.597064e-05
2.996589e-05
1.430244e-05
-3.567424e-06
-1.676777e-05
-2.919145e-05
-4.088181e-05
-5.513054e-05
-7.791017e-05
-0.0001044103
-0.0001303740
-0.0001520594
-0.0001769592
-0.0001950994
-0.0001849564
-0.0001581001
-0.0001294205
-9.966374e-05
-6.622355e-05
-2.157587e-05
2.870383e-05
7.738427e-05
8.461464e-05
0.0001067811
0.0001293876
0.0001335346
0.0001686218
0.0001457630
0.0001343072
0.0001716848
0.0001647483
0.0001539944
0.0001122279
5.594854e-05
2.513769e-05
6.783728e-07
5.338193e-06
3.494286e-05
5.182808e-05
5.303990e-05
5.318958e-05
5.106614e-05
3.646108e-05
2.158825e-05
6.811318e-06
-1.228292e-05
-3.127931e-05
-2.585790e-05
-1.948835e-05
-3.258444e-05
-5.244853e-05
-5.149407e-05
-5.057399e-05
-5.546462e-05
-4.732092e-05
-3.591032e-05
-4.210863e-05
-4.485160e-05
-3.706710e-05
-2.873858e-05
-1.980059e-05
-6.447343e-07
2.280323e-05
5.115165e-05
7.198897e-05
7.296603e-05
4.969924e-05
1.535737e-05
-1.457514e-05
-2.949985e-05
-3.416988e-05
-2.341984e-05
-2.049589e-06
1.337887e-05
1.768060e-05
1.768060e-05
1.768060e-05
-1.864983e-12
6.216856e-11
4.286547e-09
1.617648e-08
3.409071e-08
5.864792e-08
9.227287e-08
1.304475e-07
1.698045e-07
2.095287e-07
2.463491e-07
2.804284e-07
3.109538e-07
3.313194e-07
3.422861e-07
3.425660e-07
3.329135e-07
3.134372e-07
2.865837e-07
2.554652e-07
2.230467e-07
1.910723e-07
1.626462e-07
1.427583e-07
1.341800e-07
1.399931e-07
1.625744e-07
2.019696e-07
2.531810e-07
3.097293e-07
3.651892e-07
4.127454e-07
4.485773e-07
4.678623e-07
4.711267e-07
4.615428e-07
4.409387e-07
4.111942e-07
3.741178e-07
3.311087e-07
2.829040e-07
2.300742e-07
1.744197e-07
1.163497e-07
5.863094e-08
6.267442e-09
-3.800548e-08
-6.754097e-08
-8.021177e-08
-7.466458e-08
-4.902729e-08
-7.318334e-09
4.794115e-08
1.100434e-07
1.782879e-07
2.511527e-07
3.225751e-07
3.873393e-07
4.395923e-07
4.743960e-07
4.867068e-07
4.718937e-07
4.319936e-07
3.722641e-07
2.954082e-07
2.094593e-07
1.212485e-07
4.410085e-08
-1.677058e-08
-6.002622e-08
-8.675805e-08
-9.714172e-08
-9.468286e-08
-7.579009e-08
-4.756286e-08
-1.347351e-08
2.144076e-08
5.136446e-08
7.364062e-08
8.499295e-08
1.010524e-07
1.235101e-07
1.424136e-07
1.628181e-07
1.841489e-07
2.130044e-07
2.474564e-07
2.844533e-07
3.215781e-07
3.577816e-07
3.825869e-07
3.933088e-07
3.906782e-07
3.699627e-07
3.337408e-07
2.818965e-07
2.234079e-07
1.642109e-07
1.107180e-07
6.563991e-08
2.987583e-08
8.493689e-10
-1.920159e-08
-3.275671e-08
-3.695869e-08
-3.256327e-08
-1.613856e-08
1.196422e-08
4.903528e-08
9.039379e-08
1.342690e-07
1.724000e-07
2.041892e-07
2.290200e-07
2.448295e-07
2.543060e-07
2.614998e-07
2.655898e-07
2.655121e-07
2.644181e-07
2.583553e-07
2.486721e-07
2.365995e-07
2.250105e-07
2.147698e-07
2.102604e-07
2.135927e-07
2.232731e-07
2.372281e-07
2.501157e-07
2.561447e-07
2.511696e-07
2.326180e-07
2.038241e-07
1.693813e-07
1.326565e-07
1.012150e-07
7.441374e-08
5.712560e-08
4.656449e-08
4.253284e-08
4.761378e-08
5.325686e-08
5.650863e-08
7.923101e-08
3.066870e-07
1.132789e-06
2.413729e-06
4.179225e-06
6.942976e-06
1.127381e-05
1.658918e-05
2.164679e-05
2.469156e-05
2.526417e-05
2.276740e-05
1.749607e-05
8.573181e-06
-4.237818e-06
-1.640334e-05
-2.362362e-05
-2.465645e-05
-1.951606e-05
-8.173351e-06
3.498381e-06
9.235575e-06
8.941859e-06
4.428403e-06
3.411840e-06
5.704140e-06
7.435996e-06
2.831840e-06
-7.891522e-06
-2.592454e-05
-4.557317e-05
-6.411110e-05
-8.015117e-05
-9.524075e-05
-0.0001070972
-0.0001060327
-9.858430e-05
-8.910226e-05
-7.727074e-05
-6.509230e-05
-5.542332e-05
-4.925676e-05
-4.330072e-05
-4.133816e-05
-4.458190e-05
-5.398413e-05
-6.068645e-05
-6.550246e-05
-6.701906e-05
-6.291101e-05
-6.034437e-05
-5.952048e-05
-5.592599e-05
-4.898662e-05
-3.581810e-05
-1.820226e-05
-8.702717e-07
1.106513e-05
1.256807e-05
7.600488e-06
2.080795e-06
-1.093848e-06
8.286828e-06
2.756459e-05
4.154950e-05
4.233374e-05
3.324641e-05
1.642096e-05
-1.338157e-07
-5.949801e-06
6.524155e-06
3.084855e-05
5.559880e-05
8.233475e-05
0.0001096290
0.0001306049
0.0001414401
0.0001437326
0.0001549068
0.0001760935
0.0002057146
0.0002354784
0.0002673910
0.0002951945
0.0003108112
0.0003196096
0.0003251694
0.0003219909
0.0003095391
0.0002955081
0.0002825945
0.0002604922
0.0002281488
0.0001859660
0.0001440970
0.0001019046
5.776509e-05
1.568117e-05
-2.114138e-05
-5.523607e-05
-8.424199e-05
-0.0001069709
-0.0001267862
-0.0001421051
-0.0001516177
-0.0001576773
-0.0001564020
-0.0001515334
-0.0001622097
-0.0001867254
-0.0002152333
-0.0002485569
-0.0002857834
-0.0003119385
-0.0003248239
-0.0003300814
-0.0003302719
-0.0003262979
-0.0003115748
-0.0002957963
-0.0002813943
-0.0002620026
-0.0002341058
-0.0002013068
-0.0001635699
-0.0001287357
-0.0001017220
-8.664822e-05
-7.963651e-05
-9.166840e-05
-0.0001122391
-0.0001068391
-8.137469e-05
-3.902596e-05
3.000416e-05
8.817930e-05
0.0001497116
0.0002036858
0.0002243455
0.0001943511
0.0001827564
0.0001790512
0.0001618353
0.0001599109
0.0001425901
0.0001089767
9.065969e-05
9.758522e-05
0.0001012228
9.131887e-05
8.026263e-05
5.304904e-05
2.078876e-05
4.903945e-05
9.932060e-05
0.0001414399
0.0001967058
0.0002331394
0.0002571752
0.0003013602
0.0003336291
0.0003622897
0.0003850014
0.0003930377
0.0003563490
0.0003007631
0.0002476428
0.0002121256
0.0001921459
0.0001668462
0.0001382132
9.252701e-05
7.825020e-05
7.016438e-05
8.706549e-05
8.671547e-05
0.0001038882
0.0001017938
9.275378e-05
4.766498e-05
-4.107428e-05
-0.0001384710
-0.0002187868
-0.0002588206
-0.0002625498
-0.0002562731
-0.0002786081
-0.0002904978
-0.0002988917
-0.0003491619
-0.0004036756
-0.0004359328
-0.0004707623
-0.0004897245
-0.0004709076
-0.0004455992
-0.0004400026
-0.0004315726
-0.0004311312
-0.0004655538
-0.0005098542
-0.0005239670
-0.0004981937
-0.0004518168
-0.0004028777
-0.0003505367
-0.0002831745
-0.0001949503
-0.0001247874
-6.841804e-05
-2.525971e-05
-3.140288e-05
-5.873636e-05
-8.348716e-05
-9.884520e-05
-8.069563e-05
-3.569594e-05
2.642041e-05
9.123558e-05
0.0001325032
0.0001553086
0.0001694198
0.0001827226
0.0001804769
0.0001740223
0.0001772462
0.0001786991
0.0001753368
0.0001816381
0.0001998450
0.0002306897
0.0002547027
0.0002560643
0.0002624730
0.0002664438
0.0002568254
0.0002537538
0.0002617497
0.0002703640
0.0002813659
0.0003019253
0.0003162603
0.0003046081
0.0002730670
0.0002525294
0.0002393800
0.0002089504
0.0001702416
0.0001407690
0.0001275589
0.0001223802
0.0001168089
0.0001160228
0.0001162531
0.0001249891
0.0001271555
0.0001246066
0.0001200659
0.0001089608
8.726639e-05
6.445719e-05
3.971363e-05
4.821051e-06
-2.495967e-05
-3.080630e-05
-6.365504e-06
2.493498e-05
4.841045e-05
5.548737e-05
3.955638e-05
4.876106e-06
-3.534973e-05
-7.715405e-05
-0.0001006791
-0.0001041940
-0.0001061112
-0.0001169063
-0.0001312159
-0.0001372027
-0.0001364350
-0.0001388353
-0.0001475374
-0.0001600764
-0.0001718014
-0.0001729212
-0.0001568580
-0.0001209473
-6.926503e-05
-3.463543e-05
-1.694153e-05
-1.837951e-05
-2.680398e-05
-3.203902e-05
-4.259709e-05
-5.130238e-05
-5.717799e-05
-5.895974e-05
-5.792908e-05
-4.641209e-05
-2.746289e-05
-1.077844e-05
-1.277205e-06
9.267562e-07
-1.760514e-07
6.612896e-06
7.934139e-06
1.409997e-06
-1.515464e-05
-4.189606e-05
-7.375117e-05
-9.958545e-05
-0.0001076637
-9.824298e-05
-7.765920e-05
-4.219041e-05
-4.747626e-06
2.873669e-05
4.692152e-05
5.321325e-05
4.888780e-05
4.331508e-05
3.977108e-05
2.681575e-05
4.647470e-06
-2.271239e-05
-4.652311e-05
-6.800545e-05
-8.049021e-05
-7.580436e-05
-4.724575e-05
-1.029265e-05
1.919352e-05
4.095551e-05
5.301516e-05
5.112688e-05
4.218353e-05
3.624715e-05
3.981643e-05
5.174383e-05
6.201013e-05
6.758138e-05
6.251125e-05
4.554672e-05
1.636954e-05
-2.116965e-05
-5.717353e-05
-8.106309e-05
-8.887676e-05
-9.061660e-05
-8.175090e-05
-6.407337e-05
-4.322443e-05
-2.445490e-05
-1.131918e-05
-2.597118e-06
3.258255e-06
3.798849e-06
4.606170e-06
1.291767e-05
3.127387e-05
4.944047e-05
5.556692e-05
5.271475e-05
5.021242e-05
5.818118e-05
6.672828e-05
6.672828e-05
6.672828e-05
1.492821e-11
2.226163e-08
1.242357e-07
3.152990e-07
5.749162e-07
8.720513e-07
1.173738e-06
1.454253e-06
1.700193e-06
1.904473e-06
2.069435e-06
2.198352e-06
2.293297e-06
2.359454e-06
2.401500e-06
2.423191e-06
2.429125e-06
2.420480e-06
2.401267e-06
2.375241e-06
2.342224e-06
2.302903e-06
2.259649e-06
2.216916e-06
2.173923e-06
2.131924e-06
2.095850e-06
2.063115e-06
2.022634e-06
1.956203e-06
1.870917e-06
1.775253e-06
1.669423e-06
1.553423e-06
1.437084e-06
1.324863e-06
1.220566e-06
1.122634e-06
1.024881e-06
9.189619e-07
8.073788e-07
6.890350e-07
5.664232e-07
4.509920e-07
3.461440e-07
2.503375e-07
1.642925e-07
9.145240e-08
2.957408e-08
-2.230332e-08
-7.123148e-08
-1.145086e-07
-1.513729e-07
-1.812483e-07
-2.027345e-07
-2.184427e-07
-2.285622e-07
-2.372601e-07
-2.482341e-07
-2.625148e-07
-2.764531e-07
-2.974936e-07
-3.242808e-07
-3.519161e-07
-3.812448e-07
-4.110160e-07
-4.448124e-07
-4.813150e-07
-5.217391e-07
-5.662259e-07
-6.118432e-07
-6.597532e-07
-7.087565e-07
-7.519680e-07
-7.921969e-07
-8.271881e-07
-8.554345e-07
-8.741129e-07
-8.831133e-07
-8.795591e-07
-8.608258e-07
-8.278799e-07
-7.802134e-07
-7.185622e-07
-6.469164e-07
-5.717392e-07
-4.994329e-07
-4.352133e-07
-3.811182e-07
-3.386364e-07
-3.095622e-07
-2.971892e-07
-3.038212e-07
-3.266002e-07
-3.633614e-07
-4.126423e-07
-4.681104e-07
-5.240616e-07
-5.780449e-07
-6.274452e-07
-6.671648e-07
-6.944589e-07
-7.105757e-07
-7.145588e-07
-7.066037e-07
-6.848834e-07
-6.503421e-07
-6.034274e-07
-5.499837e-07
-4.936214e-07
-4.392226e-07
-3.883625e-07
-3.450246e-07
-3.120766e-07
-2.959296e-07
-2.945023e-07
-3.041813e-07
-3.226455e-07
-3.423351e-07
-3.594740e-07
-2.395537e-07
7.934419e-07
3.733678e-06
8.281808e-06
1.056659e-05
1.463111e-05
2.086658e-05
2.591726e-05
1.790424e-05
-9.162057e-07
-2.620669e-05
-4.482345e-05
-5.452469e-05
-5.235104e-05
-3.967511e-05
-2.102936e-05
-1.611376e-05
-3.152276e-05
-4.827804e-05
-5.474303e-05
-5.293310e-05
-5.067429e-05
-4.820025e-05
-4.635061e-05
-4.586912e-05
-5.541134e-05
-7.259688e-05
-0.0001028774
-0.0001291344
-0.0001458975
-0.0001456654
-0.0001385179
-0.0001243860
-0.0001051099
-8.965359e-05
-8.235087e-05
-7.453853e-05
-6.258884e-05
-5.364005e-05
-5.513503e-05
-6.382180e-05
-6.371805e-05
-5.970750e-05
-5.119701e-05
-5.053705e-05
-4.803952e-05
-4.357090e-05
-3.394618e-05
-1.711078e-05
5.627972e-06
3.072757e-05
4.546495e-05
4.968792e-05
3.998832e-05
1.717575e-05
5.106278e-06
2.985910e-06
3.562424e-06
1.458466e-05
3.076992e-05
4.789385e-05
5.641613e-05
6.444790e-05
7.289003e-05
9.013599e-05
0.0001142932
0.0001377430
0.0001658621
0.0001933810
0.0002108919
0.0002098051
0.0002049324
0.0001972470
0.0002001948
0.0002271402
0.0002690011
0.0003211499
0.0003849382
0.0004428017
0.0004737360
0.0004768470
0.0004552810
0.0004106711
0.0003461502
0.0002711611
0.0001887937
0.0001178692
6.025982e-05
1.396030e-05
-3.153375e-05
-7.439771e-05
-0.0001250069
-0.0001769810
-0.0002128783
-0.0002520514
-0.0002728899
-0.0002268757
-0.0001641354
-0.0001279169
-0.0001253051
-0.0001294378
-0.0001464698
-0.0001776431
-0.0002278631
-0.0002799253
-0.0002518871
-0.0001861701
-0.0001617548
-0.0001380427
-0.0001032130
-4.958192e-05
-7.184023e-05
-0.0001447740
-0.0001427685
-8.401144e-05
6.519933e-06
0.0001086530
0.0002538608
0.0004085943
0.0004500708
0.0003618700
0.0002547461
0.0001735409
0.0001537941
0.0001572356
0.0001616071
0.0001520350
0.0002063824
0.0002266267
0.0002193013
0.0001861959
0.0001692741
0.0001493520
0.0001328074
0.0001286977
0.0001109747
8.379247e-05
6.674939e-05
8.804975e-05
0.0001075009
0.0001034463
8.906803e-05
8.842277e-06
-0.0001231470
-0.0002255199
-0.0002137628
-0.0001744244
-0.0001669370
-0.0001364113
-9.642790e-05
-0.0001216373
-0.0002213610
-0.0003403860
-0.0004406020
-0.0005338057
-0.0006003056
-0.0005933274
-0.0005052175
-0.0004088080
-0.0003055914
-0.0002345223
-0.0002535174
-0.0003326237
-0.0004314204
-0.0005526947
-0.0006338152
-0.0006291053
-0.0005869462
-0.0005450950
-0.0005488433
-0.0005938537
-0.0006089375
-0.0005273584
-0.0004076424
-0.0002921292
-0.0001831523
-7.670691e-05
2.737153e-05
8.056650e-05
7.881677e-05
5.647001e-05
4.989385e-05
3.380540e-05
2.463397e-05
3.010320e-05
2.159321e-05
3.046878e-05
8.516966e-05
0.0001488809
0.0002048080
0.0002760386
0.0003158202
0.0003104475
0.0002926428
0.0002642681
0.0002458676
0.0002719963
0.0003341936
0.0003473728
0.0003245443
0.0003317262
0.0003707327
0.0004183937
0.0004591566
0.0004493464
0.0003955745
0.0003621706
0.0003697949
0.0003682234
0.0003442263
0.0003203986
0.0003050470
0.0002858045
0.0002632344
0.0002582124
0.0002550741
0.0002315063
0.0002170066
0.0002126007
0.0002129437
0.0002101407
0.0002104168
0.0002261035
0.0002295877
0.0002148793
0.0001876738
0.0001535675
0.0001348265
0.0001204980
0.0001020534
8.315597e-05
4.795871e-05
-3.976899e-05
-0.0001561771
-0.0002464264
-0.0002877605
-0.0002948079
-0.0002800864
-0.0002628314
-0.0002239418
-0.0001669324
-0.0001223359
-0.0001109504
-0.0001174875
-0.0001220581
-0.0001245399
-0.0001235990
-0.0001200940
-0.0001055623
-9.721547e-05
-0.0001293054
-0.0001981884
-0.0002730494
-0.0003312909
-0.0003675664
-0.0003709647
-0.0003482508
-0.0003100331
-0.0002739578
-0.0002306976
-0.0001647678
-8.280791e-05
-1.650729e-05
5.659354e-06
-1.134094e-05
-3.661972e-05
-4.696262e-05
-2.802959e-05
2.201070e-05
8.856966e-05
0.0001538326
0.0001986602
0.0002183532
0.0002150907
0.0001670356
7.367023e-05
-2.708875e-05
-0.0001009571
-0.0001415255
-0.0001515098
-0.0001337436
-9.474140e-05
-4.384765e-05
9.454072e-06
5.355310e-05
8.164018e-05
9.280929e-05
9.416137e-05
9.658732e-05
0.0001173595
0.0001552970
0.0001957987
0.0002207164
0.0002163079
0.0001865506
0.0001431251
9.120447e-05
4.336497e-05
6.428093e-06
-7.568140e-06
2.969324e-06
3.533968e-05
7.248523e-05
8.923004e-05
8.658148e-05
6.707127e-05
2.638866e-05
-2.054443e-05
-6.061469e-05
-0.0001012665
-0.0001360949
-0.0001411381
-0.0001169478
-8.171512e-05
-4.783176e-05
-1.880641e-05
1.367353e-05
3.246210e-05
1.891410e-05
-8.860331e-06
-3.037845e-05
-4.191615e-05
-4.692142e-05
-4.832169e-05
-4.833686e-05
-4.627310e-05
-3.930177e-05
-2.845114e-05
-1.415661e-05
-3.474861e-06
-1.569737e-06
-9.068855e-06
-2.309454e-05
-3.497850e-05
-4.814587e-05
-6.483743e-05
-7.779709e-05
-7.996693e-05
-6.483537e-05
-3.993376e-05
-1.454651e-05
-8.114305e-07
-1.235060e-05
-4.441180e-05
-7.623523e-05
-9.934742e-05
-9.984145e-05
-7.418919e-05
-3.834572e-05
-8.793151e-06
9.667038e-06
2.793506e-05
4.639700e-05
6.091568e-05
6.733375e-05
7.302874e-05
7.794038e-05
7.834194e-05
7.849632e-05
8.795500e-05
0.0001060716
0.0001194397
0.0001085863
7.912392e-05
4.276503e-05
2.267636e-05
2.038331e-07
1.222933e-05
2.104754e-05
1.959208e-05
-2.819668e-05
-4.514614e-05
-3.490717e-05
-1.085992e-05
1.702096e-05
4.372868e-05
5.493293e-05
5.398118e-05
2.729372e-05
1.366959e-05
1.413823e-05
7.684249e-06
3.080394e-06
4.763198e-06
2.321341e-06
-5.831749e-06
-1.094236e-05
-1.758586e-05
-7.512976e-06
1.133710e-05
1.133710e-05
1.133710e-05
1.335426e-11
2.427840e-08
1.401340e-07
3.621184e-07
6.645882e-07
1.009546e-06
1.361724e-06
1.694429e-06
1.990667e-06
2.242487e-06
2.448000e-06
2.608991e-06
2.728139e-06
2.808872e-06
2.855229e-06
2.871577e-06
2.862168e-06
2.831623e-06
2.784813e-06
2.725871e-06
2.658650e-06
2.586319e-06
2.511977e-06
2.437893e-06
2.365524e-06
2.294986e-06
2.225180e-06
2.154065e-06
2.079848e-06
2.001791e-06
1.918536e-06
1.829109e-06
1.734689e-06
1.636402e-06
1.534148e-06
1.428892e-06
1.321565e-06
1.213976e-06
1.107625e-06
1.002287e-06
8.976965e-07
7.928278e-07
6.858054e-07
5.764883e-07
4.666211e-07
3.580566e-07
2.520167e-07
1.499186e-07
5.280087e-08
-3.840943e-08
-1.236485e-07
-2.031071e-07
-2.761949e-07
-3.414716e-07
-3.977897e-07
-4.451682e-07
-4.831289e-07
-5.112673e-07
-5.318563e-07
-5.471754e-07
-5.602282e-07
-5.737023e-07
-5.894246e-07
-6.087453e-07
-6.320556e-07
-6.595037e-07
-6.916036e-07
-7.275686e-07
-7.662628e-07
-8.064513e-07
-8.464751e-07
-8.834846e-07
-9.140767e-07
-9.357325e-07
-9.483578e-07
-9.520157e-07
-9.475567e-07
-9.361011e-07
-9.202712e-07
-9.030027e-07
-8.844822e-07
-8.631300e-07
-8.399205e-07
-8.165026e-07
-7.935109e-07
-7.722340e-07
-7.547964e-07
-7.433761e-07
-7.373540e-07
-7.374790e-07
-7.437479e-07
-7.544626e-07
-7.671875e-07
-7.778987e-07
-7.847041e-07
-7.871717e-07
-7.832593e-07
-7.712165e-07
-7.538463e-07
-7.360302e-07
-7.173021e-07
-6.995622e-07
-6.844010e-07
-6.700442e-07
-6.567548e-07
-6.443749e-07
-6.316165e-07
-6.200428e-07
-6.117931e-07
-6.074460e-07
-6.068309e-07
-6.096762e-07
-6.148953e-07
-6.229843e-07
-6.338216e-07
-6.422959e-07
-6.440204e-07
-6.362343e-07
-6.208123e-07
-5.984252e-07
-5.710299e-07
-5.432460e-07
-5.171041e-07
-4.961801e-07
-4.831936e-07
-4.820506e-07
-4.947189e-07
-5.221558e-07
-5.598144e-07
-6.033476e-07
-6.515356e-07
-6.979316e-07
-7.355242e-07
-7.610629e-07
-7.767018e-07
-7.812896e-07
-7.757779e-07
-7.600862e-07
-7.372025e-07
-7.090350e-07
-6.751905e-07
-6.354662e-07
-5.932401e-07
-5.523274e-07
-5.159717e-07
-4.847241e-07
-4.610677e-07
-4.463560e-07
-4.406625e-07
-4.472246e-07
-4.684229e-07
-5.025346e-07
-5.488131e-07
-6.027433e-07
-6.586866e-07
-7.117732e-07
-7.592575e-07
-7.972674e-07
-8.241058e-07
-8.377249e-07
-8.377564e-07
-8.228218e-07
-7.929121e-07
-7.495621e-07
-6.969825e-07
-6.403417e-07
-5.817236e-07
-5.253200e-07
-4.772920e-07
-4.399463e-07
-4.150110e-07
-4.043480e-07
-4.087328e-07
-4.263176e-07
-4.557368e-07
-4.942145e-07
-5.389455e-07
-5.861309e-07
-6.326837e-07
-6.759715e-07
-7.123808e-07
-7.396420e-07
-7.557572e-07
-7.596109e-07
-7.531300e-07
-7.363555e-07
-7.125496e-07
-6.830354e-07
-6.488179e-07
-6.107879e-07
-5.714389e-07
-5.322000e-07
-4.943632e-07
-4.599328e-07
-4.319579e-07
-4.134055e-07
-4.065152e-07
-4.136521e-07
-4.336094e-07
-4.624494e-07
-4.964003e-07
-5.337942e-07
-5.718960e-07
-6.074466e-07
-6.386591e-07
-6.646678e-07
-6.837396e-07
-6.965504e-07
-7.021447e-07
-7.013544e-07
-6.956376e-07
-6.861732e-07
-6.732366e-07
-6.579530e-07
-6.413194e-07
-6.253954e-07
-6.103634e-07
-5.954813e-07
-5.792733e-07
-5.608364e-07
-5.401220e-07
-5.169161e-07
-4.910027e-07
-4.645167e-07
-4.391476e-07
-4.182002e-07
-4.032561e-07
-3.955240e-07
-3.960212e-07
-4.057737e-07
-4.246261e-07
-4.521425e-07
-4.859384e-07
-5.240325e-07
-5.647292e-07
-6.057250e-07
-6.432016e-07
-6.735425e-07
-6.944250e-07
-7.039849e-07
-7.020608e-07
-6.882843e-07
-6.631317e-07
-6.234583e-07
-5.420591e-07
-3.892450e-07
-1.474215e-07
2.159634e-07
7.619416e-07
1.552690e-06
2.590958e-06
3.755675e-06
4.822352e-06
5.654596e-06
6.289632e-06
6.834014e-06
7.376306e-06
7.894733e-06
8.345877e-06
8.575701e-06
8.472281e-06
7.987537e-06
7.226301e-06
6.265055e-06
5.255058e-06
4.562052e-06
4.506625e-06
5.118769e-06
6.317118e-06
7.890491e-06
8.944224e-06
8.783865e-06
7.706700e-06
6.554306e-06
4.975437e-06
2.528600e-06
-1.179257e-06
-5.216580e-06
-9.267955e-06
-1.358141e-05
-1.824053e-05
-2.237982e-05
-2.553064e-05
-2.789518e-05
-2.979532e-05
-3.129318e-05
-3.147381e-05
-2.967762e-05
-2.632733e-05
-2.293570e-05
-1.977548e-05
-1.644609e-05
-1.460301e-05
-1.564645e-05
-1.826559e-05
-1.963531e-05
-1.987369e-05
-2.192306e-05
-2.643958e-05
-3.011795e-05
-3.317472e-05
-3.746909e-05
-4.400165e-05
-4.879423e-05
-4.938798e-05
-4.726985e-05
-4.440734e-05
-3.981415e-05
-3.131528e-05
-2.139155e-05
-1.441076e-05
-1.094773e-05
-7.978621e-06
-6.247607e-06
-9.338180e-06
-1.702506e-05
-2.557437e-05
-3.306096e-05
-3.969189e-05
-4.662944e-05
-5.153846e-05
-5.203778e-05
-4.692822e-05
-3.608545e-05
-1.836720e-05
6.775656e-06
3.539266e-05
6.179262e-05
8.229550e-05
9.758437e-05
0.0001064045
0.0001085083
0.0001043023
9.558890e-05
8.603712e-05
7.907965e-05
7.489598e-05
7.209383e-05
7.253382e-05
7.638749e-05
8.084549e-05
8.464001e-05
8.729918e-05
8.711848e-05
8.361830e-05
8.109344e-05
7.870702e-05
7.453920e-05
7.214239e-05
7.049488e-05
6.746680e-05
6.210745e-05
5.698535e-05
5.341087e-05
5.121043e-05
4.902943e-05
4.547868e-05
4.056652e-05
3.701206e-05
3.482331e-05
3.024395e-05
2.330174e-05
1.626751e-05
1.154707e-05
7.901225e-06
3.321868e-06
-1.320392e-06
-4.637533e-06
-1.172834e-05
-2.348414e-05
-3.622569e-05
-4.960804e-05
-6.293763e-05
-7.378268e-05
-8.098596e-05
-8.521028e-05
-8.682632e-05
-8.524725e-05
-8.025553e-05
-7.514250e-05
-7.223632e-05
-7.080183e-05
-7.016111e-05
-7.219012e-05
-7.556186e-05
-7.815909e-05
-7.955061e-05
-8.148103e-05
-8.302581e-05
-8.083469e-05
-7.624545e-05
-7.224271e-05
-6.997463e-05
-6.899532e-05
-6.697823e-05
-6.437158e-05
-6.350734e-05
-6.149499e-05
-5.585793e-05
-4.921424e-05
-4.153796e-05
-3.236718e-05
-2.567362e-05
-2.220706e-05
-1.771671e-05
-1.014005e-05
-2.256121e-06
3.537394e-06
6.749784e-06
6.977605e-06
4.538280e-06
2.417171e-07
-2.638834e-06
-2.952608e-06
-3.215172e-06
-2.227164e-06
2.292414e-06
8.984400e-06
1.374048e-05
1.907585e-05
2.519223e-05
2.830322e-05
2.859941e-05
2.844684e-05
2.782903e-05
2.722764e-05
2.694248e-05
2.525488e-05
2.222923e-05
1.825333e-05
1.359038e-05
9.513696e-06
8.931578e-06
9.492269e-06
5.784340e-06
2.479001e-06
2.431166e-07
-3.212862e-06
-7.906739e-06
-1.147373e-05
-1.501667e-05
-2.016001e-05
-2.495176e-05
-2.682349e-05
-2.603679e-05
-2.531219e-05
-2.669281e-05
-2.966018e-05
-3.313601e-05
-3.577942e-05
-3.292008e-05
-2.497919e-05
-1.296338e-05
2.379582e-06
1.954641e-05
3.711607e-05
5.444440e-05
7.056657e-05
8.412958e-05
9.315119e-05
9.830870e-05
0.0001038368
0.0001073648
0.0001080561
0.0001076641
0.0001058868
0.0001022929
9.799159e-05
9.516082e-05
9.678372e-05
0.0001005200
9.924322e-05
9.093298e-05
8.145381e-05
7.505924e-05
6.615475e-05
5.449186e-05
4.217725e-05
2.490977e-05
7.546780e-06
-6.842591e-06
-1.095322e-05
-3.746936e-06
1.817325e-05
4.547320e-05
6.497097e-05
7.396116e-05
7.471456e-05
7.686987e-05
9.741497e-05
0.0001182017
0.0001164256
9.450490e-05
8.308369e-05
9.072060e-05
0.0001100551
0.0001275024
0.0001472182
0.0001548485
0.0001333811
9.277397e-05
5.317688e-05
1.340573e-05
-2.755186e-05
-5.859385e-05
-7.285098e-05
-8.837047e-05
-0.0001029833
-0.0001161119
-0.0001426529
-0.0001426529
-0.0001426529
