-3.736437e-12
-6.849703e-09
-4.003519e-08
-1.027575e-07
-1.761103e-07
-2.172534e-07
-1.596163e-07
6.387958e-08
4.897562e-07
1.109962e-06
1.876997e-06
2.719589e-06
3.560949e-06
4.334201e-06
4.989158e-06
5.490505e-06
5.817842e-06
5.968107e-06
5.955257e-06
5.805635e-06
5.551824e-06
5.227242e-06
4.862628e-06
4.483259e-06
4.105694e-06
3.735648e-06
3.369365e-06
2.998237e-06
2.610376e-06
2.190799e-06
1.729888e-06
1.230706e-06
7.092772e-07
1.867475e-07
-3.206644e-07
-8.057101e-07
-1.267328e-06
-1.708281e-06
-2.134812e-06
-2.556569e-06
-2.985273e-06
-3.431432e-06
-3.900040e-06
-4.388788e-06
-5.267810e-06
-9.615983e-06
-2.104190e-05
-4.211625e-05
-7.937777e-05
-0.0001461567
-0.0002457796
-0.0003591415
-0.0004553405
-0.0005040673
-0.0004974545
-0.0004609213
-0.0004328812
-0.0004325577
-0.0004519309
-0.0004745790
-0.0004873971
-0.0004973981
-0.0005196838
-0.0005700380
-0.0006558961
-0.0007632694
-0.0008598907
-0.0009056902
-0.0008687892
-0.0007337199
-0.0005200699
-0.0002798278
-7.248240e-05
7.951479e-05
0.0001793039
0.0002288845
0.0002545653
0.0003349006
0.0005351858
0.0008711429
0.001295498
0.001688586
0.001961557
0.002127653
0.002230363
0.002276682
0.002274592
0.002260260
0.002286850
0.002403949
0.002558426
0.002606437
0.002497139
0.002304832
0.002127975
0.002013865
0.001900984
0.001658455
0.001222363
0.0006242990
-0.0001107531
-0.0009191479
-0.001651643
-0.002147630
-0.002324583
-0.002188676
-0.001845879
-0.001476522
-0.001238556
-0.001191905
-0.001290545
-0.001437576
-0.001565144
-0.001651285
-0.001686342
-0.001667093
-0.001627394
-0.001616119
-0.001636639
-0.001637974
-0.001578454
-0.001468854
-0.001349193
-0.001253880
-0.001203988
-0.001197181
-0.001201900
-0.001171104
-0.001067139
-0.0008794695
-0.0006382819
-0.0004042507
-0.0002320856
-0.0001419146
-0.0001238202
-0.0001463804
-0.0001699408
-0.0001709917
-0.0001455134
-0.0001066358
-7.121635e-05
-4.226049e-05
-1.738973e-05
-2.814592e-06
-2.243236e-06
2.407635e-07
3.797768e-05
0.0001387079
0.0003019292
0.0004941260
0.0006615416
0.0007607040
0.0007797364
0.0007370248
0.0006655659
0.0005914653
0.0005272657
0.0004825667
0.0004635518
0.0004697078
0.0004971788
0.0005453428
0.0006098658
0.0006733260
0.0007182257
0.0007416116
0.0007517155
0.0007575263
0.0007647457
0.0007742064
0.0007837386
0.0007928463
0.0008033048
0.0008190657
0.0008416504
0.0008673026
0.0008892884
0.0009005147
0.0008955986
0.0008749200
0.0008438015
0.0008052847
0.0007511734
0.0006627677
0.0005273382
0.0003568645
0.0001848425
4.411277e-05
-5.270535e-05
-0.0001187400
-0.0001807267
-0.0002611998
-0.0003683896
-0.0004956134
-0.0006204518
-0.0007082721
-0.0007280073
-0.0006733224
-0.0005697241
-0.0004623540
-0.0003919410
-0.0003740258
-0.0003964787
-0.0004350052
-0.0004690759
-0.0004860409
-0.0004779275
-0.0004392957
-0.0003710958
-0.0002877536
-0.0002149890
-0.0001719192
-0.0001606647
-0.0001722614
-0.0001917721
-0.0001992883
-0.0001806923
-0.0001396495
-9.269008e-05
-5.979479e-05
-5.726909e-05
-8.923483e-05
-0.0001419939
-0.0001937782
-0.0002306096
-0.0002514363
-0.0002655154
-0.0002841737
-0.0003120284
-0.0003469638
-0.0003840251
-0.0004161121
-0.0004320806
-0.0004166285
-0.0003597556
-0.0002691612
-0.0001672962
-7.702954e-05
-1.138603e-05
2.634632e-05
4.041439e-05
4.359813e-05
5.279082e-05
7.927572e-05
0.0001250478
0.0001822910
0.0002380497
0.0002808666
0.0003038446
0.0003029360
0.0002782657
0.0002359541
0.0001862510
0.0001390444
9.859436e-05
6.402310e-05
3.642794e-05
2.295046e-05
3.067218e-05
6.050656e-05
0.0001068748
0.0001596722
0.0002068300
0.0002388865
0.0002547650
0.0002584289
0.0002513606
0.0002358906
0.0002192957
0.0002065752
0.0001967495
0.0001839106
0.0001565626
0.0001030587
2.118322e-05
-7.913629e-05
-0.0001800868
-0.0002601882
-0.0003010830
-0.0002944393
-0.0002431563
-0.0001594496
-5.898610e-05
4.752682e-05
0.0001539078
0.0002521339
0.0003291198
0.0003696537
0.0003646644
0.0003164206
0.0002353189
0.0001360998
3.639924e-05
-4.929062e-05
-0.0001156617
-0.0001667961
-0.0002099642
-0.0002479765
-0.0002762850
-0.0002856271
-0.0002706460
-0.0002357039
-0.0001909037
-0.0001448827
-0.0001018082
-6.463034e-05
-3.665559e-05
-1.722558e-05
-1.158690e-06
1.585510e-05
3.468361e-05
5.374241e-05
7.168921e-05
8.883539e-05
0.0001056978
0.0001211032
0.0001313949
0.0001317229
0.0001166282
8.059156e-05
2.208674e-05
-5.548192e-05
-0.0001433454
-0.0002253492
-0.0002818919
-0.0003020916
-0.0002874051
-0.0002479714
-0.0001952912
-0.0001374160
-7.960198e-05
-2.548746e-05
2.138898e-05
5.800686e-05
8.376387e-05
9.888916e-05
0.0001041440
0.0001020358
9.770614e-05
9.883990e-05
0.0001116420
0.0001363070
0.0001674586
0.0001964921
0.0002148700
0.0002162882
0.0002026695
0.0001894245
0.0001896466
0.0001952692
0.0001926116
0.0001777815
0.0001469471
9.206352e-05
1.791104e-05
-7.004115e-05
-0.0001720302
-0.0002708531
-0.0003291100
-0.0003248359
-0.0002704347
-0.0002006399
-0.0001448799
-0.0001089774
-9.213257e-05
-9.511388e-05
-0.0001097749
-0.0001214851
-0.0001210021
-0.0001056286
-7.921488e-05
-5.217262e-05
-3.219162e-05
-1.659654e-05
-1.612208e-06
1.264853e-05
2.660116e-05
3.967541e-05
5.144436e-05
6.612308e-05
9.141141e-05
0.0001276547
0.0001624726
0.0001816064
0.0001770773
0.0001511748
0.0001156080
7.875548e-05
3.920434e-05
-7.246597e-06
-5.931226e-05
-0.0001089335
-0.0001474447
-0.0001687902
-0.0001686516
-0.0001453201
-0.0001030026
-5.165813e-05
-1.367909e-06
4.172270e-05
7.385365e-05
9.566907e-05
0.0001090081
0.0001137588
0.0001108951
0.0001024467
8.846742e-05
6.854018e-05
4.519324e-05
2.404414e-05
1.075607e-05
8.337218e-06
1.763487e-05
3.684193e-05
5.893121e-05
7.192864e-05
6.680858e-05
4.419400e-05
1.257863e-05
-1.826820e-05
-4.204986e-05
-5.552030e-05
-5.680552e-05
-4.667890e-05
-2.901830e-05
-9.278302e-06
6.401913e-06
1.256217e-05
8.178527e-06
-2.985106e-06
-1.637304e-05
-2.806445e-05
-3.536103e-05
-3.803851e-05
-3.804089e-05
-3.833954e-05
-3.955751e-05
-4.006420e-05
-3.875675e-05
-3.715820e-05
-3.602192e-05
-3.081424e-05
-1.625837e-05
5.867248e-06
3.023022e-05
5.336267e-05
7.192039e-05
8.031984e-05
7.425041e-05
5.493942e-05
2.842690e-05
6.267306e-07
-2.565622e-05
-4.936526e-05
-6.763552e-05
-7.678328e-05
-7.482201e-05
-6.238427e-05
-4.263606e-05
-2.062159e-05
-3.116621e-07
1.771503e-05
3.442065e-05
4.899597e-05
5.851558e-05
6.169305e-05
6.013580e-05
5.650002e-05
5.249605e-05
4.784288e-05
4.088358e-05
3.107222e-05
1.854209e-05
4.034142e-06
-1.014541e-05
-2.173691e-05
-3.059075e-05
-3.886463e-05
-5.016322e-05
-6.723401e-05
-9.022866e-05
-0.0001160556
-0.0001398860
-0.0001571880
-0.0001647601
-0.0001607596
-0.0001451393
-0.0001197466
-8.759795e-05
-5.116358e-05
-1.278220e-05
2.414572e-05
5.629146e-05
8.175524e-05
0.0001006964
0.0001146025
0.0001243255
0.0001297196
0.0001303718
0.0001260681
0.0001167029
0.0001024418
8.518046e-05
6.895539e-05
5.717221e-05
5.118636e-05
5.049455e-05
5.305616e-05
5.567951e-05
5.483943e-05
4.713459e-05
4.713459e-05
1.150611e-11
2.082206e-08
1.243732e-07
3.268383e-07
6.064259e-07
9.270857e-07
1.254532e-06
1.562212e-06
1.832690e-06
2.057277e-06
2.233067e-06
2.362308e-06
2.449013e-06
2.498964e-06
2.517588e-06
2.510200e-06
2.484239e-06
2.447524e-06
2.404598e-06
2.361819e-06
2.327440e-06
2.304028e-06
2.291836e-06
2.285766e-06
2.278549e-06
2.269144e-06
2.256516e-06
2.237622e-06
2.211450e-06
2.176864e-06
2.134760e-06
2.084926e-06
2.025384e-06
1.954915e-06
1.872700e-06
1.775723e-06
1.662193e-06
1.533473e-06
1.394231e-06
1.251741e-06
1.111036e-06
9.774607e-07
8.561884e-07
7.498342e-07
6.619816e-07
5.949407e-07
5.464078e-07
5.108221e-07
4.829615e-07
4.598384e-07
4.383973e-07
4.146218e-07
3.866746e-07
3.540870e-07
3.164228e-07
2.722138e-07
2.227226e-07
1.691035e-07
1.129396e-07
5.674412e-08
2.994817e-09
-4.707199e-08
-9.338144e-08
-1.344615e-07
-1.719924e-07
-2.074260e-07
-2.409215e-07
-2.694641e-07
-2.917266e-07
-3.089066e-07
-3.188122e-07
-3.193311e-07
-3.086281e-07
-2.881973e-07
-2.594305e-07
-2.264642e-07
-1.937321e-07
-1.662670e-07
-1.503334e-07
-1.440886e-07
-1.461597e-07
-1.555757e-07
-1.681817e-07
-1.820386e-07
-1.988237e-07
-2.210242e-07
-2.458419e-07
-2.709699e-07
-2.997887e-07
-2.084091e-06
-1.128031e-05
-1.895563e-05
-3.017827e-05
-6.301758e-05
-0.0001030122
-0.0001230862
-0.0001206353
-9.137252e-05
-6.610264e-05
-8.241855e-05
-0.0001348575
-0.0001700074
-0.0001800678
-0.0001667295
-0.0001684661
-0.0001850015
-0.0001849958
-0.0001705020
-0.0001558058
-0.0001485581
-0.0001467278
-0.0001111124
-2.830238e-05
5.959072e-05
0.0001320500
0.0001799441
0.0002065429
0.0002228226
0.0002386239
0.0002465336
0.0002506019
0.0002652504
0.0002997572
0.0003408267
0.0003699721
0.0003794946
0.0003685301
0.0003416332
0.0002970484
0.0002622190
0.0002489897
0.0002632353
0.0002762300
0.0002794735
0.0002678971
0.0002538086
0.0002582557
0.0002715539
0.0002663871
0.0002263558
0.0001873421
0.0001673537
0.0001588279
0.0001476246
0.0001469712
0.0001600752
0.0001983261
0.0002315596
0.0002458501
0.0002501920
0.0002665351
0.0002949689
0.0002945892
0.0002566097
0.0001608643
-3.444935e-05
-0.0002518546
-0.0004503615
-0.0007114651
-0.0009624569
-0.001170781
-0.001330670
-0.001418568
-0.001415446
-0.001327466
-0.001206562
-0.001154488
-0.001195779
-0.001326673
-0.001433055
-0.001548649
-0.001636953
-0.001635935
-0.001501598
-0.001275821
-0.0009620497
-0.0006339436
-0.0002747112
2.172278e-05
0.0001820673
0.0002415649
0.0002408484
0.0002310415
0.0002655222
0.0002507685
0.0002856745
0.0004214666
0.0006331008
0.0008832910
0.001180076
0.001440028
0.001610375
0.001728976
0.001817778
0.001878713
0.001882667
0.001792614
0.001661698
0.001533344
0.001441167
0.001396157
0.001368009
0.001313623
0.001240579
0.001151806
0.001065045
0.0009468785
0.0007997022
0.0006472734
0.0005004757
0.0003480504
0.0002075352
2.772099e-05
-0.0001901804
-0.0003724333
-0.0004762759
-0.0005173424
-0.0005045594
-0.0004491133
-0.0003853875
-0.0003645267
-0.0004079207
-0.0004961989
-0.0005675578
-0.0005870044
-0.0006016122
-0.0006420074
-0.0007087794
-0.0007995301
-0.0008640689
-0.0008599123
-0.0008108075
-0.0007519015
-0.0007160917
-0.0007121567
-0.0007118690
-0.0006959579
-0.0006904413
-0.0006907666
-0.0006971656
-0.0006918457
-0.0006162058
-0.0004705329
-0.0003127604
-0.0002190432
-0.0002265955
-0.0003343521
-0.0004794428
-0.0005649955
-0.0005590754
-0.0005022609
-0.0004362521
-0.0003837211
-0.0003294853
-0.0002718141
-0.0002188709
-0.0001713200
-0.0001388251
-0.0001238518
-0.0001002428
-5.987546e-05
-2.049898e-05
9.629111e-06
2.161151e-05
2.990271e-05
6.949392e-05
0.0001445860
0.0002102231
0.0002283757
0.0002251494
0.0002470709
0.0003074752
0.0003937750
0.0004633016
0.0004804727
0.0004313458
0.0003524339
0.0003055269
0.0002852266
0.0002865479
0.0003288211
0.0004072931
0.0004894675
0.0005464091
0.0005455787
0.0004807263
0.0003989279
0.0003370377
0.0003019951
0.0002862588
0.0002812320
0.0002921450
0.0003337426
0.0003790619
0.0003709177
0.0002877423
0.0001582355
4.714803e-05
-1.313785e-05
-2.933655e-05
-2.782323e-05
-2.596331e-05
-1.528787e-05
-8.649520e-06
-1.919495e-05
-2.913533e-05
-3.603712e-05
-5.162561e-05
-5.809312e-05
-5.106552e-05
-3.548658e-05
-1.579017e-05
6.921710e-06
2.706999e-05
4.129940e-05
4.970173e-05
6.002189e-05
5.986635e-05
4.675980e-05
4.083570e-05
4.263062e-05
3.575980e-05
2.071679e-05
1.694336e-05
2.316605e-05
1.114082e-05
-3.603700e-05
-0.0001135224
-0.0001881242
-0.0002370982
-0.0002780334
-0.0003373729
-0.0003993612
-0.0004154972
-0.0003682688
-0.0002810444
-0.0001996495
-0.0001570269
-0.0001356170
-0.0001108833
-7.414858e-05
-2.983675e-05
1.281384e-05
5.295662e-05
8.093649e-05
8.262417e-05
5.977360e-05
3.283156e-05
1.567217e-05
1.597725e-05
2.955358e-05
3.761283e-05
2.614959e-05
2.799419e-07
-2.384297e-05
-3.703786e-05
-4.831823e-05
-6.256788e-05
-6.333770e-05
-4.810126e-05
-2.150682e-05
6.388933e-06
2.066110e-05
3.423600e-05
7.146943e-05
0.0001211862
0.0001556664
0.0001578423
0.0001434992
0.0001134877
7.626604e-05
4.560561e-05
2.579746e-05
1.131240e-05
-5.403146e-06
-5.563919e-06
1.026840e-05
1.448573e-05
-8.732361e-06
-4.505842e-05
-6.521260e-05
-5.265342e-05
-2.563005e-05
-7.525407e-06
2.795195e-06
5.479386e-06
7.974980e-07
-1.820959e-06
4.159624e-06
1.527850e-05
2.951840e-05
3.280336e-05
2.271440e-05
3.087387e-06
-1.486584e-05
-3.218041e-05
-3.832720e-05
-2.983916e-05
-1.946046e-05
-2.241521e-05
-3.785612e-05
-6.385423e-05
-8.594615e-05
-8.725504e-05
-6.521591e-05
-4.227933e-05
-3.336396e-05
-2.487453e-05
1.913070e-06
3.576182e-05
5.347607e-05
5.559382e-05
5.393181e-05
6.258280e-05
7.533334e-05
7.224138e-05
3.802026e-05
-1.795598e-05
-7.028400e-05
-9.851009e-05
-9.448940e-05
-6.960289e-05
-2.655899e-05
3.300478e-05
4.807030e-05
2.503339e-05
-1.693483e-05
-4.044328e-05
-5.397824e-05
-7.144589e-05
-7.313318e-05
-5.507223e-05
-3.244420e-05
-1.216806e-05
-5.820697e-06
-1.046994e-05
6.386811e-06
4.083890e-05
7.249253e-05
0.0001027265
0.0001252422
0.0001383473
0.0001184538
9.410024e-05
5.952148e-05
1.015852e-05
-3.421065e-05
-7.386353e-05
-9.116667e-05
-6.170304e-05
-1.271722e-05
3.110626e-05
6.754354e-05
9.435198e-05
9.623270e-05
7.126728e-05
4.146734e-05
2.178226e-05
4.660797e-08
-8.246367e-06
-4.137275e-06
6.191026e-06
1.240609e-05
9.404619e-06
-8.756982e-06
-5.035335e-05
-9.896214e-05
-0.0001268413
-0.0001453206
-0.0001642991
-0.0001715850
-0.0001514997
-0.0001023161
-3.761449e-05
1.366722e-05
3.944433e-05
4.826548e-05
5.148320e-05
5.704222e-05
7.059364e-05
8.328125e-05
8.357207e-05
7.734710e-05
7.199933e-05
6.129140e-05
3.803114e-05
3.698606e-06
-2.573285e-05
-3.677532e-05
-4.561628e-05
-6.768721e-05
-9.992482e-05
-0.0001264274
-0.0001264336
-9.608585e-05
-4.475705e-05
5.776976e-06
3.456577e-05
4.518874e-05
4.738519e-05
4.799441e-05
4.440999e-05
3.752296e-05
3.149856e-05
4.208005e-05
6.954760e-05
9.902084e-05
0.0001188880
0.0001240544
0.0001035975
0.0001035975
0.0001035975
4.634703e-11
7.119806e-08
4.110937e-07
1.076573e-06
2.003972e-06
3.079310e-06
4.198432e-06
5.281989e-06
6.273795e-06
7.144368e-06
7.883940e-06
8.493239e-06
8.975811e-06
9.332817e-06
9.581001e-06
9.720369e-06
9.760425e-06
9.723892e-06
9.630447e-06
9.491130e-06
9.310885e-06
9.110910e-06
8.899723e-06
8.686093e-06
8.481465e-06
8.290485e-06
8.101925e-06
7.904897e-06
7.695508e-06
7.464340e-06
7.215937e-06
6.928435e-06
6.600636e-06
6.241330e-06
5.852677e-06
5.431599e-06
4.988512e-06
4.525078e-06
4.046675e-06
3.566591e-06
3.099922e-06
2.659127e-06
2.257404e-06
1.897484e-06
1.584770e-06
1.315222e-06
1.099236e-06
9.385557e-07
8.307980e-07
7.644138e-07
7.126511e-07
6.623986e-07
6.046865e-07
5.189045e-07
3.970517e-07
2.390268e-07
3.965161e-08
-1.902490e-07
-4.455598e-07
-7.035746e-07
-9.581395e-07
-1.203288e-06
-1.435034e-06
-1.654477e-06
-1.858440e-06
-2.044469e-06
-2.209007e-06
-2.339442e-06
-2.435555e-06
-2.493950e-06
-2.573888e-06
-4.013638e-06
-7.632502e-06
-1.059638e-05
-1.501758e-05
-2.619532e-05
-4.721808e-05
-6.411754e-05
-7.289965e-05
-7.937464e-05
-8.193143e-05
-7.667100e-05
-6.708039e-05
-6.366833e-05
-7.286597e-05
-8.208012e-05
-8.007637e-05
-7.928850e-05
-8.507745e-05
-8.747380e-05
-8.737774e-05
-8.471316e-05
-8.329573e-05
-7.107261e-05
-5.623262e-05
-5.240494e-05
-3.561468e-05
1.473719e-05
6.344859e-05
0.0001014079
0.0001278609
0.0001500255
0.0001659533
0.0001680677
0.0001761527
0.0001796844
0.0001730182
0.0001819928
0.0002098074
0.0002128771
0.0001831491
0.0001519412
0.0001631808
0.0001895155
0.0002089859
0.0002316313
0.0002645850
0.0002889030
0.0002828403
0.0002574770
0.0002249088
0.0001832998
0.0001015633
-2.255807e-05
-0.0001482762
-0.0002753695
-0.0004398513
-0.0006331180
-0.0007417017
-0.0007487818
-0.0006600076
-0.0004947559
-0.0003245215
-0.0001987346
-0.0001130669
-0.0001414927
-0.0002549473
-0.0004059849
-0.0005365502
-0.0006278583
-0.0006788666
-0.0006721117
-0.0006821320
-0.0007025309
-0.0007699893
-0.0008061146
-0.0007440639
-0.0005477447
-0.0003054863
-0.0001412498
-5.708620e-05
7.710306e-05
0.0003428121
0.0006377949
0.0008906494
0.001040571
0.001118759
0.001123940
0.001069123
0.0009299615
0.0007445188
0.0005338276
0.0003506933
0.0003216848
0.0004014341
0.0005621900
0.0007913557
0.0009595482
0.0009893512
0.0008905900
0.0008107527
0.0007642011
0.0007736040
0.0008004601
0.0008075124
0.0007460023
0.0006143122
0.0004571179
0.0003747472
0.0003697602
0.0003193481
0.0001853001
2.086624e-05
-8.264509e-05
-0.0001702036
-0.0002830613
-0.0004207968
-0.0005612557
-0.0006420063
-0.0006659366
-0.0006352105
-0.0006213463
-0.0006492983
-0.0007125448
-0.0008219275
-0.0008596993
-0.0007975294
-0.0006554867
-0.0005082988
-0.0004170363
-0.0003860096
-0.0003603141
-0.0002907473
-0.0002142373
-0.0001822952
-0.0002073860
-0.0002631065
-0.0003336898
-0.0003727860
-0.0003672387
-0.0003210058
-0.0002756031
-0.0002841301
-0.0003539782
-0.0004398669
-0.0004806552
-0.0004581329
-0.0004352286
-0.0004130717
-0.0003851717
-0.0003947136
-0.0004287148
-0.0004503905
-0.0004172076
-0.0002856292
-0.0001157376
3.484308e-05
0.0001511714
0.0002285783
0.0002346869
0.0001762988
9.239566e-05
2.308493e-05
-2.468735e-05
-4.924268e-05
-3.281948e-05
2.819300e-05
0.0001287566
0.0002341541
0.0002947645
0.0003017343
0.0003019189
0.0003166923
0.0003340322
0.0003586256
0.0003923469
0.0004456992
0.0005202062
0.0005826654
0.0005768405
0.0004760508
0.0003400006
0.0002296277
0.0001737160
0.0001719666
0.0001934544
0.0002081090
0.0002308187
0.0002838447
0.0003466853
0.0003830523
0.0003628088
0.0003034924
0.0002306944
0.0001540069
8.987376e-05
3.422474e-05
-1.713251e-05
-6.794475e-05
-8.902689e-05
-7.731065e-05
-6.809161e-05
-9.438789e-05
-0.0001357762
-0.0001591705
-0.0001572266
-0.0001471685
-0.0001131101
-4.369345e-05
2.250093e-05
6.972850e-05
0.0001136002
0.0001547022
0.0001664673
0.0001495968
0.0001054316
3.485953e-05
-3.473728e-05
-8.683070e-05
-0.0001332461
-0.0001735175
-0.0001865011
-0.0001630977
-0.0001415020
-0.0001216553
-9.268129e-05
-6.336717e-05
-4.583853e-05
-3.258675e-05
-1.909559e-05
-1.752265e-05
-4.719727e-05
-8.338485e-05
-9.026293e-05
-6.473062e-05
-4.212538e-05
-5.063886e-05
-7.551313e-05
-9.578703e-05
-9.701746e-05
-9.668517e-05
-0.0001065474
-0.0001128738
-0.0001085202
-0.0001074643
-0.0001207980
-0.0001440999
-0.0001657964
-0.0001676386
-0.0001467067
-0.0001074183
-4.854331e-05
8.737884e-06
2.842573e-05
1.372161e-05
-6.793205e-06
-3.561726e-06
2.668525e-05
4.617151e-05
8.992982e-06
-5.847812e-05
-9.369999e-05
-8.893790e-05
-6.345416e-05
-2.552123e-05
3.371095e-05
8.879026e-05
0.0001178624
0.0001330265
0.0001402335
0.0001308865
0.0001152216
0.0001114514
0.0001255645
0.0001272661
0.0001045102
5.756772e-05
-2.154321e-06
-4.397226e-05
-5.103931e-05
-2.488687e-05
1.994398e-05
5.823236e-05
6.315152e-05
2.790328e-05
-2.446035e-05
-6.468930e-05
-8.145258e-05
-7.485256e-05
-4.423012e-05
-1.131829e-05
2.234530e-05
5.671055e-05
7.279602e-05
8.053057e-05
0.0001016309
0.0001279161
0.0001271797
9.171280e-05
5.092913e-05
2.083111e-05
-3.148915e-07
-1.122542e-05
-1.162321e-05
-1.660341e-06
1.043543e-05
1.092212e-05
3.136484e-06
-3.337419e-06
-8.675204e-06
-2.139578e-05
-4.576803e-05
-8.082143e-05
-0.0001216361
-0.0001497194
-0.0001675458
-0.0001648892
-0.0001325117
-9.084308e-05
-4.312914e-05
2.093690e-06
4.249675e-05
7.697618e-05
9.854054e-05
0.0001101511
0.0001152223
0.0001294522
0.0001479674
0.0001467742
0.0001044959
3.695283e-05
9.424930e-06
4.015716e-05
8.042538e-05
6.966393e-05
-7.066302e-06
-8.786740e-05
-0.0001376247
-0.0001478632
-0.0001623868
-0.0001885665
-0.0002066413
-0.0001715255
-0.0001226423
-8.377525e-05
-2.910150e-05
1.660016e-05
2.199051e-05
2.463898e-06
-1.345968e-05
-2.828022e-05
-2.898662e-05
-1.542630e-06
1.768801e-05
2.986744e-05
3.150752e-05
3.236581e-05
5.414582e-05
7.636747e-05
9.886083e-05
0.0001043326
7.735575e-05
5.203680e-05
3.604307e-05
3.632919e-05
4.363101e-05
4.446824e-05
1.745556e-05
-3.104323e-05
-8.614015e-05
-0.0001338655
-0.0001570045
-0.0001516435
-0.0001208176
-7.746967e-05
-1.428139e-05
7.114776e-05
0.0001488106
0.0001847842
0.0001728168
0.0001282281
8.735491e-05
7.075716e-05
6.558789e-05
6.882098e-05
7.592061e-05
5.356648e-05
1.573292e-05
-2.129653e-05
-5.378829e-05
-7.817027e-05
-9.043868e-05
-8.944309e-05
-8.729713e-05
-8.383406e-05
-7.875038e-05
-6.799291e-05
-4.527440e-05
-2.096396e-05
1.470654e-06
2.458282e-05
3.603477e-05
3.018476e-05
9.653775e-06
-2.338586e-05
-5.300668e-05
-7.439966e-05
-7.975543e-05
-4.649570e-05
5.383569e-06
5.252958e-05
8.146645e-05
9.214850e-05
7.720035e-05
4.228202e-05
8.183059e-06
-1.189712e-05
-2.029759e-05
-2.872731e-05
-5.129624e-05
-7.684622e-05
-8.895259e-05
-9.056705e-05
-7.286891e-05
-4.838478e-05
-3.662510e-05
-3.800772e-05
-5.050514e-05
-4.885030e-05
-2.101032e-05
1.533244e-05
5.183449e-05
7.044804e-05
6.307740e-05
3.459939e-05
7.653570e-06
-5.721869e-06
-4.521754e-06
2.814351e-06
2.113706e-05
2.113706e-05
2.113706e-05
2.629278e-11
4.350151e-08
2.462359e-07
6.303609e-07
1.147468e-06
1.725218e-06
2.298236e-06
2.818372e-06
3.260933e-06
3.620789e-06
3.904796e-06
4.123496e-06
4.292543e-06
4.424468e-06
4.529686e-06
4.616062e-06
4.689761e-06
4.749651e-06
4.793908e-06
4.819392e-06
4.819419e-06
4.787983e-06
4.721921e-06
4.621937e-06
4.488532e-06
4.327414e-06
4.150813e-06
3.964256e-06
3.778100e-06
3.597447e-06
3.421823e-06
3.250118e-06
3.080966e-06
2.911774e-06
2.742343e-06
2.574584e-06
2.410237e-06
2.251544e-06
2.100485e-06
1.960080e-06
1.829419e-06
1.705343e-06
1.583097e-06
1.459039e-06
1.326572e-06
1.184582e-06
1.031833e-06
8.698133e-07
6.981376e-07
5.205140e-07
3.422880e-07
1.684760e-07
1.450842e-09
-1.527828e-07
-2.905032e-07
-4.056383e-07
-4.984990e-07
-5.713158e-07
-6.222699e-07
-6.531532e-07
-6.671721e-07
-6.685398e-07
-6.602874e-07
-6.482235e-07
-6.400502e-07
-6.430311e-07
-6.614303e-07
-6.983963e-07
-7.523170e-07
-8.219683e-07
-9.029192e-07
-9.873978e-07
-1.067441e-06
-1.132949e-06
-1.178027e-06
-1.199862e-06
-1.199095e-06
-1.180034e-06
-1.147915e-06
-1.107700e-06
-1.066298e-06
-1.024626e-06
-9.836172e-07
-9.443290e-07
-9.056583e-07
-8.688967e-07
-8.338400e-07
-8.018737e-07
-7.749555e-07
-7.537138e-07
-7.387572e-07
-7.317742e-07
-7.361306e-07
-7.511861e-07
-7.763939e-07
-8.077380e-07
-8.420258e-07
-8.759707e-07
-9.046659e-07
-9.243749e-07
-9.352647e-07
-9.357761e-07
-9.237163e-07
-8.977955e-07
-8.557600e-07
-7.992472e-07
-7.937006e-07
-1.288763e-06
1.459732e-06
1.546716e-07
-2.862825e-06
-4.647552e-06
-4.132036e-06
-1.344880e-05
-2.507260e-05
-3.618667e-05
-3.643360e-05
-3.240989e-05
-3.095947e-05
-2.896810e-05
-3.089220e-05
-4.382561e-05
-6.179380e-05
-6.370219e-05
-5.427059e-05
-4.374173e-05
-3.556997e-05
-2.360445e-05
-2.117391e-05
-2.169950e-05
-2.657429e-05
-2.177685e-05
-1.191074e-05
-5.257726e-06
1.219617e-05
3.636307e-05
4.334607e-05
3.974268e-05
3.434316e-05
3.165380e-05
4.269906e-05
6.194188e-05
9.422301e-05
0.0001138824
0.0001094243
0.0001051503
0.0001076647
0.0001073548
9.159569e-05
6.932088e-05
6.293617e-05
8.131134e-05
9.190034e-05
0.0001077946
0.0001259545
0.0001227530
0.0001088860
0.0001066495
0.0001072426
0.0001111002
0.0001003667
8.032721e-05
5.778624e-05
3.627127e-05
2.787295e-05
3.384044e-05
4.525944e-05
5.786031e-05
7.577873e-05
0.0001089234
0.0001474779
0.0001741538
0.0001871662
0.0001866415
0.0001833435
0.0001818060
0.0001783214
0.0001770628
0.0001686429
0.0001514095
0.0001300018
0.0001109614
8.920701e-05
4.355291e-05
-3.041308e-05
-0.0001014220
-0.0001350976
-0.0002187016
-0.0004294612
-0.0006204270
-0.0006009904
-0.0005162893
-0.0005328073
-0.0005415813
-0.0005066671
-0.0004929274
-0.0006090033
-0.0007745447
-0.0008514159
-0.0009118125
-0.0009579230
-0.0009472469
-0.0009393240
-0.0008985005
-0.0007938175
-0.0007405812
-0.0007700417
-0.0007787931
-0.0008031178
-0.0007322635
-0.0005393697
-0.0002562372
2.535861e-05
0.0002266282
0.0003273315
0.0003642693
0.0003408309
0.0002862163
0.0001814743
0.0001005786
0.0001185908
0.0001820321
0.0002370906
0.0003900628
0.0006634420
0.0009396566
0.001120672
0.001174987
0.001155192
0.001115585
0.001073097
0.001023043
0.0009183996
0.0008311342
0.0008364622
0.0009434476
0.001061089
0.001148600
0.001187691
0.001184140
0.001115959
0.001046997
0.0009667600
0.0008651952
0.0007423301
0.0005956923
0.0004752958
0.0003732061
0.0002803823
0.0001568118
2.545448e-05
-5.896704e-05
-0.0001380606
-0.0002450884
-0.0003304239
-0.0003321808
-0.0002878256
-0.0002645526
-0.0002445794
-0.0002372402
-0.0002446647
-0.0002903474
-0.0003836332
-0.0005144207
-0.0006563349
-0.0007737195
-0.0008586640
-0.0009237031
-0.0009565467
-0.0009375477
-0.0008906046
-0.0008485084
-0.0008091428
-0.0007589057
-0.0007163947
-0.0006972133
-0.0006858216
-0.0006772222
-0.0006556779
-0.0006092842
-0.0005457560
-0.0004939847
-0.0004579136
-0.0004249195
-0.0003923009
-0.0003561877
-0.0003106477
-0.0002695834
-0.0002462868
-0.0002259496
-0.0002048058
-0.0001795129
-0.0001415928
-0.0001113224
-0.0001042377
-0.0001006379
-6.986333e-05
-1.407141e-05
5.064964e-05
0.0001110916
0.0001673477
0.0002055136
0.0002452558
0.0003091658
0.0003648681
0.0003932058
0.0004078173
0.0004068878
0.0003914624
0.0003593087
0.0003186695
0.0002718436
0.0002301063
0.0002022225
0.0001924709
0.0002081530
0.0002483205
0.0002959038
0.0003345319
0.0003632833
0.0003961101
0.0004142584
0.0003948836
0.0003396184
0.0002766832
0.0002424357
0.0002596910
0.0003026256
0.0003349591
0.0003419879
0.0003301425
0.0003023568
0.0002601186
0.0002026306
0.0001316562
6.398186e-05
1.539040e-05
-2.288059e-05
-6.385287e-05
-9.577194e-05
-0.0001222168
-0.0001540840
-0.0001861778
-0.0001957192
-0.0001738596
-0.0001327226
-8.414612e-05
-4.019525e-05
-1.302017e-05
-8.720769e-06
-8.047476e-06
1.527479e-05
4.629996e-05
5.840634e-05
3.544355e-05
-2.452831e-05
-0.0001044819
-0.0001707958
-0.0002007737
-0.0001916891
-0.0001618982
-0.0001381474
-0.0001294604
-0.0001269870
-0.0001209973
-0.0001053407
-8.868854e-05
-8.133151e-05
-7.584719e-05
-7.385200e-05
-6.837769e-05
-5.183571e-05
-4.510155e-05
-6.174491e-05
-8.588431e-05
-0.0001021293
-0.0001211807
-0.0001358788
-0.0001286369
-9.942727e-05
-5.296457e-05
4.970347e-06
6.615647e-05
0.0001173431
0.0001451483
0.0001393584
0.0001021934
6.193432e-05
2.345743e-05
-1.868767e-05
-5.132412e-05
-6.962522e-05
-7.279234e-05
-5.856117e-05
-3.205573e-05
-1.334909e-06
3.800587e-05
7.286585e-05
9.099913e-05
9.242590e-05
7.151454e-05
3.843785e-05
1.544838e-05
1.019913e-05
1.860971e-05
3.078615e-05
3.076075e-05
1.078441e-05
-1.103228e-05
-1.290418e-05
3.699713e-06
2.128216e-05
4.065660e-05
5.031053e-05
4.067078e-05
1.317477e-05
-1.850914e-05
-4.315135e-05
-5.393175e-05
-4.585555e-05
-2.444903e-05
6.639721e-06
4.608707e-05
8.755006e-05
0.0001192846
0.0001334655
0.0001177047
7.318808e-05
1.436097e-05
-4.325436e-05
-9.352618e-05
-0.0001285536
-0.0001403694
-0.0001353181
-0.0001223347
-9.692695e-05
-6.356026e-05
-2.774947e-05
2.592523e-06
2.702239e-05
4.813400e-05
7.055833e-05
8.357992e-05
8.003879e-05
6.464877e-05
5.025793e-05
3.927001e-05
2.245637e-05
-7.552050e-06
-4.141562e-05
-5.954402e-05
-6.149921e-05
-5.448500e-05
-4.637677e-05
-3.688429e-05
-1.277812e-05
-9.264406e-07
-2.863578e-05
-8.274656e-05
-9.335975e-05
-5.074851e-05
-3.832194e-05
-2.351680e-05
3.897149e-05
7.502941e-05
6.113656e-05
8.906932e-05
8.358423e-05
2.040536e-05
-4.211427e-05
-9.268206e-05
-0.0001303599
-0.0001387289
-0.0001107333
-5.022514e-05
-8.828272e-06
1.558740e-05
4.070078e-05
6.278462e-05
9.706015e-05
0.0001345243
0.0001376627
0.0001051851
8.249893e-05
5.264795e-05
2.345440e-05
1.469039e-05
1.518893e-05
1.065513e-05
5.188138e-07
-1.778954e-05
-4.334799e-05
-7.744294e-05
-0.0001156582
-0.0001545292
-0.0001820751
-0.0001788563
-0.0001489273
-8.557378e-05
-2.340059e-05
2.418125e-05
7.108829e-05
0.0001010108
0.0001118330
0.0001000179
8.808483e-05
7.883557e-05
7.395887e-05
7.312714e-05
8.075890e-05
8.075890e-05
8.075890e-05
1.003329e-11
1.182510e-08
6.749123e-08
1.721841e-07
3.195229e-07
4.928534e-07
6.768830e-07
8.674472e-07
1.050289e-06
1.215944e-06
1.359133e-06
1.474861e-06
1.559738e-06
1.615907e-06
1.643273e-06
1.646316e-06
1.630666e-06
1.600714e-06
1.562545e-06
1.516542e-06
1.471619e-06
1.430659e-06
1.392743e-06
1.362132e-06
1.333350e-06
1.306652e-06
1.282731e-06
1.261247e-06
1.248213e-06
1.241300e-06
1.241544e-06
1.245447e-06
1.247127e-06
1.238586e-06
1.213462e-06
1.161992e-06
1.079890e-06
9.657731e-07
8.223730e-07
6.587768e-07
4.870470e-07
3.207891e-07
1.776070e-07
7.148121e-08
1.069444e-08
-7.686664e-10
3.102619e-08
9.919588e-08
1.872108e-07
2.800930e-07
3.608193e-07
4.151916e-07
4.369488e-07
4.234215e-07
3.750239e-07
2.981893e-07
1.998615e-07
8.575378e-08
-3.562205e-08
-1.613508e-07
-2.834161e-07
-3.995510e-07
-5.029739e-07
-5.901547e-07
-6.571382e-07
-6.999871e-07
-7.160911e-07
-7.054765e-07
-6.681308e-07
-6.057444e-07
-5.252917e-07
-4.320991e-07
-3.286264e-07
-2.272563e-07
-1.316232e-07
-5.021455e-08
1.500805e-08
5.781168e-08
7.560121e-08
7.441391e-08
4.761691e-08
-8.482208e-09
-8.494018e-08
-1.763458e-07
-2.790941e-07
-3.857723e-07
-4.855154e-07
-5.713765e-07
-6.310650e-07
-6.614370e-07
-6.582342e-07
-6.253316e-07
-5.700899e-07
-4.975560e-07
-4.175252e-07
-3.371708e-07
-2.708555e-07
-2.164511e-07
-1.795090e-07
-1.574504e-07
-1.454826e-07
-1.448744e-07
-1.475769e-07
-1.539657e-07
-1.590848e-07
-1.565189e-07
-1.515680e-07
-1.401362e-07
-1.255791e-07
-1.126254e-07
-1.062973e-07
-1.115958e-07
-1.290657e-07
-1.620198e-07
-2.068627e-07
-2.516236e-07
-2.943147e-07
-3.230491e-07
-3.336832e-07
-3.264975e-07
-2.994383e-07
-2.580356e-07
-2.063116e-07
-1.547459e-07
-1.080617e-07
-7.140386e-08
-4.953269e-08
-4.187907e-08
-5.071286e-08
-7.590738e-08
-1.170907e-07
-1.700673e-07
-2.246587e-07
-2.769439e-07
-3.171241e-07
-3.404349e-07
-3.445792e-07
-3.299866e-07
-2.975167e-07
-2.549229e-07
-2.040808e-07
-1.572334e-07
-1.188622e-07
-9.291046e-08
-6.607394e-08
1.997740e-07
1.203306e-06
2.596939e-06
4.324377e-06
7.171222e-06
1.143194e-05
1.622626e-05
2.001988e-05
2.086591e-05
1.872951e-05
1.365967e-05
6.828038e-06
-2.548309e-06
-1.385059e-05
-2.160542e-05
-2.255088e-05
-1.778781e-05
-7.851757e-06
5.550307e-06
1.549935e-05
1.781820e-05
1.491188e-05
9.037677e-06
8.953337e-06
1.216035e-05
1.385833e-05
8.889488e-06
-4.148206e-06
-2.145491e-05
-3.453149e-05
-4.569196e-05
-5.475158e-05
-6.336748e-05
-6.600684e-05
-5.446056e-05
-3.859046e-05
-2.505467e-05
-1.016827e-05
-1.701985e-06
2.541233e-06
1.073579e-06
2.091915e-06
-5.843415e-08
-8.341398e-06
-1.805045e-05
-2.312962e-05
-2.376273e-05
-2.117047e-05
-1.322448e-05
-1.159121e-05
-1.314621e-05
-1.083085e-05
-3.523452e-06
1.514110e-05
3.174756e-05
4.331427e-05
4.568143e-05
3.960561e-05
2.382589e-05
1.289458e-05
8.986144e-06
1.870532e-05
3.077124e-05
3.743123e-05
2.925522e-05
1.367813e-05
-4.001557e-06
-1.739103e-05
-1.397363e-05
3.140808e-06
2.617294e-05
5.339428e-05
7.174178e-05
9.163315e-05
0.0001067252
0.0001036849
9.799151e-05
0.0001043972
0.0001172639
0.0001409171
0.0001565385
0.0001711801
0.0001806985
0.0001735534
0.0001649331
0.0001553156
0.0001377658
0.0001152783
0.0001027784
9.844667e-05
8.942740e-05
6.854667e-05
3.457615e-05
-1.540060e-06
-3.893431e-05
-6.905891e-05
-9.020694e-05
-0.0001096246
-0.0001231532
-0.0001264549
-0.0001324210
-0.0001419138
-0.0001523404
-0.0001577381
-0.0001523403
-0.0001328269
-0.0001060839
-9.122652e-05
-9.183904e-05
-9.710302e-05
-0.0001097307
-0.0001253344
-0.0001454824
-0.0001628675
-0.0001714267
-0.0001729451
-0.0001711310
-0.0001633494
-0.0001584799
-0.0001633761
-0.0001702150
-0.0001766477
-0.0001864119
-0.0002059020
-0.0002185483
-0.0002135717
-0.0001976317
-0.0001965979
-0.0001957654
-0.0001872982
-0.0002046295
-0.0002341495
-0.0002487935
-0.0002667988
-0.0002591117
-0.0002397498
-0.0002165030
-0.0001494277
-6.204107e-05
-3.401302e-06
2.766720e-05
8.004484e-05
0.0001202089
0.0001083043
5.579857e-05
-3.975761e-06
-5.693804e-05
-0.0001048317
-0.0001196705
-6.111969e-05
1.925816e-05
8.181331e-05
9.652700e-05
0.0001034385
0.0001024820
7.492275e-05
4.651419e-05
1.394267e-05
2.012963e-05
6.782111e-05
0.0001266078
0.0002027923
0.0002611649
0.0003378646
0.0004206627
0.0004365615
0.0003955399
0.0003429376
0.0002913260
0.0002810963
0.0003154546
0.0003733686
0.0004477811
0.0005128422
0.0005660203
0.0005705404
0.0005369131
0.0004718603
0.0004277208
0.0004087607
0.0004046575
0.0004208740
0.0003892620
0.0003584903
0.0003351893
0.0003358572
0.0003228518
0.0002800657
0.0002648469
0.0002614489
0.0002782863
0.0002782583
0.0002467826
0.0001970344
0.0001608188
0.0001364220
6.982184e-05
-1.308636e-05
-8.319393e-05
-0.0001666209
-0.0002692356
-0.0003375129
-0.0003833557
-0.0004060554
-0.0004163234
-0.0004078321
-0.0004128131
-0.0004280186
-0.0004142777
-0.0004030917
-0.0004076711
-0.0004493848
-0.0005134500
-0.0005527181
-0.0005779688
-0.0005815652
-0.0005710153
-0.0005595029
-0.0005337740
-0.0004999039
-0.0004623338
-0.0004318363
-0.0003871552
-0.0003412140
-0.0002852046
-0.0002505907
-0.0002302147
-0.0002128503
-0.0002165174
-0.0002285928
-0.0002298170
-0.0002107859
-0.0001900801
-0.0001780741
-0.0001887674
-0.0002020235
-0.0002128741
-0.0002020009
-0.0001378141
-6.503278e-05
-1.848864e-05
1.161567e-05
4.851066e-05
8.502878e-05
0.0001238021
0.0001581502
0.0001745253
0.0001887050
0.0001846651
0.0001737031
0.0001784771
0.0001856621
0.0002035614
0.0002130974
0.0002262677
0.0002428763
0.0002681809
0.0002851196
0.0002850274
0.0002780989
0.0002836991
0.0003006024
0.0003078202
0.0003075241
0.0003160820
0.0003402253
0.0003549365
0.0003583915
0.0003561390
0.0003445474
0.0003245525
0.0002903480
0.0002416197
0.0001935878
0.0001499940
0.0001210301
9.616779e-05
7.624025e-05
5.958153e-05
4.760951e-05
3.823615e-05
2.260550e-05
5.369526e-06
-1.912837e-05
-6.084416e-05
-0.0001128669
-0.0001451482
-0.0001321709
-9.656932e-05
-6.290036e-05
-4.610312e-05
-4.664559e-05
-4.811410e-05
-5.840462e-05
-6.740269e-05
-6.898930e-05
-7.378755e-05
-8.347977e-05
-9.878406e-05
-0.0001056549
-9.927595e-05
-7.913267e-05
-6.006732e-05
-5.404935e-05
-4.545675e-05
-3.411703e-05
-2.921250e-05
-3.991593e-05
-5.270237e-05
-7.297505e-05
-0.0001005209
-0.0001224343
-0.0001337542
-0.0001277119
-9.938797e-05
-6.694906e-05
-4.396168e-05
-3.813778e-05
-4.426360e-05
-5.663423e-05
-7.260849e-05
-8.799502e-05
-9.998080e-05
-0.0001073451
-0.0001049827
-9.754972e-05
-9.717089e-05
-9.910048e-05
-9.115163e-05
-6.596759e-05
-4.402578e-05
-2.615950e-05
-1.178189e-05
6.282193e-06
1.881793e-05
3.120674e-05
4.217251e-05
5.042046e-05
5.921088e-05
6.978087e-05
7.369811e-05
7.099038e-05
6.035957e-05
4.826905e-05
4.170284e-05
4.798068e-05
5.444949e-05
5.509969e-05
5.275875e-05
4.764414e-05
4.575828e-05
4.305083e-05
3.923364e-05
3.305876e-05
3.166102e-05
3.675234e-05
3.874236e-05
3.250464e-05
2.785562e-05
2.772754e-05
3.193049e-05
3.238831e-05
2.604136e-05
2.493767e-05
3.605269e-05
3.605269e-05
3.605269e-05
-3.120393e-12
-8.765830e-09
-4.606454e-08
-1.192968e-07
-2.237516e-07
-3.467471e-07
-4.702389e-07
-5.784523e-07
-6.646781e-07
-7.268000e-07
-7.648046e-07
-7.772281e-07
-7.709661e-07
-7.500104e-07
-7.126316e-07
-6.616818e-07
-6.007425e-07
-5.322584e-07
-4.621891e-07
-3.957697e-07
-3.358138e-07
-2.821051e-07
-2.322841e-07
-1.850702e-07
-1.444097e-07
-1.136662e-07
-9.361822e-08
-8.457003e-08
-8.554046e-08
-9.010174e-08
-1.009619e-07
-1.217225e-07
-1.537932e-07
-1.927785e-07
-2.324664e-07
-2.697732e-07
-2.947504e-07
-3.054403e-07
-2.934638e-07
-2.553496e-07
-1.956067e-07
-1.225210e-07
-3.733530e-08
5.154321e-08
1.378458e-07
2.197598e-07
2.941402e-07
3.608696e-07
4.138178e-07
4.544555e-07
4.769894e-07
4.788332e-07
4.586107e-07
4.230828e-07
3.776395e-07
3.300372e-07
2.861509e-07
2.499116e-07
2.226432e-07
2.060970e-07
2.008096e-07
2.059418e-07
2.197345e-07
2.360809e-07
2.520624e-07
2.606907e-07
2.615573e-07
2.581222e-07
2.516985e-07
2.479214e-07
2.474403e-07
2.530049e-07
2.670695e-07
2.897922e-07
3.237548e-07
3.664681e-07
4.095525e-07
4.469291e-07
4.708005e-07
4.795760e-07
4.708016e-07
4.501241e-07
4.202681e-07
3.836612e-07
3.408490e-07
2.965127e-07
2.583839e-07
2.263644e-07
2.028833e-07
1.906710e-07
1.906730e-07
2.032329e-07
2.294674e-07
2.620175e-07
2.945773e-07
3.253200e-07
3.531119e-07
3.743405e-07
3.889020e-07
3.971938e-07
3.952377e-07
3.855213e-07
3.705370e-07
3.530310e-07
3.317721e-07
3.056394e-07
2.751669e-07
2.437576e-07
2.154048e-07
1.926411e-07
1.757364e-07
1.649175e-07
1.638385e-07
1.750609e-07
1.993200e-07
2.325755e-07
2.666596e-07
2.957592e-07
3.140353e-07
3.217342e-07
5.085731e-07
1.868239e-06
5.417501e-06
9.919984e-06
1.095594e-05
1.576201e-05
2.286090e-05
2.679476e-05
1.521668e-05
-3.925545e-06
-2.573532e-05
-3.658190e-05
-3.908252e-05
-2.975407e-05
-1.326569e-05
4.272895e-06
4.211344e-06
-1.096859e-05
-1.758918e-05
-1.367064e-05
-5.467692e-06
-7.284179e-07
6.906999e-06
1.041474e-05
9.895338e-06
1.640889e-06
-7.936253e-06
-3.848513e-05
-6.087497e-05
-6.406091e-05
-5.219718e-05
-4.246109e-05
-2.954231e-05
-6.741894e-06
3.710609e-06
1.285043e-05
2.525246e-05
3.469947e-05
3.669616e-05
3.224912e-05
2.792383e-05
2.801002e-05
2.790389e-05
2.971908e-05
1.586698e-05
3.206045e-06
-1.490125e-06
9.094853e-06
2.468246e-05
4.076611e-05
5.752525e-05
6.141896e-05
5.898260e-05
5.288609e-05
4.419214e-05
4.238567e-05
4.252611e-05
4.269574e-05
4.292316e-05
4.343331e-05
3.591560e-05
2.593850e-05
2.597335e-05
2.458532e-05
2.460092e-05
3.667842e-05
6.299846e-05
8.474119e-05
0.0001010900
0.0001184440
0.0001215730
0.0001161919
0.0001135478
0.0001279975
0.0001505469
0.0001682899
0.0001842753
0.0002076887
0.0002214004
0.0002162170
0.0001950964
0.0001632565
0.0001251332
8.726133e-05
4.202270e-05
-2.541558e-06
-3.459644e-05
-5.401223e-05
-6.104209e-05
-7.303161e-05
-9.107535e-05
-0.0001226077
-0.0001754903
-0.0002512746
-0.0003187845
-0.0003508258
-0.0003999747
-0.0004698740
-0.0005227342
-0.0005106585
-0.0004557642
-0.0003849729
-0.0003549705
-0.0003752441
-0.0003584984
-0.0003682406
-0.0004824296
-0.0006012152
-0.0006890012
-0.0007207765
-0.0006605767
-0.0005375854
-0.0004363148
-0.0003718586
-0.0003310177
-0.0002948307
-0.0002824984
-0.0002258176
-0.0001180557
-4.070449e-05
1.629150e-05
0.0001142709
0.0001984952
0.0002155770
0.0002094373
0.0001072828
-8.069193e-06
-8.001518e-05
-0.0001613418
-0.0001718228
-6.291847e-05
8.804508e-05
0.0002515487
0.0003868238
0.0005017659
0.0005865692
0.0006029082
0.0006026365
0.0006364887
0.0006749262
0.0007171158
0.0008096433
0.0009331912
0.0009888436
0.0009973798
0.0009985232
0.0009053638
0.0007805279
0.0007259824
0.0007363763
0.0007399745
0.0007499390
0.0007271904
0.0006600593
0.0005865830
0.0005019591
0.0003953987
0.0002854922
0.0001687695
7.704752e-05
3.763709e-05
6.325414e-05
0.0001250478
0.0001773834
0.0001757014
0.0001467439
6.828187e-05
-4.137873e-05
-0.0001417500
-0.0002515510
-0.0003812964
-0.0005617461
-0.0007160224
-0.0007453942
-0.0006687036
-0.0005759273
-0.0005151698
-0.0004858683
-0.0004824995
-0.0005090203
-0.0005544712
-0.0005859773
-0.0005991372
-0.0006147143
-0.0006314816
-0.0006341189
-0.0006146712
-0.0005951890
-0.0005615134
-0.0004955853
-0.0004175339
-0.0003632458
-0.0003312173
-0.0003101996
-0.0003132892
-0.0003455892
-0.0003922542
-0.0004184602
-0.0004102571
-0.0004035982
-0.0004028271
-0.0003916204
-0.0003473659
-0.0002646162
-0.0001788200
-0.0001034511
-5.724242e-05
-2.050599e-05
3.988416e-05
9.539115e-05
0.0001125738
0.0001268808
0.0001575428
0.0001865027
0.0001934056
0.0001773718
0.0001765971
0.0001778105
0.0001792813
0.0002015577
0.0002415806
0.0002864029
0.0003251107
0.0003464329
0.0003503043
0.0003513807
0.0003497900
0.0003405028
0.0003287313
0.0003261828
0.0003464441
0.0003986578
0.0004412178
0.0004528740
0.0004335003
0.0003850754
0.0003214242
0.0002508597
0.0001943253
0.0001600191
0.0001325842
0.0001030033
8.780065e-05
7.723033e-05
4.018205e-05
-1.477265e-05
-5.979022e-05
-6.934949e-05
-5.835355e-05
-4.204654e-05
-2.263083e-05
-1.042308e-05
-9.329048e-06
-1.073275e-05
5.198872e-06
3.143144e-05
4.874057e-05
4.625475e-05
3.158395e-05
4.400081e-06
-1.410716e-05
-3.075149e-06
1.471688e-05
1.010705e-05
-1.114152e-05
-5.291972e-05
-0.0001110831
-0.0001621925
-0.0001970449
-0.0002142257
-0.0002057064
-0.0001682903
-0.0001107085
-4.481913e-05
2.253275e-05
7.280621e-05
8.535316e-05
6.415027e-05
3.464840e-05
9.487059e-06
-1.834417e-05
-5.415260e-05
-7.274075e-05
-6.934348e-05
-5.725508e-05
-4.762269e-05
-4.353918e-05
-4.801978e-05
-7.108905e-05
-0.0001224962
-0.0001802068
-0.0002150223
-0.0002207098
-0.0001977920
-0.0001532697
-0.0001108197
-9.095889e-05
-8.243907e-05
-6.612207e-05
-5.251686e-05
-4.926662e-05
-5.218702e-05
-5.113534e-05
-5.003151e-05
-4.705660e-05
-2.963748e-05
1.298214e-05
7.403371e-05
0.0001260283
0.0001584059
0.0001679218
0.0001469458
0.0001083717
7.170942e-05
4.318535e-05
2.402948e-05
1.850425e-05
2.524543e-05
4.811575e-05
8.602755e-05
0.0001129698
0.0001102291
7.927317e-05
4.052499e-05
2.110588e-06
-3.678790e-05
-5.798495e-05
-4.657981e-05
-1.647705e-05
1.389686e-05
4.434998e-05
6.458874e-05
6.353551e-05
4.837157e-05
2.959678e-05
1.450653e-05
1.531807e-05
3.091520e-05
4.163916e-05
3.706382e-05
2.308880e-05
7.311427e-06
-1.030518e-05
-2.312905e-05
-3.337464e-05
-4.960310e-05
-6.153111e-05
-6.347575e-05
-5.044751e-05
-2.257027e-05
4.740307e-06
1.746453e-05
1.302014e-05
-7.679490e-06
-3.175966e-05
-5.480366e-05
-6.020971e-05
-3.598627e-05
1.028513e-06
3.151348e-05
4.303141e-05
3.461895e-05
1.967073e-05
6.319378e-06
3.800358e-06
-1.178377e-06
-7.105822e-06
-5.948642e-05
-0.0001113184
-0.0001397041
-9.354659e-05
-1.973110e-05
3.370530e-05
4.188879e-05
1.863576e-05
-1.058558e-05
-2.327366e-05
-2.713040e-05
-3.800257e-05
-4.657120e-05
-4.012652e-05
-2.697547e-05
1.249643e-05
5.463364e-05
7.456567e-05
9.106045e-05
8.709163e-05
6.089476e-05
3.037473e-05
3.725220e-06
3.725220e-06
3.725220e-06
-3.769242e-11
-6.888686e-08
-3.963387e-07
-1.022677e-06
-1.872486e-06
-2.832988e-06
-3.800262e-06
-4.698607e-06
-5.485645e-06
-6.145533e-06
-6.680773e-06
-7.103566e-06
-7.429291e-06
-7.672472e-06
-7.845805e-06
-7.959937e-06
-8.023860e-06
-8.045005e-06
-8.028966e-06
-7.979577e-06
-7.899665e-06
-7.790810e-06
-7.652723e-06
-7.485144e-06
-7.288707e-06
-7.065606e-06
-6.819483e-06
-6.554501e-06
-6.274645e-06
-5.984130e-06
-5.686060e-06
-5.383316e-06
-5.078276e-06
-4.771118e-06
-4.461603e-06
-4.149830e-06
-3.836630e-06
-3.522936e-06
-3.210753e-06
-2.901453e-06
-2.595542e-06
-2.294099e-06
-1.997932e-06
-1.706174e-06
-1.418940e-06
-1.136385e-06
-8.588310e-07
-5.873604e-07
-3.251031e-07
-7.593130e-08
1.574948e-07
3.729462e-07
5.687108e-07
7.441647e-07
9.002216e-07
1.038609e-06
1.161997e-06
1.273807e-06
1.376881e-06
1.473935e-06
1.566526e-06
1.655959e-06
1.743127e-06
1.827955e-06
1.910754e-06
1.991243e-06
2.068841e-06
2.141863e-06
2.209016e-06
2.269805e-06
2.324462e-06
2.374159e-06
2.419469e-06
2.460116e-06
2.494845e-06
2.519967e-06
2.531324e-06
2.525550e-06
2.501094e-06
2.459156e-06
2.403715e-06
2.338853e-06
2.270981e-06
2.207094e-06
2.150951e-06
2.104372e-06
2.069602e-06
2.049282e-06
2.042237e-06
2.043848e-06
2.050521e-06
2.059264e-06
2.066878e-06
2.071513e-06
2.070884e-06
2.064363e-06
2.051401e-06
2.032108e-06
2.007442e-06
1.978781e-06
1.947012e-06
1.912809e-06
1.877549e-06
1.843184e-06
1.810803e-06
1.779366e-06
1.748465e-06
1.718048e-06
1.689009e-06
1.661247e-06
1.633391e-06
1.607395e-06
1.583369e-06
1.562633e-06
1.545036e-06
1.530080e-06
1.517961e-06
1.511483e-06
1.511626e-06
1.517159e-06
1.527618e-06
1.540139e-06
1.552119e-06
1.562410e-06
1.568433e-06
1.569425e-06
1.564457e-06
1.554570e-06
1.541883e-06
1.529154e-06
1.518231e-06
1.511075e-06
1.508106e-06
1.509106e-06
1.513336e-06
1.520143e-06
1.530264e-06
1.542793e-06
1.558172e-06
1.573923e-06
1.586679e-06
1.592167e-06
1.588995e-06
1.576871e-06
1.555348e-06
1.526236e-06
1.492006e-06
1.454094e-06
1.415923e-06
1.381020e-06
1.353319e-06
1.336632e-06
1.334417e-06
1.349374e-06
1.379711e-06
1.421667e-06
1.472053e-06
1.525924e-06
1.578056e-06
1.623066e-06
1.655842e-06
1.674010e-06
1.678262e-06
1.669560e-06
1.652497e-06
1.630668e-06
1.607541e-06
1.585885e-06
1.570019e-06
1.561739e-06
1.561065e-06
1.566679e-06
1.577320e-06
1.591381e-06
1.606958e-06
1.620746e-06
1.629130e-06
1.628945e-06
1.619543e-06
1.603007e-06
1.580880e-06
1.554699e-06
1.525109e-06
1.493021e-06
1.459104e-06
1.426089e-06
1.398976e-06
1.383022e-06
1.380603e-06
1.393090e-06
1.420280e-06
1.458183e-06
1.500532e-06
1.542925e-06
1.582661e-06
1.619451e-06
1.654145e-06
1.687032e-06
1.717936e-06
1.744914e-06
1.764513e-06
1.772901e-06
1.767699e-06
1.747201e-06
1.712388e-06
1.667029e-06
1.616045e-06
1.565301e-06
1.521681e-06
1.490837e-06
1.475981e-06
1.476807e-06
1.490702e-06
1.513226e-06
1.538265e-06
1.560450e-06
1.575798e-06
1.582965e-06
1.581398e-06
1.571364e-06
1.554722e-06
1.533792e-06
1.511899e-06
1.492117e-06
1.476620e-06
1.467896e-06
1.467768e-06
1.476985e-06
1.494690e-06
1.518674e-06
1.545259e-06
1.571658e-06
1.595528e-06
1.615833e-06
1.633469e-06
1.649339e-06
1.663551e-06
1.676909e-06
1.689354e-06
1.700266e-06
1.709538e-06
1.716937e-06
1.721573e-06
1.732057e-06
1.795202e-06
1.946012e-06
2.203951e-06
2.620154e-06
3.270186e-06
4.218204e-06
5.426123e-06
6.675777e-06
7.677295e-06
8.288220e-06
8.587464e-06
8.713328e-06
8.804235e-06
8.880082e-06
8.937733e-06
8.797449e-06
8.374916e-06
7.612418e-06
6.701292e-06
5.655900e-06
4.759166e-06
4.509465e-06
5.172985e-06
6.588464e-06
8.601719e-06
1.066996e-05
1.155408e-05
1.067537e-05
8.776186e-06
6.622563e-06
3.452505e-06
-6.263657e-07
-5.536966e-06
-9.887394e-06
-1.409328e-05
-1.812882e-05
-2.156821e-05
-2.398998e-05
-2.567763e-05
-2.615325e-05
-2.541399e-05
-2.431759e-05
-2.260598e-05
-1.939885e-05
-1.467855e-05
-1.068858e-05
-7.806837e-06
-5.306790e-06
-4.608552e-06
-6.940683e-06
-1.068703e-05
-1.299213e-05
-1.432369e-05
-1.732320e-05
-2.101011e-05
-2.310366e-05
-2.545108e-05
-2.892455e-05
-3.333221e-05
-3.522053e-05
-3.366013e-05
-2.900574e-05
-2.168516e-05
-1.250403e-05
-2.398388e-06
7.289270e-06
1.390154e-05
1.670308e-05
1.570971e-05
1.166463e-05
4.185926e-06
-6.248150e-06
-1.732459e-05
-2.663902e-05
-3.287154e-05
-3.656226e-05
-3.692467e-05
-3.200325e-05
-2.005647e-05
-1.877591e-06
2.273541e-05
5.175193e-05
8.031734e-05
0.0001027980
0.0001164786
0.0001222786
0.0001179154
0.0001058846
8.999459e-05
7.297794e-05
5.825565e-05
4.943140e-05
4.635574e-05
4.690417e-05
5.123389e-05
5.787588e-05
6.297269e-05
6.744114e-05
7.013227e-05
6.864979e-05
6.430791e-05
5.831676e-05
5.054092e-05
4.117543e-05
3.281278e-05
2.654256e-05
2.267920e-05
1.919179e-05
1.703777e-05
1.705601e-05
1.783573e-05
1.515996e-05
9.213631e-06
3.854987e-06
2.096551e-06
1.481038e-06
-4.112583e-07
-3.211951e-06
-6.161863e-06
-9.643272e-06
-1.544601e-05
-2.375434e-05
-3.127790e-05
-3.802271e-05
-4.549624e-05
-5.336388e-05
-6.131468e-05
-6.884959e-05
-7.415550e-05
-7.658421e-05
-7.889812e-05
-8.127342e-05
-8.284963e-05
-8.192031e-05
-7.842094e-05
-7.441503e-05
-7.144717e-05
-6.766058e-05
-6.180420e-05
-5.480025e-05
-4.720642e-05
-4.175241e-05
-3.894603e-05
-3.741630e-05
-3.598497e-05
-3.478159e-05
-3.422432e-05
-3.400703e-05
-3.445850e-05
-3.483786e-05
-3.349203e-05
-3.249231e-05
-3.262900e-05
-3.211607e-05
-2.921890e-05
-2.251081e-05
-1.320120e-05
-4.813395e-06
2.188213e-07
2.599751e-06
5.012284e-06
7.503349e-06
8.458696e-06
7.772817e-06
6.466955e-06
5.971879e-06
8.337450e-06
1.380067e-05
2.048220e-05
2.723581e-05
3.330486e-05
3.930790e-05
4.523090e-05
4.778433e-05
4.957476e-05
5.438566e-05
5.757197e-05
5.692516e-05
5.495472e-05
5.237206e-05
5.031757e-05
4.923957e-05
4.849491e-05
4.678055e-05
4.482692e-05
4.463809e-05
4.438161e-05
4.425973e-05
4.345124e-05
3.816900e-05
2.936882e-05
2.003543e-05
1.126607e-05
2.661332e-06
-4.106465e-06
-1.060633e-05
-1.791539e-05
-2.436134e-05
-2.771931e-05
-2.915491e-05
-3.055622e-05
-3.390327e-05
-3.890850e-05
-4.375917e-05
-5.115386e-05
-6.286453e-05
-7.524279e-05
-8.521334e-05
-9.168968e-05
-9.269123e-05
-8.969937e-05
-8.519217e-05
-8.152403e-05
-7.885833e-05
-7.466922e-05
-6.542812e-05
-5.432880e-05
-4.494787e-05
-3.730628e-05
-2.856594e-05
-1.885701e-05
-1.087336e-05
1.016510e-06
2.027096e-05
4.216416e-05
5.803347e-05
6.703344e-05
7.286556e-05
7.433097e-05
7.342215e-05
7.017046e-05
6.484307e-05
5.968236e-05
5.844049e-05
6.368943e-05
7.239624e-05
7.872076e-05
7.241206e-05
4.913839e-05
1.632026e-05
-1.046999e-05
-2.880050e-05
-3.538837e-05
-2.573082e-05
-7.537121e-06
5.107606e-06
3.486089e-06
-1.067649e-05
-3.552956e-05
-7.400973e-05
-0.0001219756
-0.0001694205
-0.0001965650
-0.0001827168
-0.0001238352
-3.681860e-05
4.193886e-05
7.840365e-05
7.078335e-05
3.534231e-05
-7.655900e-06
-4.399244e-05
-5.854759e-05
-4.602451e-05
-1.131231e-05
2.657035e-05
2.657035e-05
2.657035e-05
