-9.136153e-12
-1.660931e-08
-9.499734e-08
-2.382120e-07
-4.063210e-07
-5.308477e-07
-5.266976e-07
-3.179834e-07
1.311679e-07
8.019321e-07
1.628837e-06
2.522316e-06
3.393289e-06
4.170043e-06
4.805665e-06
5.276284e-06
5.578030e-06
5.724496e-06
5.741530e-06
5.660218e-06
5.510129e-06
5.317266e-06
5.104627e-06
4.888626e-06
4.674900e-06
4.458740e-06
4.230609e-06
3.981731e-06
3.703356e-06
3.384504e-06
3.019921e-06
2.616820e-06
2.192630e-06
1.764793e-06
1.340291e-06
9.136104e-07
4.727867e-07
6.710619e-09
-4.907815e-07
-1.020249e-06
-1.577466e-06
-2.154392e-06
-2.742823e-06
-3.336495e-06
-4.126944e-06
-7.103280e-06
-1.541737e-05
-3.173710e-05
-6.152187e-05
-0.0001168422
-0.0002057919
-0.0003204256
-0.0004414602
-0.0005463342
-0.0006185854
-0.0006584935
-0.0006783646
-0.0006878828
-0.0006903050
-0.0006906015
-0.0006924090
-0.0006976895
-0.0007070438
-0.0007231351
-0.0007565268
-0.0008201310
-0.0009105300
-0.0009989197
-0.001042452
-0.0009987020
-0.0008465938
-0.0005988401
-0.0002966091
8.059254e-06
0.0002669946
0.0004586755
0.0005617773
0.0005373007
0.0004311005
0.0004063816
0.0006308363
0.001174353
0.001902251
0.002472138
0.002544969
0.002128158
0.001582508
0.001296469
0.001379922
0.001639315
0.001795785
0.001748110
0.001517406
0.001238059
0.001141691
0.001405875
0.002058974
0.002953367
0.003810325
0.004295836
0.004180463
0.003489259
0.002478128
0.001447064
0.0005944779
-3.706234e-05
-0.0004902187
-0.0007877280
-0.0009451197
-0.001004766
-0.001038855
-0.001126638
-0.001308014
-0.001557056
-0.001802142
-0.001998778
-0.002153728
-0.002298879
-0.002460636
-0.002642840
-0.002827516
-0.002985206
-0.003076737
-0.003084484
-0.003014362
-0.002880389
-0.002704793
-0.002508297
-0.002298334
-0.002083562
-0.001883600
-0.001717173
-0.001588147
-0.001488980
-0.001401363
-0.001298790
-0.001158459
-0.0009741129
-0.0007664901
-0.0005638999
-0.0003709050
-0.0001696456
5.432909e-05
0.0003011952
0.0005526505
0.0007785505
0.0009410959
0.001014777
0.001000227
0.0009241357
0.0008376728
0.0008008594
0.0008542480
0.0009962977
0.001182624
0.001352092
0.001461425
0.001497125
0.001475540
0.001424786
0.001363383
0.001295883
0.001213994
0.001106229
0.0009731502
0.0008299253
0.0006971210
0.0005914265
0.0005172878
0.0004669362
0.0004303486
0.0004014877
0.0003748125
0.0003369136
0.0002737699
0.0001845100
8.491128e-05
7.514784e-07
-4.261479e-05
-3.179272e-05
2.469099e-05
9.855471e-05
0.0001605809
0.0001947498
0.0001924418
0.0001499080
7.714120e-05
-3.983582e-06
-7.579337e-05
-0.0001308946
-0.0001705541
-0.0002056561
-0.0002487008
-0.0003004760
-0.0003459112
-0.0003675010
-0.0003664833
-0.0003652756
-0.0003840993
-0.0004196827
-0.0004431987
-0.0004244371
-0.0003620833
-0.0002798681
-0.0002021465
-0.0001395268
-8.789974e-05
-3.838945e-05
1.323045e-05
6.693146e-05
0.0001265605
0.0001988417
0.0002844648
0.0003729394
0.0004458588
0.0004856991
0.0004824170
0.0004347476
0.0003481186
0.0002307108
9.682085e-05
-3.985288e-05
-0.0001742726
-0.0003080476
-0.0004435379
-0.0005760631
-0.0006855145
-0.0007412486
-0.0007226312
-0.0006291469
-0.0004765587
-0.0002931366
-0.0001081212
5.879769e-05
0.0001978107
0.0003002503
0.0003547317
0.0003594599
0.0003326830
0.0003039827
0.0002949669
0.0003065571
0.0003189669
0.0003088561
0.0002700417
0.0002141496
0.0001529061
8.922532e-05
2.048272e-05
-5.400274e-05
-0.0001244730
-0.0001768229
-0.0002069618
-0.0002225370
-0.0002348504
-0.0002497362
-0.0002616690
-0.0002587819
-0.0002289192
-0.0001687070
-8.928029e-05
-7.454198e-06
6.795901e-05
0.0001358500
0.0001942850
0.0002389241
0.0002639245
0.0002634017
0.0002342422
0.0001759540
9.176170e-05
-8.851438e-06
-0.0001108111
-0.0001975666
-0.0002563986
-0.0002821502
-0.0002758092
-0.0002415189
-0.0001865869
-0.0001190892
-4.659889e-05
2.426001e-05
8.813449e-05
0.0001399064
0.0001738538
0.0001832166
0.0001632376
0.0001133607
3.925956e-05
-4.603189e-05
-0.0001247219
-0.0001807988
-0.0002058610
-0.0002009586
-0.0001687667
-0.0001088176
-2.387521e-05
7.397035e-05
0.0001676219
0.0002433235
0.0002927972
0.0003108559
0.0002920232
0.0002369195
0.0001574243
6.874295e-05
-1.618551e-05
-8.715542e-05
-0.0001371079
-0.0001638845
-0.0001696359
-0.0001590940
-0.0001408847
-0.0001250779
-0.0001171237
-0.0001154767
-0.0001165245
-0.0001200812
-0.0001282397
-0.0001392704
-0.0001456032
-0.0001368278
-0.0001071244
-6.081559e-05
-7.325274e-06
4.714707e-05
0.0001036856
0.0001635884
0.0002222060
0.0002712031
0.0003037936
0.0003166649
0.0003119034
0.0002945300
0.0002663387
0.0002245169
0.0001658139
9.282531e-05
1.578142e-05
-5.294602e-05
-0.0001046327
-0.0001383381
-0.0001606013
-0.0001800728
-0.0002001504
-0.0002157240
-0.0002266295
-0.0002641567
-0.0003769265
-0.0005419908
-0.0006428403
-0.0005808900
-0.0003621889
-7.840341e-05
0.0001627726
0.0002905824
0.0003058038
0.0002807376
0.0002862450
0.0003187166
0.0003265518
0.0002784535
0.0001932204
0.0001038006
2.999857e-05
-1.405936e-05
-2.213952e-05
-3.146753e-06
2.584023e-05
5.313640e-05
7.766941e-05
0.0001056939
0.0001393166
0.0001657372
0.0001706731
0.0001513952
0.0001129378
6.500100e-05
2.189749e-05
-7.882802e-06
-2.784403e-05
-4.208711e-05
-5.440009e-05
-7.054758e-05
-9.531258e-05
-0.0001281308
-0.0001612269
-0.0001859209
-0.0001972233
-0.0001944738
-0.0001782329
-0.0001460297
-9.545242e-05
-2.908320e-05
4.578341e-05
0.0001181783
0.0001737738
0.0002016731
0.0001994669
0.0001738189
0.0001357979
9.267531e-05
4.767748e-05
3.869231e-06
-3.308348e-05
-5.775971e-05
-6.843313e-05
-6.723361e-05
-5.855582e-05
-4.755038e-05
-3.658219e-05
-2.503635e-05
-1.027706e-05
1.287215e-05
4.716206e-05
8.761975e-05
0.0001217630
0.0001378778
0.0001333159
0.0001102253
6.946126e-05
1.589080e-05
-3.992880e-05
-8.902054e-05
-0.0001294774
-0.0001629433
-0.0001876267
-0.0002004750
-0.0002032191
-0.0002002792
-0.0001936359
-0.0001837907
-0.0001731360
-0.0001602740
-0.0001357899
-8.863704e-05
-1.677789e-05
6.784300e-05
0.0001457255
0.0002011050
0.0002272655
0.0002257103
0.0002025402
0.0001643992
0.0001168256
6.415069e-05
1.139045e-05
-3.237793e-05
-5.701441e-05
-5.864020e-05
-4.111374e-05
-1.340032e-05
1.497286e-05
3.797073e-05
5.268950e-05
5.668293e-05
5.001479e-05
3.731179e-05
2.239271e-05
5.335574e-06
-1.496025e-05
-3.811972e-05
-6.160671e-05
-8.041177e-05
-8.868322e-05
-8.289244e-05
-6.214478e-05
-2.815892e-05
1.240211e-05
4.902030e-05
7.276718e-05
7.991951e-05
6.970444e-05
4.391488e-05
6.785702e-06
-3.478552e-05
-7.234972e-05
-0.0001003729
-0.0001171209
-0.0001223481
-0.0001149812
-9.325838e-05
-5.805949e-05
-1.559763e-05
2.360571e-05
4.929128e-05
5.738791e-05
5.078281e-05
3.789564e-05
2.825010e-05
2.732878e-05
3.529351e-05
4.891652e-05
6.487161e-05
8.070664e-05
9.491343e-05
0.0001075519
0.0001201415
0.0001338333
0.0001468850
0.0001556249
0.0001554661
0.0001419031
0.0001127369
7.112703e-05
2.415273e-05
-2.150284e-05
-6.228489e-05
-9.661067e-05
-0.0001216761
-0.0001340995
-0.0001340995
-1.802755e-11
-3.352790e-08
-1.944790e-07
-5.038057e-07
-9.304022e-07
-1.422387e-06
-1.928979e-06
-2.410866e-06
-2.845018e-06
-3.223934e-06
-3.547791e-06
-3.816510e-06
-4.034104e-06
-4.202822e-06
-4.325658e-06
-4.401876e-06
-4.429872e-06
-4.411315e-06
-4.349907e-06
-4.253948e-06
-4.131553e-06
-3.994618e-06
-3.852514e-06
-3.713887e-06
-3.585204e-06
-3.471522e-06
-3.376399e-06
-3.296632e-06
-3.227510e-06
-3.164613e-06
-3.103363e-06
-3.037114e-06
-2.961363e-06
-2.870570e-06
-2.763401e-06
-2.639238e-06
-2.497270e-06
-2.336639e-06
-2.153880e-06
-1.948323e-06
-1.724325e-06
-1.488995e-06
-1.252210e-06
-1.023217e-06
-8.079037e-07
-6.117456e-07
-4.398119e-07
-2.942436e-07
-1.734715e-07
-7.242517e-08
1.215721e-08
7.769538e-08
1.253907e-07
1.581225e-07
1.788446e-07
1.933677e-07
2.099598e-07
2.346933e-07
2.705704e-07
3.202703e-07
3.818453e-07
4.511984e-07
5.214608e-07
5.891394e-07
6.526575e-07
7.086345e-07
7.576201e-07
7.976034e-07
8.298251e-07
8.578888e-07
8.829304e-07
9.049184e-07
9.247774e-07
9.420567e-07
9.549877e-07
9.627579e-07
9.654416e-07
9.643580e-07
9.583364e-07
9.465122e-07
9.333899e-07
9.191018e-07
9.014090e-07
8.823101e-07
8.605621e-07
8.383853e-07
8.191596e-07
8.024302e-07
7.860722e-07
-6.037241e-07
-9.381323e-06
-2.125069e-05
-3.747021e-05
-7.350407e-05
-0.0001307704
-0.0001809729
-0.0002089610
-0.0001988728
-0.0001750975
-0.0001853875
-0.0002545462
-0.0003375928
-0.0004004450
-0.0004243739
-0.0004314471
-0.0004545675
-0.0004904875
-0.0005175411
-0.0005389082
-0.0005616005
-0.0005843707
-0.0005835306
-0.0005364731
-0.0004560961
-0.0003661324
-0.0002947819
-0.0002384869
-0.0002047963
-0.0001743152
-0.0001439532
-0.0001152894
-8.223722e-05
-2.350909e-05
5.013307e-05
0.0001224523
0.0001677728
0.0001662510
0.0001290887
7.671882e-05
3.542116e-05
1.817561e-05
4.078943e-05
7.866202e-05
9.555831e-05
9.154593e-05
7.779478e-05
7.051603e-05
7.259761e-05
7.710294e-05
5.697860e-05
3.047679e-05
1.282381e-05
-3.107219e-06
-2.018617e-05
-6.217571e-06
3.512286e-05
0.0001168325
0.0002062728
0.0002437441
0.0002595678
0.0003125813
0.0004065058
0.0004996296
0.0005736308
0.0006709950
0.0008282472
0.0009067206
0.0009060790
0.0009842833
0.0009396054
0.0008265671
0.0007684693
0.0007034311
0.0006135571
0.0004889914
0.0003908298
0.0003767648
0.0003597965
0.0004283062
0.0005693794
0.0006645618
0.0008443467
0.001072191
0.001101254
0.001076728
0.001068270
0.001085796
0.001143118
0.001065714
0.0009500913
0.0008704658
0.0008003629
0.0007938995
0.0008426287
0.0009062032
0.001008350
0.001126899
0.001180419
0.001102739
0.0008971899
0.0006295133
0.0003237602
2.904174e-05
-0.0001724909
-0.0003093388
-0.0004138424
-0.0005143309
-0.0006303160
-0.0007530478
-0.0008295537
-0.0008989148
-0.0009968388
-0.001107197
-0.001218220
-0.001272872
-0.001289285
-0.001302948
-0.001316733
-0.001311939
-0.001262812
-0.001225251
-0.001244101
-0.001252840
-0.001199931
-0.001122279
-0.001054537
-0.0009780980
-0.0008994598
-0.0008671285
-0.0008680057
-0.0009310976
-0.001049878
-0.001128383
-0.001139220
-0.001092616
-0.001034655
-0.0009915923
-0.0009215678
-0.0008009694
-0.0006601132
-0.0005356908
-0.0004341278
-0.0003453495
-0.0002543647
-0.0001605463
-5.831218e-05
9.326229e-06
3.622993e-05
4.803453e-05
8.233637e-05
0.0001534088
0.0002726278
0.0004000554
0.0004494116
0.0003846415
0.0002489569
0.0001444527
0.0001436290
0.0002190561
0.0003198929
0.0004246056
0.0005174868
0.0005891934
0.0006343326
0.0006523663
0.0006302356
0.0005641097
0.0004862188
0.0004424370
0.0004242631
0.0004404934
0.0004769594
0.0005111889
0.0005367756
0.0005505723
0.0005273801
0.0004680651
0.0003777265
0.0003227737
0.0003506656
0.0004296220
0.0004921919
0.0005023989
0.0004541432
0.0003480667
0.0002231387
0.0001154137
3.541023e-05
-6.205659e-06
-2.867227e-06
4.414426e-05
9.555445e-05
0.0001010081
4.332414e-05
-6.101864e-05
-0.0001586658
-0.0002137711
-0.0002361795
-0.0002390322
-0.0002241045
-0.0002050164
-0.0001847869
-0.0001723138
-0.0001857925
-0.0002285913
-0.0002791624
-0.0002788875
-0.0002349053
-0.0001744626
-9.825239e-05
-3.271492e-05
-2.026931e-05
-3.324488e-05
-3.869533e-05
-3.661237e-05
-2.792575e-05
-2.596801e-05
-3.773081e-05
-5.655569e-05
-7.525230e-05
-9.276546e-05
-9.571468e-05
-8.761377e-05
-7.960753e-05
-8.617769e-05
-0.0001115679
-0.0001402847
-0.0001656575
-0.0001805251
-0.0001916413
-0.0001938467
-0.0001749258
-0.0001307627
-7.106525e-05
-3.452049e-05
-5.277630e-05
-0.0001228599
-0.0001845260
-0.0001991370
-0.0001833437
-0.0001421137
-6.392824e-05
3.254823e-05
0.0001203613
0.0001703614
0.0001897805
0.0001848821
0.0001546019
0.0001047327
6.519131e-05
5.101657e-05
4.687083e-05
4.880748e-05
6.169120e-05
7.623402e-05
7.140575e-05
6.085023e-05
5.611570e-05
6.032515e-05
6.943633e-05
8.096837e-05
7.372205e-05
4.831115e-05
4.623750e-05
8.295216e-05
0.0001215357
0.0001283227
9.618620e-05
3.877982e-05
-1.810971e-05
-4.603368e-05
-3.119557e-05
1.996345e-05
7.582775e-05
9.505258e-05
7.189666e-05
4.767604e-05
4.140886e-05
3.740527e-05
2.313088e-05
-1.181340e-05
-7.463838e-05
-0.0001410672
-0.0001832694
-0.0001905807
-0.0001645486
-0.0001103264
-4.963018e-05
7.338444e-07
3.915644e-05
7.041726e-05
9.985753e-05
0.0001037510
6.911824e-05
2.485857e-05
4.640335e-06
6.478117e-06
1.060738e-05
1.391585e-05
1.875415e-05
2.737906e-05
3.510417e-05
3.802723e-05
3.526873e-05
2.177249e-05
-7.076774e-06
-4.226747e-05
-7.193549e-05
-9.208121e-05
-0.0001024416
-9.445325e-05
-6.644093e-05
-2.821100e-05
4.205753e-06
1.362100e-05
-3.215654e-07
-1.465782e-05
-2.484537e-05
-3.404696e-05
-3.349547e-05
-2.284174e-05
-2.411146e-06
3.664199e-05
8.609883e-05
0.0001241383
0.0001418069
0.0001301833
9.631037e-05
6.549191e-05
6.045938e-05
7.879366e-05
9.349637e-05
6.850216e-05
6.147983e-06
3.183074e-06
2.051273e-05
9.243427e-06
1.387295e-05
4.446197e-05
8.089950e-05
0.0001009283
9.898749e-05
9.070664e-05
8.293217e-05
7.307851e-05
7.403721e-05
8.844565e-05
0.0001032128
0.0001275830
0.0001277527
7.914065e-05
3.220090e-06
-7.273228e-05
-0.0001148247
-0.0001363586
-0.0001433824
-0.0001439391
-0.0001576575
-0.0001566693
-0.0001463342
-0.0001362164
-0.0001014247
-5.512249e-05
-2.423706e-05
-2.394953e-05
-4.778060e-05
-7.180616e-05
-7.490678e-05
-6.632020e-05
-6.562606e-05
-6.905078e-05
-6.252091e-05
-4.511583e-05
-3.441683e-05
-3.414028e-05
-3.259793e-05
-1.683647e-05
-8.197560e-06
-1.811278e-05
-1.954849e-05
7.352250e-06
4.560260e-05
7.895252e-05
9.879254e-05
9.091121e-05
5.917860e-05
1.990751e-05
-8.391190e-06
-3.050551e-05
-4.772971e-05
-6.167228e-05
-8.066338e-05
-8.749100e-05
-7.647403e-05
-6.665328e-05
-6.713267e-05
-6.356517e-05
-4.760056e-05
-3.089421e-05
-1.858344e-05
-4.219851e-06
1.965667e-05
5.379118e-05
9.398239e-05
0.0001319081
0.0001577421
0.0001688438
0.0001597262
0.0001256116
7.771320e-05
4.142244e-05
2.169060e-05
1.632524e-05
1.454086e-05
9.623861e-06
3.639171e-06
-1.214613e-05
-3.019748e-05
-4.702180e-05
-5.730053e-05
-5.730053e-05
-5.730053e-05
-3.946159e-11
-7.149360e-08
-4.021601e-07
-1.026842e-06
-1.870912e-06
-2.835073e-06
-3.834207e-06
-4.741949e-06
-5.530085e-06
-6.193814e-06
-6.735720e-06
-7.186572e-06
-7.559088e-06
-7.877730e-06
-8.156054e-06
-8.383741e-06
-8.570507e-06
-8.700627e-06
-8.775656e-06
-8.800545e-06
-8.785047e-06
-8.724192e-06
-8.625012e-06
-8.486237e-06
-8.304886e-06
-8.093139e-06
-7.860664e-06
-7.614223e-06
-7.356044e-06
-7.094492e-06
-6.819063e-06
-6.538769e-06
-6.239775e-06
-5.927330e-06
-5.607222e-06
-5.291613e-06
-4.985029e-06
-4.677278e-06
-4.367748e-06
-4.062824e-06
-3.765990e-06
-3.465444e-06
-3.162275e-06
-2.857220e-06
-2.550552e-06
-2.242524e-06
-1.924698e-06
-1.604558e-06
-1.288996e-06
-1.001932e-06
-7.571606e-07
-5.469641e-07
-3.710043e-07
-2.289459e-07
-1.171048e-07
-2.750993e-08
4.932708e-08
1.187910e-07
1.935418e-07
2.805461e-07
3.743956e-07
4.646454e-07
5.547590e-07
6.460823e-07
7.363117e-07
8.293448e-07
9.245026e-07
1.024041e-06
1.122818e-06
1.227765e-06
1.318477e-06
8.650276e-07
-8.605410e-07
-2.654730e-06
-5.147391e-06
-1.082940e-05
-2.308341e-05
-3.515156e-05
-4.507997e-05
-5.454489e-05
-6.513025e-05
-7.295357e-05
-7.529149e-05
-7.568813e-05
-8.171313e-05
-8.981160e-05
-8.756002e-05
-8.627821e-05
-9.036260e-05
-9.530761e-05
-9.604335e-05
-9.280022e-05
-8.847132e-05
-8.755470e-05
-7.763859e-05
-7.410844e-05
-7.080294e-05
-5.439014e-05
-3.218227e-05
-1.058937e-05
1.254560e-05
3.823438e-05
6.578710e-05
7.550538e-05
7.628617e-05
7.847211e-05
7.593918e-05
7.402592e-05
7.810552e-05
7.618083e-05
5.932555e-05
3.963814e-05
3.567926e-05
3.961132e-05
1.789775e-05
6.627835e-06
2.836223e-05
7.543354e-05
0.0001187160
0.0001345928
0.0001353075
0.0001310284
9.762456e-05
2.190401e-05
-0.0001117357
-0.0003143637
-0.0005119039
-0.0006758721
-0.0007676230
-0.0008424612
-0.0007972541
-0.0005678285
-0.0003732713
-0.0002681929
-0.0002060159
-0.0001400734
-6.643247e-05
-9.722804e-05
-0.0002253312
-0.0002390549
-0.0002658443
-0.0004797095
-0.0005829112
-0.0004195869
-0.0002286532
-7.437306e-05
0.0001692570
0.0005540120
0.0008924645
0.0009562644
0.0008790492
0.0009198755
0.001036284
0.001165558
0.001222760
0.001304152
0.001356500
0.001330998
0.001158807
0.0007984299
0.0004287924
0.0001357002
-5.499499e-05
-1.510445e-05
0.0001656773
0.0004174630
0.0006659609
0.0007942246
0.0007488880
0.0006034633
0.0003681545
-4.798824e-06
-0.0004164211
-0.0007066587
-0.0008501178
-0.0008273002
-0.0006854972
-0.0003710021
1.339031e-05
0.0003244353
0.0004308303
0.0003679697
0.0002246949
5.387599e-05
-0.0001750498
-0.0004213547
-0.0005847925
-0.0005665231
-0.0004243076
-0.0002986139
-0.0003009158
-0.0004030317
-0.0004353031
-0.0004064786
-0.0003573550
-0.0003239570
-0.0003134980
-0.0003336608
-0.0003452192
-0.0002977244
-0.0002798530
-0.0002422197
-0.0001544032
-0.0001071256
-0.0001159256
-8.842996e-05
-2.657507e-05
-3.293060e-05
-0.0001032554
-0.0001474936
-0.0001440400
-0.0001078103
-3.238261e-05
0.0001087648
0.0002582692
0.0003346220
0.0003492323
0.0003372932
0.0002486039
7.691344e-05
-0.0001093876
-0.0002641926
-0.0003314056
-0.0002811143
-0.0002263737
-0.0001988815
-0.0001818508
-0.0001557909
-9.249263e-05
1.542841e-05
0.0001733169
0.0002981241
0.0003153207
0.0002834224
0.0002583658
0.0002277851
0.0001983602
0.0001867526
0.0002323616
0.0002739253
0.0002528061
0.0001935535
0.0001556523
0.0001502912
0.0001365073
0.0001010846
4.989153e-05
-2.731491e-05
-0.0001060271
-0.0001640139
-0.0001849905
-0.0001797307
-0.0001858084
-0.0001936299
-0.0001719458
-0.0001156171
-5.839914e-05
-5.644512e-07
4.614538e-05
6.938395e-05
7.769570e-05
7.424358e-05
6.273715e-05
1.340834e-05
-7.034673e-05
-0.0001612293
-0.0002565047
-0.0003639113
-0.0004281113
-0.0003846337
-0.0002696444
-0.0001556864
-1.519227e-05
0.0001622436
0.0003102639
0.0003335203
0.0002473112
0.0001156298
-1.170255e-05
-0.0001212687
-0.0001827879
-0.0001690061
-0.0001207011
-9.794157e-05
-0.0001080683
-0.0001118559
-0.0001216712
-0.0001628385
-0.0001905715
-0.0001802042
-0.0001660451
-0.0001492011
-0.0001243043
-9.666360e-05
-5.846798e-05
2.080684e-05
9.102467e-05
8.590249e-05
8.378931e-06
-8.818501e-05
-0.0001468462
-0.0001458053
-0.0001106557
-5.327312e-05
2.117075e-06
3.796675e-05
7.263977e-05
0.0001150354
0.0001439091
0.0001555819
0.0001626199
0.0001868066
0.0002044702
0.0001914349
0.0001297703
5.350451e-05
1.321708e-05
2.102245e-05
4.767896e-05
7.078070e-05
7.919379e-05
4.639517e-05
-2.488620e-05
-0.0001082016
-0.0001747809
-0.0002027400
-0.0001766315
-0.0001198971
-8.451046e-05
-8.571821e-05
-9.940563e-05
-0.0001061876
-9.402974e-05
-4.287467e-05
6.031269e-05
0.0001711350
0.0002378667
0.0002422352
0.0001969228
0.0001401779
0.0001084594
0.0001084109
0.0001196978
0.0001135869
6.870012e-05
9.531461e-06
-2.755605e-05
-4.710369e-05
-6.186080e-05
-6.226257e-05
-4.259328e-05
-1.255620e-05
1.410163e-05
2.930946e-05
3.675770e-05
3.835277e-05
2.729300e-05
1.365744e-05
1.629366e-05
2.895001e-05
2.579006e-05
9.410077e-06
-7.148237e-06
-2.805811e-05
-4.399633e-05
-4.366096e-05
-3.823116e-05
-4.898328e-05
-6.966641e-05
-7.450805e-05
-4.619582e-05
3.270112e-06
4.598205e-05
7.223213e-05
8.606292e-05
9.278781e-05
9.302974e-05
8.692301e-05
7.774444e-05
6.464532e-05
5.848324e-05
4.831501e-05
2.096552e-05
-2.066709e-05
-5.886147e-05
-8.469601e-05
-9.045740e-05
-7.880187e-05
-7.602444e-05
-7.940980e-05
-6.860391e-05
-2.631486e-05
3.883111e-05
0.0001058870
0.0001606042
0.0001855642
0.0001409119
3.714364e-05
-2.126452e-05
-3.541799e-05
-9.728876e-05
-0.0001624537
-0.0001618110
-0.0001341950
-0.0001349680
-0.0001625893
-0.0001477828
-7.333760e-05
-1.882839e-05
3.169195e-06
-3.178847e-06
1.528263e-05
3.099101e-05
2.720227e-05
1.310113e-05
-1.569867e-05
-3.524992e-05
2.370667e-06
7.151012e-05
9.677662e-05
0.0001035027
9.207174e-05
6.224382e-05
4.740232e-05
5.578412e-05
6.111685e-05
4.877658e-05
-3.906520e-06
-6.275804e-05
-0.0001032229
-0.0001201233
-0.0001238954
-0.0001286213
-0.0001082667
-7.640816e-05
-6.034608e-05
-5.911558e-05
-7.471375e-05
-7.048784e-05
-3.474083e-05
-1.216343e-05
-1.065033e-05
-6.792283e-07
3.457842e-05
7.938045e-05
0.0001156960
0.0001238253
0.0001114317
0.0001030173
0.0001021919
7.962276e-05
3.580512e-05
1.259768e-05
-4.111161e-06
-3.311768e-05
-5.564390e-05
-6.005249e-05
-5.037564e-05
-3.131749e-05
-3.027621e-05
-4.939267e-05
-6.315234e-05
-4.016531e-05
1.116177e-05
5.525828e-05
8.043624e-05
0.0001032244
0.0001251510
0.0001473363
0.0001471427
0.0001200779
8.014383e-05
3.674183e-05
-5.050347e-06
-2.973702e-05
-3.066367e-05
-3.117473e-05
-3.618729e-05
-2.666298e-05
3.573544e-06
4.421217e-05
8.962078e-05
0.0001074849
9.854564e-05
8.409037e-05
7.103087e-05
6.024635e-05
5.051062e-05
3.002428e-05
-8.224059e-06
-5.347026e-05
-9.751233e-05
-0.0001263113
-0.0001260027
-9.670072e-05
-5.990246e-05
-3.666268e-05
-4.270194e-05
-5.890477e-05
-6.878148e-05
-6.063839e-05
-4.288768e-05
-3.993150e-05
-5.153658e-05
-5.341174e-05
-3.529394e-05
-2.002591e-05
-1.340048e-05
-1.100726e-05
-8.391643e-06
-8.391643e-06
-8.391643e-06
7.770191e-13
-1.047893e-08
-6.433130e-08
-1.689425e-07
-3.156469e-07
-4.845244e-07
-6.576396e-07
-8.188448e-07
-9.604337e-07
-1.078029e-06
-1.170572e-06
-1.241487e-06
-1.293263e-06
-1.329471e-06
-1.351208e-06
-1.359923e-06
-1.356487e-06
-1.344438e-06
-1.323199e-06
-1.294637e-06
-1.264350e-06
-1.234146e-06
-1.205597e-06
-1.177892e-06
-1.150458e-06
-1.117862e-06
-1.079162e-06
-1.032536e-06
-9.818491e-07
-9.304249e-07
-8.833438e-07
-8.439274e-07
-8.087248e-07
-7.753322e-07
-7.386896e-07
-6.941422e-07
-6.399070e-07
-5.747133e-07
-5.009924e-07
-4.237883e-07
-3.437070e-07
-2.625330e-07
-1.832625e-07
-1.110975e-07
-5.141551e-08
-4.726404e-09
2.669123e-08
4.559646e-08
5.450293e-08
5.753038e-08
6.035810e-08
6.606620e-08
7.785874e-08
9.724143e-08
1.237027e-07
1.583891e-07
2.018640e-07
2.530998e-07
3.106409e-07
3.700945e-07
4.294344e-07
4.843542e-07
5.303906e-07
5.625279e-07
5.775304e-07
5.726461e-07
5.536806e-07
5.255806e-07
4.894999e-07
4.508792e-07
4.144715e-07
3.818138e-07
3.565428e-07
3.429325e-07
3.413262e-07
3.496366e-07
3.663382e-07
3.892321e-07
4.150020e-07
4.450885e-07
4.774689e-07
5.081195e-07
5.355897e-07
5.570441e-07
5.728363e-07
5.858799e-07
5.935864e-07
5.969993e-07
5.967082e-07
5.938157e-07
5.863197e-07
5.739742e-07
5.539835e-07
5.267773e-07
4.917796e-07
4.516622e-07
4.103875e-07
3.690408e-07
3.275899e-07
2.884011e-07
2.526309e-07
2.251190e-07
2.092643e-07
2.093191e-07
2.259095e-07
2.547090e-07
2.589444e-07
-1.882726e-07
1.532553e-06
1.341148e-06
-1.152320e-06
-4.642139e-06
-5.590376e-06
-1.422482e-05
-2.813303e-05
-4.470705e-05
-5.121364e-05
-5.273787e-05
-5.482090e-05
-5.449876e-05
-5.576073e-05
-6.510921e-05
-8.555605e-05
-9.830114e-05
-9.832856e-05
-9.537946e-05
-9.464341e-05
-8.892229e-05
-8.679320e-05
-8.842249e-05
-9.890775e-05
-0.0001053223
-0.0001060835
-0.0001043365
-9.305026e-05
-7.405752e-05
-6.203308e-05
-5.686457e-05
-5.252098e-05
-4.786661e-05
-3.700071e-05
-2.130118e-05
9.911822e-06
3.296335e-05
3.197350e-05
3.038846e-05
3.136124e-05
2.728026e-05
1.839820e-05
7.385854e-06
1.023741e-05
2.244647e-05
3.544645e-05
5.430948e-05
6.963840e-05
8.159555e-05
8.944476e-05
9.807807e-05
0.0001077459
0.0001232015
0.0001263586
0.0001092269
7.578368e-05
4.027993e-05
1.680047e-05
1.206458e-05
2.042475e-05
4.797479e-05
8.416856e-05
0.0001281954
0.0001728195
0.0002080306
0.0002386312
0.0002562845
0.0002714025
0.0002953852
0.0003149604
0.0003201088
0.0003101097
0.0002891145
0.0002581874
0.0002194722
0.0001724941
0.0001240926
6.805314e-05
3.316010e-05
-5.301420e-06
-8.325292e-05
-0.0002098313
-0.0002769932
-0.0002854700
-0.0003008793
-0.0003062802
-0.0002973673
-0.0003490328
-0.0004430230
-0.0005800906
-0.0006634315
-0.0006577623
-0.0006598919
-0.0005854279
-0.0004354215
-0.0003742286
-0.0003226209
-0.0002598875
-0.0002851282
-0.0003248653
-0.0003288948
-0.0002934608
-0.0001424928
2.777046e-05
0.0002081472
0.0004139078
0.0005411587
0.0006383533
0.0006179425
0.0004872791
0.0003534661
0.0003367492
0.0004107721
0.0004970268
0.0005781152
0.0006684926
0.0007151563
0.0007275991
0.0007286831
0.0007500445
0.0007917959
0.0007544706
0.0006715790
0.0005652456
0.0004969227
0.0004067781
0.0003119629
0.0002937318
0.0002612628
0.0001832086
0.0001387055
0.0001213389
8.465768e-05
-1.985761e-05
-0.0001382149
-0.0002338572
-0.0003611824
-0.0005014443
-0.0005863993
-0.0006021009
-0.0006033909
-0.0006004354
-0.0005685402
-0.0004881751
-0.0004105048
-0.0003391822
-0.0002931075
-0.0002676678
-0.0002604543
-0.0002881907
-0.0003308679
-0.0003496890
-0.0003545077
-0.0003433260
-0.0003284175
-0.0003437452
-0.0004032179
-0.0004575121
-0.0004832532
-0.0004745640
-0.0004298761
-0.0003268378
-0.0002034180
-0.0001159654
-4.215629e-05
1.905271e-05
2.994698e-05
7.349403e-06
-3.225363e-06
2.688405e-05
5.555915e-05
9.340349e-05
0.0001446822
0.0001878320
0.0002113275
0.0002100786
0.0001969459
0.0001732517
0.0001484009
0.0001385791
0.0001316869
0.0001064991
6.823564e-05
3.959987e-05
3.035555e-05
3.592886e-05
4.913728e-05
7.934341e-05
0.0001279165
0.0001596538
0.0001697172
0.0001697519
0.0001728000
0.0001779946
0.0001859307
0.0002072719
0.0002351067
0.0002352704
0.0002106449
0.0001785719
0.0001425216
0.0001144483
9.349275e-05
7.523459e-05
4.299406e-05
-1.042210e-05
-6.125405e-05
-8.790855e-05
-7.292129e-05
-1.786929e-05
3.800455e-05
5.937670e-05
5.228292e-05
1.977560e-05
-1.958063e-05
-6.785674e-05
-0.0001192868
-0.0001500522
-0.0001542195
-0.0001324335
-9.441494e-05
-7.091101e-05
-6.826689e-05
-6.505377e-05
-6.182137e-05
-6.739233e-05
-7.421472e-05
-9.287737e-05
-0.0001160430
-0.0001229910
-0.0001236416
-0.0001273854
-0.0001353846
-0.0001391296
-0.0001211398
-7.995073e-05
-3.776703e-05
-4.753402e-06
1.794417e-05
2.948424e-05
3.447470e-05
4.921126e-05
6.946253e-05
8.136286e-05
7.619628e-05
6.380148e-05
3.968902e-05
3.377939e-06
-3.304600e-05
-5.581135e-05
-5.154613e-05
-3.023167e-05
-1.304967e-05
-1.170769e-05
-2.675719e-05
-5.360736e-05
-7.584244e-05
-8.864611e-05
-9.090657e-05
-8.401603e-05
-7.677069e-05
-6.428021e-05
-5.209062e-05
-4.752768e-05
-5.206560e-05
-6.920749e-05
-7.497363e-05
-4.394184e-05
1.073313e-05
6.591663e-05
0.0001071932
0.0001299689
0.0001340990
0.0001235185
0.0001068431
8.550784e-05
5.997203e-05
3.311961e-05
7.140956e-06
-1.758543e-05
-4.659660e-05
-7.585593e-05
-9.899506e-05
-0.0001058316
-9.869736e-05
-9.066517e-05
-8.129363e-05
-7.258814e-05
-6.981263e-05
-6.247379e-05
-4.236407e-05
-1.571890e-05
-2.940197e-06
3.542977e-06
2.250745e-05
4.853509e-05
7.065653e-05
9.242626e-05
0.0001040900
9.838821e-05
8.042276e-05
6.140202e-05
5.448104e-05
6.466523e-05
7.938599e-05
9.050176e-05
8.783997e-05
7.663926e-05
7.063086e-05
6.830307e-05
6.094773e-05
4.395163e-05
2.624105e-05
1.207877e-05
7.418595e-06
1.401328e-05
1.976208e-05
2.282982e-05
2.289278e-05
1.256352e-05
-6.066808e-06
-2.246789e-05
-2.625755e-05
-1.127726e-05
1.483140e-05
3.909054e-05
5.863343e-05
7.587795e-05
0.0001018616
0.0001292699
0.0001383859
0.0001305163
0.0001088615
8.159307e-05
5.666508e-05
4.233448e-05
3.334771e-05
2.077318e-05
7.197303e-06
-4.977729e-06
-6.555950e-06
-3.259158e-06
-5.306234e-06
-1.200701e-05
-2.763688e-05
-4.924044e-05
-6.526880e-05
-6.714820e-05
-6.989657e-05
-7.945979e-05
-8.283958e-05
-7.290555e-05
-6.824313e-05
-3.952815e-05
-3.453351e-05
-6.103239e-05
-7.785377e-05
-9.919582e-05
-0.0001420449
-0.0001693653
-0.0002137396
-0.0002254721
-0.0001649950
-0.0001055420
-4.384898e-05
1.042392e-05
5.968597e-05
9.698488e-05
9.246703e-05
9.399982e-05
7.984538e-05
4.764314e-05
6.293540e-06
-3.159929e-05
-5.230333e-05
-5.932069e-05
-4.329984e-05
-9.770049e-06
2.146782e-05
3.536365e-05
2.741880e-05
2.469423e-05
1.911160e-05
-6.563595e-06
-2.956880e-05
-3.710339e-05
-3.417875e-05
-1.408198e-05
1.354603e-05
4.919265e-05
8.342016e-05
0.0001171356
0.0001427551
0.0001565939
0.0001544611
0.0001350393
0.0001086493
7.302166e-05
4.521652e-05
1.509637e-05
-1.908354e-05
-3.662903e-05
-3.639559e-05
-3.639559e-05
-3.639559e-05
-1.422615e-11
-2.113507e-08
-1.195681e-07
-3.041457e-07
-5.547213e-07
-8.405416e-07
-1.129445e-06
-1.405648e-06
-1.661094e-06
-1.890662e-06
-2.092866e-06
-2.268906e-06
-2.413476e-06
-2.525497e-06
-2.605208e-06
-2.652860e-06
-2.666097e-06
-2.646156e-06
-2.593097e-06
-2.514517e-06
-2.411227e-06
-2.296191e-06
-2.174042e-06
-2.047994e-06
-1.926102e-06
-1.807306e-06
-1.691932e-06
-1.581050e-06
-1.478981e-06
-1.387958e-06
-1.307144e-06
-1.239189e-06
-1.180918e-06
-1.131524e-06
-1.091775e-06
-1.054859e-06
-1.011855e-06
-9.587501e-07
-8.873860e-07
-7.916074e-07
-6.716852e-07
-5.263236e-07
-3.547504e-07
-1.667813e-07
2.697283e-08
2.145201e-07
3.822462e-07
5.190219e-07
6.147495e-07
6.676519e-07
6.794791e-07
6.590199e-07
6.207417e-07
5.761720e-07
5.358883e-07
5.095848e-07
4.981655e-07
5.053910e-07
5.321677e-07
5.782572e-07
6.439340e-07
7.267334e-07
8.208269e-07
9.234641e-07
1.026331e-06
1.125786e-06
1.212546e-06
1.284175e-06
1.334883e-06
1.366582e-06
1.385181e-06
1.390329e-06
1.380427e-06
1.355566e-06
1.313665e-06
1.258610e-06
1.189253e-06
1.106839e-06
1.022469e-06
9.442593e-07
8.679666e-07
8.116324e-07
7.833260e-07
7.808429e-07
7.960421e-07
8.299173e-07
8.824733e-07
9.404797e-07
9.985661e-07
1.068818e-06
1.133978e-06
1.186332e-06
1.225844e-06
1.244400e-06
1.240249e-06
1.211900e-06
1.167480e-06
1.112662e-06
1.055752e-06
9.992251e-07
9.508062e-07
9.104157e-07
8.814305e-07
8.574538e-07
8.390205e-07
8.228410e-07
8.074811e-07
7.957060e-07
7.850933e-07
7.801012e-07
7.781592e-07
7.785500e-07
7.850345e-07
7.912961e-07
8.040016e-07
8.237637e-07
8.516564e-07
8.836210e-07
9.110549e-07
9.316704e-07
9.429376e-07
9.430912e-07
9.371955e-07
9.262218e-07
9.128550e-07
8.994235e-07
8.845929e-07
8.690479e-07
8.501705e-07
8.272980e-07
8.046616e-07
7.837872e-07
7.695292e-07
7.617299e-07
7.622427e-07
7.666774e-07
7.756584e-07
7.887672e-07
8.078222e-07
8.278054e-07
8.474468e-07
8.628304e-07
8.729665e-07
8.813543e-07
8.858417e-07
9.457098e-07
1.350270e-06
2.113105e-06
2.886386e-06
4.152516e-06
6.307690e-06
9.195427e-06
1.151329e-05
1.279120e-05
1.260119e-05
1.134236e-05
8.800626e-06
4.821842e-06
-1.015494e-06
-6.219969e-06
-8.583029e-06
-8.512563e-06
-7.046765e-06
-3.213663e-06
2.893972e-06
6.510238e-06
8.503220e-06
9.024219e-06
1.028342e-05
1.016967e-05
8.960544e-06
3.700926e-06
-3.298826e-06
-9.500549e-06
-1.462905e-05
-2.029342e-05
-2.700233e-05
-3.232016e-05
-3.806478e-05
-3.738873e-05
-3.250653e-05
-2.792060e-05
-2.231170e-05
-1.458194e-05
-7.807160e-06
-3.512203e-06
-2.140093e-07
-1.800624e-06
-6.607505e-06
-1.447017e-05
-1.751761e-05
-2.068775e-05
-2.266149e-05
-1.837313e-05
-1.724029e-05
-1.757107e-05
-1.195408e-05
-7.125794e-06
-8.952476e-07
3.714659e-06
7.489436e-06
1.396956e-05
1.574344e-05
1.576031e-05
1.750171e-05
2.112384e-05
2.235801e-05
2.647414e-05
2.703926e-05
2.321025e-05
1.658983e-05
1.186139e-05
1.053584e-05
1.008472e-05
1.009882e-05
1.416608e-05
1.661206e-05
2.045299e-05
3.056655e-05
4.702928e-05
5.421674e-05
6.051216e-05
6.743284e-05
7.695625e-05
8.880930e-05
9.828175e-05
0.0001090105
0.0001182039
0.0001246979
0.0001258661
0.0001283911
0.0001250574
0.0001154635
0.0001064643
0.0001011551
9.394984e-05
7.961555e-05
5.921899e-05
4.355314e-05
2.928195e-05
1.200818e-05
-1.056476e-05
-3.377676e-05
-5.238669e-05
-7.435062e-05
-9.309964e-05
-0.0001025348
-0.0001110419
-0.0001110370
-0.0001081780
-0.0001044873
-9.873138e-05
-9.419154e-05
-8.871803e-05
-8.081128e-05
-6.849811e-05
-5.848225e-05
-5.753319e-05
-6.613005e-05
-8.031894e-05
-9.395540e-05
-0.0001019721
-0.0001095407
-0.0001018095
-9.100496e-05
-7.814039e-05
-6.960864e-05
-6.253149e-05
-6.152649e-05
-7.385317e-05
-9.843692e-05
-0.0001120115
-0.0001047328
-8.829351e-05
-5.484864e-05
5.110959e-07
2.760499e-05
7.120704e-06
-3.584554e-05
-0.0001212532
-0.0002295962
-0.0003524905
-0.0004294422
-0.0004142986
-0.0003167396
-0.0003062021
-0.0003129432
-0.0002840276
-0.0002558491
-0.0002746003
-0.0003136375
-0.0003293366
-0.0003040396
-0.0002055730
-7.655862e-05
5.005122e-05
0.0002072540
0.0003134299
0.0002810092
0.0002423733
0.0001598060
3.690024e-05
-5.506004e-05
-0.0001220436
-9.451914e-05
-8.574742e-06
1.344616e-05
3.375404e-05
0.0001279572
0.0002510301
0.0003295972
0.0003968345
0.0004760560
0.0005128408
0.0005586434
0.0006127523
0.0006309862
0.0006123733
0.0005762306
0.0005003192
0.0004078430
0.0003365626
0.0002829269
0.0002924842
0.0003518313
0.0003888922
0.0003927490
0.0003252194
0.0002439213
0.0001762560
0.0001175077
7.056436e-05
8.637619e-05
0.0001403803
0.0001730100
0.0001809576
0.0001765748
0.0001365896
6.739103e-05
-3.091292e-05
-0.0001108158
-0.0001891651
-0.0002159664
-0.0001663937
-9.751269e-05
-4.953520e-05
-4.361641e-05
-0.0001062899
-0.0001743980
-0.0002620789
-0.0003316956
-0.0003439398
-0.0003308567
-0.0003256520
-0.0003266228
-0.0003270617
-0.0003043528
-0.0002601697
-0.0002305948
-0.0002288179
-0.0002223403
-0.0002201579
-0.0002131525
-0.0002077643
-0.0001794333
-0.0001383711
-9.297105e-05
-4.014481e-05
-1.971228e-06
2.855101e-05
6.449390e-05
6.831290e-05
2.262897e-05
-6.954893e-05
-0.0001738021
-0.0002481389
-0.0002802300
-0.0002705698
-0.0002110068
-0.0001323459
-6.631029e-05
-1.460682e-05
2.637827e-05
6.126435e-05
9.406636e-05
0.0001084116
9.661464e-05
8.677757e-05
9.474637e-05
0.0001303617
0.0001455104
0.0001426234
0.0001354790
9.762483e-05
7.033062e-05
3.076898e-05
-1.028400e-07
1.437688e-06
2.442303e-05
5.588060e-05
8.209115e-05
9.844996e-05
0.0001030806
9.919347e-05
7.303746e-05
4.458306e-05
3.876616e-05
4.903601e-05
5.270340e-05
6.032192e-05
6.217988e-05
4.887578e-05
1.389612e-05
-2.675107e-05
-6.823846e-05
-9.684410e-05
-0.0001245467
-0.0001438745
-0.0001433220
-0.0001321026
-0.0001016138
-5.951346e-05
-2.738948e-05
-1.809253e-05
-3.415118e-05
-6.601480e-05
-8.877103e-05
-9.064254e-05
-7.134044e-05
-3.796381e-05
-1.526606e-05
-2.109513e-05
-4.057685e-05
-5.630375e-05
-6.033815e-05
-6.421088e-05
-5.052763e-05
-2.993988e-05
-3.198362e-05
-3.981345e-05
-4.476490e-05
-6.657323e-05
-0.0001145266
-0.0001529951
-0.0001543885
-0.0001297156
-9.595898e-05
-6.100383e-05
-3.160082e-05
-8.194713e-06
1.793145e-05
3.179966e-05
3.833722e-05
3.573498e-05
3.766732e-05
6.302725e-05
9.343220e-05
0.0001255284
0.0001447832
0.0001439165
0.0001139490
7.144903e-05
2.729215e-05
-3.973328e-06
-1.412697e-05
-1.583999e-05
-5.588456e-06
1.844658e-05
5.011119e-05
8.080740e-05
0.0001122142
0.0001306075
0.0001282210
0.0001208876
0.0001231640
0.0001322945
0.0001385527
0.0001337842
0.0001145359
7.683482e-05
4.214329e-05
2.051933e-05
-9.173077e-09
-1.144156e-05
-1.307362e-05
-6.209695e-06
8.475757e-06
3.084126e-05
4.818160e-05
5.516445e-05
5.444635e-05
3.864207e-05
1.630709e-05
-3.736971e-06
-1.241013e-05
-1.594826e-05
-1.833913e-05
-2.105418e-05
-2.128918e-05
-3.421798e-05
-5.605242e-05
-6.665555e-05
-6.882135e-05
-6.559488e-05
-5.571351e-05
-4.250536e-05
-3.163619e-05
-2.339436e-05
-4.882057e-06
1.443787e-05
1.443787e-05
1.443787e-05
-1.417330e-11
-2.422728e-08
-1.387736e-07
-3.522022e-07
-6.347671e-07
-9.395099e-07
-1.230098e-06
-1.486042e-06
-1.696278e-06
-1.867381e-06
-2.007532e-06
-2.120536e-06
-2.216515e-06
-2.299925e-06
-2.372436e-06
-2.434013e-06
-2.488971e-06
-2.545123e-06
-2.603647e-06
-2.661182e-06
-2.716112e-06
-2.762304e-06
-2.791943e-06
-2.803690e-06
-2.798349e-06
-2.774415e-06
-2.737333e-06
-2.680308e-06
-2.592223e-06
-2.488215e-06
-2.374948e-06
-2.250896e-06
-2.120266e-06
-1.979895e-06
-1.835277e-06
-1.681824e-06
-1.512352e-06
-1.327826e-06
-1.144089e-06
-9.726348e-07
-8.241404e-07
-7.041797e-07
-6.178144e-07
-5.617194e-07
-5.279434e-07
-5.078040e-07
-4.960903e-07
-4.871313e-07
-4.772677e-07
-4.612758e-07
-4.342079e-07
-3.962521e-07
-3.418665e-07
-2.697750e-07
-1.820686e-07
-7.711809e-08
3.626950e-08
1.535016e-07
2.670042e-07
3.697054e-07
4.602126e-07
5.315058e-07
5.809090e-07
6.094455e-07
6.182163e-07
6.157210e-07
6.080171e-07
5.987946e-07
5.932816e-07
5.905334e-07
5.927912e-07
5.965499e-07
6.038803e-07
6.123255e-07
6.178535e-07
6.166976e-07
6.101774e-07
6.005863e-07
5.934684e-07
5.940110e-07
6.015520e-07
6.146660e-07
6.306103e-07
6.429859e-07
6.503592e-07
6.548688e-07
6.531455e-07
6.439773e-07
6.268118e-07
6.082273e-07
5.880709e-07
5.667416e-07
5.460178e-07
5.261269e-07
5.054616e-07
4.849776e-07
4.627668e-07
4.409804e-07
4.218720e-07
4.058957e-07
3.956940e-07
3.928637e-07
3.945032e-07
3.981209e-07
4.022701e-07
4.056573e-07
4.100529e-07
4.188396e-07
4.290499e-07
4.338667e-07
4.293147e-07
4.190490e-07
4.023239e-07
3.748065e-07
3.464150e-07
3.218088e-07
2.981511e-07
2.800999e-07
2.743255e-07
2.850925e-07
4.157544e-07
1.176458e-06
3.121813e-06
5.700131e-06
7.283173e-06
1.045355e-05
1.512016e-05
1.783923e-05
1.382444e-05
4.781011e-06
-7.680499e-06
-1.840642e-05
-2.402873e-05
-2.458493e-05
-2.004167e-05
-1.347174e-05
-1.074619e-05
-1.439292e-05
-1.371922e-05
-1.360295e-05
-1.234509e-05
-1.194410e-05
-1.000256e-05
-1.210227e-05
-1.213882e-05
-1.156838e-05
-1.599939e-05
-3.051880e-05
-4.597739e-05
-5.299840e-05
-5.965563e-05
-5.859231e-05
-5.518945e-05
-4.109471e-05
-3.154103e-05
-1.780312e-05
-7.382540e-06
-1.028920e-07
5.014458e-07
-7.273511e-07
-3.297583e-06
-7.232608e-06
-5.733096e-06
-3.241646e-06
-8.843763e-06
-1.410328e-05
-8.485087e-06
-3.431356e-06
8.574080e-06
1.976609e-05
3.046646e-05
3.786184e-05
4.151828e-05
3.963795e-05
3.210298e-05
2.887607e-05
3.170450e-05
3.073178e-05
3.443712e-05
3.981572e-05
4.340065e-05
4.531946e-05
4.889150e-05
4.963496e-05
4.947000e-05
5.199592e-05
5.696454e-05
6.820209e-05
8.261062e-05
9.145438e-05
9.080773e-05
8.717307e-05
8.416487e-05
8.455860e-05
9.493541e-05
0.0001167800
0.0001431181
0.0001766948
0.0002155301
0.0002311996
0.0002265072
0.0002123783
0.0001845139
0.0001473964
0.0001034446
6.000848e-05
2.401301e-05
-9.085046e-06
-3.739791e-05
-5.131359e-05
-5.300028e-05
-5.563192e-05
-6.181603e-05
-5.266874e-05
-5.061897e-05
-8.458951e-05
-0.0001678414
-0.0002878695
-0.0004028268
-0.0004576186
-0.0004762524
-0.0004502257
-0.0003930954
-0.0003130795
-0.0003138580
-0.0003242407
-0.0003237522
-0.0004272399
-0.0004801440
-0.0004294624
-0.0003525391
-0.0002876851
-0.0002388300
-0.0002584328
-0.0002490052
-0.0002412393
-0.0002793958
-0.0003225896
-0.0003969088
-0.0003472434
-0.0002179579
-0.0001022375
1.513304e-05
0.0001425280
0.0001696578
0.0001914770
0.0002206773
0.0002431027
0.0002844942
0.0003900133
0.0004861693
0.0005626407
0.0005598317
0.0004710923
0.0003910239
0.0003648952
0.0003964134
0.0004790201
0.0005060801
0.0005499508
0.0005763173
0.0005572111
0.0004948681
0.0003889030
0.0002845876
0.0002093462
0.0001916541
0.0002321964
0.0002826214
0.0003390311
0.0003876803
0.0004104300
0.0003698968
0.0003068348
0.0002171394
9.541448e-05
-5.973661e-05
-0.0002181822
-0.0003207350
-0.0003212329
-0.0002320277
-0.0001136959
-2.540050e-05
5.893138e-06
-2.427016e-05
-7.073509e-05
-0.0001076879
-0.0001255415
-0.0001120513
-7.066360e-05
2.402145e-05
9.629443e-05
9.462708e-05
4.777205e-06
-0.0001387737
-0.0002895828
-0.0004167627
-0.0005003127
-0.0005225160
-0.0004555536
-0.0003116743
-0.0001644695
-4.779412e-05
2.797262e-05
7.036356e-06
-6.188293e-05
-7.606248e-05
-7.648644e-05
-9.521509e-05
-8.436183e-05
-5.246901e-05
-6.869989e-05
-0.0001199485
-0.0001531084
-0.0001224314
-7.298592e-05
-7.671307e-05
-0.0001030020
-0.0001060679
-8.483066e-05
-5.395369e-05
-3.981642e-05
-2.033969e-05
3.928203e-05
0.0001274450
0.0001607161
0.0001179705
5.232362e-05
-2.365141e-05
-8.406789e-05
-8.572019e-05
-4.213926e-05
1.548830e-06
2.167723e-05
2.399418e-05
1.572706e-05
1.976604e-05
4.526797e-05
6.020060e-05
5.862523e-05
6.810583e-05
0.0001007334
0.0001415318
0.0001529729
0.0001311227
0.0001067774
7.850432e-05
4.322312e-05
1.346898e-05
-2.149614e-05
-4.462550e-05
-4.652472e-05
-3.080152e-05
-7.118091e-06
1.381441e-05
1.145786e-05
-6.725539e-06
-2.336138e-05
-3.956216e-05
-5.946076e-05
-6.526180e-05
-7.902842e-05
-0.0001204816
-0.0001683867
-0.0001900421
-0.0001807002
-0.0001545682
-9.494068e-05
-2.401999e-05
2.529767e-05
4.126245e-05
5.698820e-05
7.638409e-05
8.377432e-05
8.869339e-05
0.0001091418
0.0001240855
0.0001163440
8.230972e-05
4.100436e-05
2.646280e-05
3.389143e-05
3.932492e-05
2.018886e-05
-2.435712e-05
-6.731633e-05
-9.276879e-05
-0.0001127554
-0.0001372104
-0.0001498926
-0.0001418882
-0.0001263943
-0.0001110199
-9.689969e-05
-7.913257e-05
-4.694449e-05
-1.323340e-07
4.257539e-05
5.367549e-05
2.818774e-05
-8.695718e-06
-4.985566e-05
-9.562325e-05
-0.0001427044
-0.0001801836
-0.0002007921
-0.0002119534
-0.0002059720
-0.0001723648
-0.0001232264
-7.375333e-05
-2.738330e-05
6.153731e-06
1.337912e-05
1.096908e-05
2.483970e-05
5.905512e-05
0.0001100544
0.0001609715
0.0001912056
0.0001988391
0.0001734278
0.0001211651
7.475381e-05
5.579952e-05
5.211985e-05
4.560801e-05
5.274169e-05
7.701117e-05
0.0001073559
0.0001415743
0.0001560707
0.0001371019
0.0001002944
6.017828e-05
3.251816e-05
2.158766e-05
1.942056e-05
1.555861e-05
1.630077e-05
2.430945e-05
4.009001e-05
5.965588e-05
6.911578e-05
6.852269e-05
6.808997e-05
7.388046e-05
6.891023e-05
5.233125e-05
3.949477e-05
3.214123e-05
2.652178e-05
2.512703e-05
1.908744e-05
7.911913e-06
-5.800116e-06
-1.240088e-05
-1.014559e-05
-6.317012e-06
-1.617762e-05
-4.876402e-05
-8.849498e-05
-0.0001108479
-0.0001059903
-6.824601e-05
-7.330678e-06
6.474832e-05
0.0001265229
0.0001566314
0.0001491810
0.0001119282
5.981663e-05
-2.638467e-06
-6.394974e-05
-0.0001189863
-0.0001580161
-0.0001719519
-0.0001720607
-0.0001610774
-0.0001440516
-0.0001255307
-0.0001067252
-8.312419e-05
-5.593337e-05
-2.668804e-05
-1.778190e-06
6.995704e-06
-2.356226e-06
-3.190676e-05
-6.643074e-05
-6.702528e-05
-4.396517e-05
-3.155487e-05
-1.255313e-05
1.816899e-06
2.509155e-05
7.038627e-05
0.0001022891
0.0001033181
8.823683e-05
7.002705e-05
7.485161e-05
7.615829e-05
5.585006e-05
2.991846e-05
-1.054655e-05
-3.912599e-05
-3.559194e-05
-2.528755e-05
-4.793211e-05
-4.793211e-05
-4.793211e-05
-1.448278e-11
-2.613223e-08
-1.493059e-07
-3.820180e-07
-6.935475e-07
-1.041120e-06
-1.386699e-06
-1.703692e-06
-1.978626e-06
-2.208533e-06
-2.396606e-06
-2.549330e-06
-2.673384e-06
-2.773525e-06
-2.853526e-06
-2.915343e-06
-2.960461e-06
-2.989922e-06
-3.003354e-06
-3.000341e-06
-2.980596e-06
-2.943417e-06
-2.888967e-06
-2.818465e-06
-2.733856e-06
-2.637291e-06
-2.533047e-06
-2.425502e-06
-2.318329e-06
-2.214509e-06
-2.115415e-06
-2.020676e-06
-1.928113e-06
-1.833927e-06
-1.734623e-06
-1.628359e-06
-1.514233e-06
-1.392439e-06
-1.264653e-06
-1.132531e-06
-9.977216e-07
-8.612761e-07
-7.249440e-07
-5.906256e-07
-4.602036e-07
-3.339294e-07
-2.116914e-07
-9.386309e-08
1.927540e-08
1.279804e-07
2.322129e-07
3.300924e-07
4.199001e-07
5.000514e-07
5.700763e-07
6.289687e-07
6.755407e-07
7.099705e-07
7.324428e-07
7.439940e-07
7.461572e-07
7.419337e-07
7.345732e-07
7.272185e-07
7.228262e-07
7.240444e-07
7.340147e-07
7.552128e-07
7.889947e-07
8.361621e-07
8.959016e-07
9.648337e-07
1.037337e-06
1.107499e-06
1.168979e-06
1.215406e-06
1.242758e-06
1.249928e-06
1.237815e-06
1.208394e-06
1.165065e-06
1.113224e-06
1.060126e-06
1.011435e-06
9.695736e-07
9.358780e-07
9.112042e-07
8.943539e-07
8.830721e-07
8.767426e-07
8.728362e-07
8.703205e-07
8.690768e-07
8.682371e-07
8.682368e-07
8.719709e-07
8.795467e-07
8.890523e-07
8.972060e-07
9.039412e-07
9.069011e-07
9.049879e-07
8.979642e-07
8.826996e-07
8.585351e-07
8.273876e-07
7.914111e-07
7.548850e-07
7.191572e-07
6.859146e-07
6.574451e-07
6.348401e-07
6.212070e-07
6.164711e-07
6.211532e-07
6.327745e-07
6.501903e-07
6.719341e-07
6.996932e-07
7.321768e-07
7.669464e-07
8.034976e-07
8.391893e-07
8.719234e-07
8.975954e-07
9.140194e-07
9.186352e-07
9.108675e-07
8.912688e-07
8.588050e-07
8.156914e-07
7.650072e-07
7.093322e-07
6.519499e-07
6.002804e-07
5.569615e-07
5.242567e-07
5.020811e-07
4.889177e-07
4.844122e-07
4.864974e-07
4.943606e-07
5.055577e-07
5.202381e-07
5.406672e-07
5.688682e-07
6.025953e-07
6.417347e-07
6.829308e-07
7.246977e-07
7.670462e-07
8.071063e-07
8.420082e-07
8.690010e-07
8.849025e-07
8.882643e-07
8.780231e-07
8.550651e-07
8.198568e-07
7.759891e-07
7.263544e-07
6.754835e-07
6.281748e-07
5.904772e-07
5.653715e-07
5.544036e-07
5.565437e-07
5.680510e-07
5.870536e-07
6.112701e-07
6.381869e-07
6.643832e-07
6.854489e-07
6.995373e-07
7.071012e-07
7.079247e-07
7.029540e-07
6.938124e-07
6.817132e-07
6.671315e-07
6.519172e-07
6.379821e-07
6.268348e-07
6.188682e-07
6.159810e-07
6.206398e-07
6.354703e-07
6.597078e-07
6.923894e-07
7.310361e-07
7.725467e-07
8.133324e-07
8.498309e-07
8.790239e-07
8.997961e-07
9.110064e-07
9.117610e-07
9.003444e-07
8.758714e-07
8.380717e-07
7.874713e-07
7.274110e-07
6.628240e-07
5.990570e-07
5.436387e-07
5.033619e-07
4.814390e-07
4.792946e-07
4.964289e-07
5.298001e-07
5.736836e-07
6.219820e-07
6.698294e-07
7.124462e-07
7.452636e-07
7.658567e-07
7.745772e-07
7.740878e-07
7.674765e-07
7.567094e-07
7.434152e-07
7.295442e-07
7.175474e-07
7.098551e-07
7.066283e-07
7.069667e-07
7.104050e-07
7.156467e-07
7.196186e-07
7.204663e-07
7.192588e-07
7.170798e-07
7.146091e-07
7.129914e-07
7.137236e-07
7.184369e-07
7.273030e-07
7.385433e-07
7.490449e-07
7.564595e-07
7.588688e-07
7.557276e-07
7.467436e-07
7.372824e-07
7.563972e-07
8.320127e-07
9.888486e-07
1.267519e-06
1.723523e-06
2.416628e-06
3.355237e-06
4.438795e-06
5.478966e-06
6.341606e-06
7.008450e-06
7.536578e-06
8.003571e-06
8.410289e-06
8.753024e-06
8.913504e-06
8.828683e-06
8.430574e-06
7.799386e-06
6.950931e-06
6.058666e-06
5.354354e-06
5.110308e-06
5.475836e-06
6.459786e-06
7.714760e-06
8.487361e-06
8.430022e-06
7.709062e-06
6.504896e-06
4.507817e-06
2.042143e-06
-1.065812e-06
-4.395899e-06
-8.115005e-06
-1.176985e-05
-1.548808e-05
-1.891492e-05
-2.200949e-05
-2.430501e-05
-2.606844e-05
-2.737034e-05
-2.794044e-05
-2.717987e-05
-2.502872e-05
-2.221508e-05
-1.873976e-05
-1.513081e-05
-1.286971e-05
-1.269975e-05
-1.333793e-05
-1.399605e-05
-1.483532e-05
-1.674694e-05
-1.901335e-05
-2.146386e-05
-2.495036e-05
-2.922442e-05
-3.370343e-05
-3.739969e-05
-3.931581e-05
-3.818418e-05
-3.461525e-05
-2.902225e-05
-2.146105e-05
-1.182932e-05
-2.808031e-06
3.685796e-06
7.247816e-06
9.167068e-06
6.991467e-06
1.581860e-06
-5.137701e-06
-1.157393e-05
-1.780365e-05
-2.404909e-05
-2.831743e-05
-2.947791e-05
-2.662486e-05
-1.902296e-05
-5.082981e-06
1.431238e-05
3.679441e-05
5.865309e-05
7.801205e-05
9.378077e-05
0.0001041261
0.0001095485
0.0001102998
0.0001059118
9.839956e-05
9.120340e-05
8.512379e-05
8.008043e-05
7.672796e-05
7.473194e-05
7.277568e-05
7.027739e-05
6.677364e-05
6.261723e-05
5.716532e-05
5.312423e-05
5.087547e-05
5.092128e-05
5.400857e-05
5.778369e-05
5.972058e-05
5.734496e-05
5.141183e-05
4.510513e-05
3.862318e-05
3.057661e-05
2.110717e-05
1.231564e-05
6.586642e-06
1.823642e-06
-3.101583e-06
-8.302208e-06
-1.181397e-05
-1.485748e-05
-1.849473e-05
-2.352096e-05
-2.851127e-05
-3.330462e-05
-3.900265e-05
-4.576582e-05
-5.309154e-05
-6.148335e-05
-6.995644e-05
-7.788171e-05
-8.647556e-05
-9.320061e-05
-9.632488e-05
-9.642004e-05
-9.404416e-05
-8.965361e-05
-8.450152e-05
-8.058779e-05
-7.844879e-05
-7.632103e-05
-7.303646e-05
-7.047586e-05
-7.033101e-05
-6.926854e-05
-6.600482e-05
-6.156218e-05
-5.665256e-05
-5.101524e-05
-4.617418e-05
-4.276760e-05
-3.921891e-05
-3.516122e-05
-3.231137e-05
-3.159563e-05
-2.999917e-05
-2.528108e-05
-1.815130e-05
-1.189653e-05
-7.903933e-06
-5.668211e-06
-3.743249e-06
-1.618465e-06
1.423925e-06
5.137917e-06
7.586203e-06
8.969932e-06
9.248904e-06
7.820681e-06
5.028681e-06
2.955071e-06
1.652284e-06
2.652977e-06
5.857202e-06
1.157108e-05
1.977916e-05
2.966467e-05
3.757929e-05
4.118960e-05
4.188626e-05
3.945001e-05
3.550649e-05
3.305561e-05
3.285819e-05
3.432569e-05
3.477822e-05
3.452930e-05
3.566954e-05
3.833080e-05
4.210269e-05
4.478475e-05
4.641317e-05
4.688777e-05
4.681064e-05
4.502118e-05
4.194437e-05
3.778551e-05
3.294472e-05
2.810631e-05
2.495004e-05
2.466919e-05
2.511488e-05
2.463067e-05
2.652970e-05
3.096293e-05
3.553191e-05
3.591214e-05
3.036055e-05
2.207967e-05
1.286903e-05
3.554600e-06
-6.833739e-06
-2.016460e-05
-3.499668e-05
-4.725969e-05
-5.427060e-05
-5.835870e-05
-6.284961e-05
-6.921840e-05
-7.581322e-05
-8.333338e-05
-8.727945e-05
-8.343730e-05
-7.303237e-05
-6.223148e-05
-5.310054e-05
-4.443128e-05
-3.889743e-05
-4.036826e-05
-4.210600e-05
-4.110456e-05
-3.898453e-05
-3.593897e-05
-3.723795e-05
-4.442769e-05
-5.000004e-05
-4.978517e-05
-4.972184e-05
-5.348020e-05
-5.804743e-05
-6.596529e-05
-7.332541e-05
-7.711303e-05
-7.706027e-05
-8.088330e-05
-8.751059e-05
-0.0001107700
-0.0001475275
-0.0001774836
-0.0001845749
-0.0001707370
-0.0001578362
-0.0001572118
-0.0001617837
-0.0001486053
-0.0001151927
-8.231217e-05
-6.437270e-05
-4.799629e-05
-1.632137e-05
3.604485e-05
8.384468e-05
0.0001181626
0.0001455392
0.0001730130
0.0002049213
0.0002539673
0.0002539673
0.0002539673
