-26.5534  -71.167  74.8  Event  Copiapo  2025  INTRAPLATE
10                                             
-26.148   -70.599  0.0   AC01                  
-27.070   -70.820  0.0   A30C                  
-27.503   -70.887  0.0   A18C                  
-25.162   -69.590  0.0   GO02                  
-28.205   -71.074  0.0   AC04                  
-28.580   -70.758  0.0   A10C                  
-28.836   -70.274  0.0   AC05                  
-29.102   -71.410  0.0   A32C                  
-23.905   -69.291  0.0   PB19                  
-23.610   -70.262  0.0   A24F                  
