 -4.4076329E-10
 -1.7632777E-09
 -2.9112532E-09
 -2.6703901E-09
 -2.0046631E-09
 -2.2490498E-09
 -2.4937175E-09
 -1.4357051E-09
 -1.2402479E-10
 -3.6538494E-11
 -1.7569204E-10
  9.4506591E-10
  2.2286297E-09
  2.0427420E-09
  1.4694841E-09
  2.1942970E-09
  3.0750817E-09
  2.3279414E-09
  1.1587074E-09
  1.4959702E-09
  2.1294979E-09
  1.0418972E-09
 -4.9498672E-10
 -3.1394226E-10
  3.1266717E-10
 -8.6336649E-10
 -2.4851508E-09
 -2.1450521E-09
 -1.2412131E-09
 -2.3254529E-09
 -3.9390535E-09
 -3.3587790E-09
 -2.0902897E-09
 -3.0229423E-09
 -4.5801136E-09
 -3.6747059E-09
 -1.9611757E-09
 -2.7762064E-09
 -4.4378115E-09
 -3.3810594E-09
 -1.3246000E-09
 -2.0644835E-09
 -3.8248049E-09
 -2.5488069E-09
 -7.1740391E-11
 -7.3904843E-10
 -2.6685365E-09
 -1.2331434E-09
  1.5942061E-09
  8.5649443E-10
 -1.3688227E-09
  2.4221802E-10
  3.4838530E-09
  2.6208924E-09
 -5.4450666E-11
  1.3753815E-09
  4.2440531E-09
  3.0187319E-09
  1.3377517E-09
 -4.1853347E-09
 -5.8675159E-08
 -2.5406302E-07
 -6.9555108E-07
 -1.4738509E-06
 -2.6686714E-06
 -4.3592631E-06
 -6.6206949E-06
 -9.5175801E-06
 -1.3104731E-05
 -1.7423543E-05
 -2.2488692E-05
 -2.8270864E-05
 -3.4674296E-05
 -4.1517287E-05
 -4.8547448E-05
 -5.5493918E-05
 -6.2095380E-05
 -6.8066460E-05
 -7.3067451E-05
 -7.6747303E-05
 -7.8804995E-05
 -7.8975245E-05
 -7.6977733E-05
 -7.2545168E-05
 -6.5518208E-05
 -5.5884215E-05
 -4.3738793E-05
 -2.9271709E-05
 -1.2801822E-05
  5.2270716E-06
  2.4304811E-05
  4.3878932E-05
  6.3333762E-05
  8.2010709E-05
  9.9264507E-05
  1.1446462E-04
  1.2697713E-04
  1.3624871E-04
  1.4193257E-04
  1.4387119E-04
  1.4196818E-04
  1.3616389E-04
  1.2653379E-04
  1.1339234E-04
  9.7544180E-05
  8.0824575E-05
  6.6388297E-05
  5.7955636E-05
  5.8373684E-05
  6.8985086E-05
  9.0390182E-05
  1.2326018E-04
  1.6791499E-04
  2.2346120E-04
  2.8797804E-04
  3.5927395E-04
  4.3445310E-04
  5.0841307E-04
  5.7356898E-04
  6.2180532E-04
  6.4660807E-04
  6.4315699E-04
  6.0701557E-04
  5.3361262E-04
  4.1916245E-04
  2.6197976E-04
  6.3515239E-05
 -1.7083166E-04
 -4.3157159E-04
 -7.0634176E-04
 -9.8188757E-04
 -1.2453075E-03
 -1.4842022E-03
 -1.6867638E-03
 -1.8422824E-03
 -1.9413995E-03
 -1.9760318E-03
 -1.9401195E-03
 -1.8315581E-03
 -1.6536365E-03
 -1.4143583E-03
 -1.1243634E-03
 -7.9542864E-04
 -4.4012628E-04
 -7.1619870E-05
  2.9703206E-04
  6.5356446E-04
  9.8676572E-04
  1.2866496E-03
  1.5448261E-03
  1.7547831E-03
  1.9118560E-03
  2.0131601E-03
  2.0577053E-03
  2.0464510E-03
  1.9820877E-03
  1.8687324E-03
  1.7117480E-03
  1.5175598E-03
  1.2933160E-03
  1.0465470E-03
  7.8498933E-04
  5.1644834E-04
  2.4852523E-04
 -1.1693890E-05
 -2.5781017E-04
 -4.8418628E-04
 -6.8606448E-04
 -8.5970573E-04
 -1.0024330E-03
 -1.1125857E-03
 -1.1894759E-03
 -1.2333588E-03
 -1.2453626E-03
 -1.2273856E-03
 -1.1819962E-03
 -1.1123319E-03
 -1.0219737E-03
 -9.1481069E-04
 -7.9490931E-04
 -6.6637259E-04
 -5.3319859E-04
 -3.9917667E-04
 -2.6781694E-04
 -1.4226703E-04
 -2.5223257E-05
  8.1109385E-05
  1.7501357E-04
  2.5527674E-04
  3.2122535E-04
  3.7270132E-04
  4.0997565E-04
  4.3368436E-04
  4.4481200E-04
  4.4464410E-04
  4.3465511E-04
  4.1640905E-04
  3.9152399E-04
  3.6164335E-04
  3.2836237E-04
  2.9315628E-04
  2.5735825E-04
  2.2215021E-04
  1.8852095E-04
  1.5722218E-04
  1.2877163E-04
  1.0348733E-04
  8.1510465E-05
  6.2815714E-05
  4.7230431E-05
  3.4462268E-05
  2.4126079E-05
  1.5772905E-05
  8.9191617E-06
  3.0680494E-06
 -2.2668287E-06
 -7.5225607E-06
 -1.3053113E-05
 -1.9128336E-05
 -2.5947313E-05
 -3.3629101E-05
 -4.2193409E-05
 -5.1570616E-05
 -6.1631596E-05
 -7.2194831E-05
 -8.3014296E-05
 -9.3788396E-05
 -1.0419001E-04
 -1.1388271E-04
 -1.2252413E-04
 -1.2978481E-04
 -1.3537363E-04
 -1.3904000E-04
 -1.4056639E-04
 -1.3978458E-04
 -1.3659864E-04
 -1.3097958E-04
 -1.2295209E-04
 -1.1261220E-04
 -1.0014947E-04
 -8.5825712E-05
 -6.9935653E-05
 -5.2806572E-05
 -3.4818644E-05
 -1.6387196E-05
  2.0786611E-06
  2.0181420E-05
  3.7516256E-05
  5.3688644E-05
  6.8360270E-05
  8.1260951E-05
  9.2167611E-05
  1.0090605E-04
  1.0737455E-04
  1.1153920E-04
  1.1340732E-04
  1.1302970E-04
  1.1052222E-04
  1.0605515E-04
  9.9820660E-05
  9.2031820E-05
  8.2940845E-05
  7.2822579E-05
  6.1938917E-05
  5.0541348E-05
  3.8894923E-05
  2.7263381E-05
  1.5872603E-05
  4.9160608E-06
 -5.4152133E-06
 -1.4945108E-05
 -2.3550436E-05
 -3.1153442E-05
 -3.7683574E-05
 -4.3082222E-05
 -4.7338672E-05
 -5.0483013E-05
 -5.2545915E-05
 -5.3560030E-05
 -5.3594718E-05
 -5.2749572E-05
 -5.1114715E-05
 -4.8771664E-05
 -4.5826284E-05
 -4.2400447E-05
 -3.8593174E-05
 -3.4486118E-05
 -3.0180145E-05
 -2.5785128E-05
 -2.1377740E-05
 -1.7009124E-05
 -1.2747591E-05
 -8.6703694E-06
 -4.8183911E-06
 -1.2035307E-06
  2.1441574E-06
  5.1817642E-06
  7.9009142E-06
  1.0322395E-05
  1.2446405E-05
  1.4254707E-05
  1.5758027E-05
  1.6991864E-05
  1.7967004E-05
  1.8672748E-05
  1.9126523E-05
  1.9369911E-05
  1.9417024E-05
  1.9256800E-05
  1.8903662E-05
  1.8393966E-05
  1.7734956E-05
  1.6910708E-05
  1.5936304E-05
  1.4851730E-05
  1.3665012E-05
  1.2357888E-05
  1.0945018E-05
  9.4692268E-06
  7.9409765E-06
  6.3436619E-06
  4.6972482E-06
  3.0538217E-06
  1.4306443E-06
 -1.8818446E-07
 -1.7838219E-06
 -3.3025863E-06
 -4.7242452E-06
 -6.0632237E-06
 -7.3010206E-06
 -8.3869454E-06
 -9.3084273E-06
 -1.0090456E-05
 -1.0723240E-05
 -1.1162987E-05
 -1.1407067E-05
 -1.1493770E-05
 -1.1424733E-05
 -1.1165146E-05
 -1.0724789E-05
 -1.0158673E-05
 -9.4818597E-06
 -8.6657128E-06
 -7.7247896E-06
 -6.7222882E-06
 -5.6808999E-06
 -4.5749021E-06
 -3.4199729E-06
 -2.2816453E-06
 -1.1833849E-06
 -9.6703388E-08
  9.6588383E-07
  1.9413969E-06
  2.8125769E-06
  3.6183592E-06
  4.3547388E-06
  4.9630621E-06
  5.4321431E-06
  5.8115711E-06
  6.1069886E-06
  6.2655695E-06
  6.2838030E-06
  6.2234208E-06
  6.1001315E-06
  5.8653086E-06
  5.5194691E-06
  5.1313700E-06
  4.7205326E-06
  4.2361844E-06
  3.6788874E-06
  3.1244758E-06
  2.5981192E-06
  2.0452464E-06
  1.4584557E-06
  9.0964352E-07
  4.2247223E-07
 -6.1240883E-08
 -5.5272886E-07
 -9.8205146E-07
 -1.3289631E-06
 -1.6572043E-06
 -1.9807417E-06
 -2.2301929E-06
 -2.3913578E-06
 -2.5382869E-06
 -2.6874093E-06
 -2.7622111E-06
 -2.7464719E-06
 -2.7239964E-06
 -2.7190883E-06
 -2.6509506E-06
 -2.4974927E-06
 -2.3466373E-06
 -2.2297038E-06
 -2.0652515E-06
 -1.8273945E-06
 -1.6047293E-06
 -1.4294104E-06
 -1.2165250E-06
 -9.3924677E-07
 -6.9143891E-07
 -5.0730381E-07
 -2.9634111E-07
 -2.9554599E-08
  1.9290781E-07
  3.3547161E-07
  4.9945697E-07
  7.2181433E-07
  8.9552645E-07
  9.7551356E-07
  1.0648995E-06
  1.2069038E-06
  1.2957901E-06
  1.2895241E-06
  1.3001851E-06
  1.3725557E-06
  1.3892186E-06
  1.3012693E-06
  1.2304877E-06
  1.2311951E-06
  1.1809444E-06
  1.0259266E-06
  8.9753928E-07
  8.5886359E-07
  7.7857277E-07
  5.9056742E-07
  4.2980247E-07
  3.6902614E-07
  2.7604750E-07
  8.1439907E-08
 -7.3848312E-08
 -1.1382836E-07
 -1.8150270E-07
 -3.5488614E-07
 -4.8486868E-07
 -4.8743073E-07
 -5.1433562E-07
 -6.5261071E-07
 -7.4479760E-07
 -6.9762143E-07
 -6.7099387E-07
 -7.6168823E-07
 -8.0652461E-07
 -7.0813797E-07
 -6.3901621E-07
 -7.0236035E-07
 -7.1730079E-07
 -5.7260308E-07
 -4.5681168E-07
 -4.9265122E-07
 -4.9011453E-07
 -3.2154549E-07
 -1.8480620E-07
 -2.1898208E-07
 -2.2387999E-07
 -5.1766534E-08
  9.4639645E-08
  5.8107460E-08
  3.8220577E-08
  1.8997838E-07
  3.0238630E-07
  2.0992707E-07
  1.2506516E-07
  2.1384351E-07
  2.5071577E-07
  5.8852578E-08
 -1.2802656E-07
 -1.2154493E-07
 -1.5954534E-07
 -4.3563765E-07
 -6.9831424E-07
 -7.3502497E-07
 -7.9207018E-07
 -1.0749478E-06
 -1.3090821E-06
 -1.2590463E-06
 -1.1928553E-06
 -1.3456498E-06
 -1.4301414E-06
 -1.1909789E-06
 -9.2113692E-07
 -8.8779450E-07
 -7.8537022E-07
 -3.2975595E-07
  1.5831887E-07
  3.6241141E-07
  5.9056072E-07
  1.1560016E-06
  1.7254112E-06
  1.9520112E-06
  2.1598455E-06
  2.6951736E-06
  3.2078208E-06
  3.3154306E-06
  3.3569393E-06
  3.7119962E-06
  4.0139257E-06
  3.8522248E-06
  3.5989524E-06
  3.6847389E-06
  3.7300535E-06
  3.2890446E-06
  2.7587284E-06
  2.6108301E-06
  2.4404007E-06
  1.7649309E-06
  1.0263768E-06
  7.5978357E-07
  5.3094050E-07
 -2.0668415E-07
 -9.9029864E-07
 -1.2321008E-06
 -2.6750188E-10
 -1.4302737E-09
 -3.2581458E-09
 -4.3374033E-09
 -4.3949990E-09
 -4.8064832E-09
 -5.7890883E-09
 -5.8238125E-09
 -4.6022066E-09
 -3.6862899E-09
 -3.4321688E-09
 -2.2571749E-09
  1.4694423E-10
  2.0168043E-09
  2.8939215E-09
  4.5072883E-09
  7.2362210E-09
  9.1461283E-09
  9.7010258E-09
  1.0812951E-08
  1.2936906E-08
  1.3929683E-08
  1.3173302E-08
  1.2838229E-08
  1.3549573E-08
  1.3005125E-08
  1.0532617E-08
  8.5877270E-09
  7.9447169E-09
  6.0705698E-09
  2.2145699E-09
 -8.1592777E-10
 -2.0452395E-09
 -4.2798112E-09
 -8.4148839E-09
 -1.1314611E-08
 -1.1847570E-08
 -1.3196716E-08
 -1.6454438E-08
 -1.8108803E-08
 -1.6857454E-08
 -1.6354667E-08
 -1.7968437E-08
 -1.7798788E-08
 -1.4396827E-08
 -1.1983525E-08
 -1.2180166E-08
 -1.0525365E-08
 -5.3639937E-09
 -1.6193029E-09
 -1.2173691E-09
  9.7745212E-10
  6.8381922E-09
  1.0699183E-08
  1.0492565E-08
  1.1897296E-08
  1.6731994E-08
  2.3459537E-08
  5.1225573E-08
  1.5231474E-07
  3.9084745E-07
  8.2077833E-07
  1.4931866E-06
  2.4682583E-06
  3.8052121E-06
  5.5531677E-06
  7.7633804E-06
  1.0490909E-05
  1.3762583E-05
  1.7552069E-05
  2.1796424E-05
  2.6415506E-05
  3.1296462E-05
  3.6282359E-05
  4.1202329E-05
  4.5894398E-05
  5.0174967E-05
  5.3812757E-05
  5.6571836E-05
  5.8268593E-05
  5.8762329E-05
  5.7922571E-05
  5.5653516E-05
  5.1933595E-05
  4.6789759E-05
  4.0257197E-05
  3.2412128E-05
  2.3414523E-05
  1.3458503E-05
  2.7102105E-06
 -8.6358232E-06
 -2.0272597E-05
 -3.1840209E-05
 -4.3040629E-05
 -5.3601023E-05
 -6.3176238E-05
 -7.1429953E-05
 -7.8166908E-05
 -8.3206018E-05
 -8.6237771E-05
 -8.7290056E-05
 -8.7629000E-05
 -8.9919908E-05
 -9.7055221E-05
 -1.1075045E-04
 -1.3136990E-04
 -1.5881695E-04
 -1.9307330E-04
 -2.3385472E-04
 -2.8027457E-04
 -3.3108861E-04
 -3.8476914E-04
 -4.3874048E-04
 -4.8861408E-04
 -5.2871142E-04
 -5.5362721E-04
 -5.5925385E-04
 -5.4250908E-04
 -5.0076173E-04
 -4.3214642E-04
 -3.3646807E-04
 -2.1546867E-04
 -7.2130410E-05
  8.9975307E-05
  2.6648212E-04
  4.5177579E-04
  6.3941040E-04
  8.2323002E-04
  9.9779130E-04
  1.1574720E-03
  1.2955624E-03
  1.4048795E-03
  1.4794668E-03
  1.5154886E-03
  1.5106183E-03
  1.4632805E-03
  1.3730255E-03
  1.2413656E-03
  1.0716513E-03
  8.6805655E-04
  6.3507643E-04
  3.7813897E-04
  1.0435103E-04
 -1.7766426E-04
 -4.5864767E-04
 -7.2949001E-04
 -9.8165090E-04
 -1.2074667E-03
 -1.4004582E-03
 -1.5555061E-03
 -1.6688894E-03
 -1.7383108E-03
 -1.7629198E-03
 -1.7432505E-03
 -1.6811058E-03
 -1.5794680E-03
 -1.4423921E-03
 -1.2748078E-03
 -1.0822841E-03
 -8.7084190E-04
 -6.4677268E-04
 -4.1640230E-04
 -1.8586713E-04
  3.9010425E-05
  2.5281333E-04
  4.5068807E-04
  6.2851480E-04
  7.8297459E-04
  9.1153919E-04
  1.0124929E-03
  1.0849794E-03
  1.1289783E-03
  1.1452115E-03
  1.1350613E-03
  1.1005143E-03
  1.0440651E-03
  9.6857687E-04
  8.7717647E-04
  7.7319669E-04
  6.6009542E-04
  5.4131803E-04
  4.2016228E-04
  2.9969803E-04
  1.8272508E-04
  7.1728777E-05
 -3.1168442E-05
 -1.2424085E-04
 -2.0617129E-04
 -2.7605038E-04
 -3.3337693E-04
 -3.7805899E-04
 -4.1039073E-04
 -4.3098532E-04
 -4.4069311E-04
 -4.4055315E-04
 -4.3177171E-04
 -4.1567421E-04
 -3.9362191E-04
 -3.6694796E-04
 -3.3693784E-04
 -3.0481050E-04
 -2.7167247E-04
 -2.3848098E-04
 -2.0604322E-04
 -1.7501951E-04
 -1.4590370E-04
 -1.1901345E-04
 -9.4516479E-05
 -7.2462622E-05
 -5.2792544E-05
 -3.5346748E-05
 -1.9895451E-05
 -6.1641113E-06
  6.1608544E-06
  1.7414448E-05
  2.7909213E-05
  3.7905873E-05
  4.7621641E-05
  5.7235837E-05
  6.6864181E-05
  7.6539356E-05
  8.6228836E-05
  9.5854310E-05
  1.0527884E-04
  1.1429490E-04
  1.2265082E-04
  1.3008848E-04
  1.3635379E-04
  1.4119614E-04
  1.4438496E-04
  1.4572730E-04
  1.4506669E-04
  1.4228461E-04
  1.3732088E-04
  1.3018442E-04
  1.2093748E-04
  1.0968676E-04
  9.6601769E-05
  8.1924372E-05
  6.5944245E-05
  4.8974878E-05
  3.1359174E-05
  1.3473182E-05
 -4.3003347E-06
 -2.1598386E-05
 -3.8075570E-05
 -5.3400261E-05
 -6.7274661E-05
 -7.9452453E-05
 -8.9732566E-05
 -9.7957251E-05
 -1.0403248E-04
 -1.0793647E-04
 -1.0969724E-04
 -1.0937661E-04
 -1.0708334E-04
 -1.0297794E-04
 -9.7247052E-05
 -9.0086229E-05
 -8.1714134E-05
 -7.2377472E-05
 -6.2322848E-05
 -5.1778174E-05
 -4.0969280E-05
 -3.0128002E-05
 -1.9464962E-05
 -9.1523016E-06
  6.5449422E-07
  9.8017290E-06
  1.8161461E-05
  2.5649384E-05
  3.2203727E-05
  3.7768983E-05
  4.2316718E-05
  4.5859080E-05
  4.8423160E-05
  5.0032028E-05
  5.0725339E-05
  5.0573377E-05
  4.9651906E-05
  4.8025318E-05
  4.5770095E-05
  4.2988311E-05
  3.9778057E-05
  3.6213874E-05
  3.2372827E-05
  2.8351580E-05
  2.4236799E-05
  2.0084755E-05
  1.5949841E-05
  1.1905044E-05
  8.0123464E-06
  4.3005857E-06
  7.9469555E-07
 -2.4616279E-06
 -5.4355269E-06
 -8.1283815E-06
 -1.0545543E-05
 -1.2670871E-05
 -1.4494626E-05
 -1.6036243E-05
 -1.7313583E-05
 -1.8318700E-05
 -1.9049103E-05
 -1.9532206E-05
 -1.9792627E-05
 -1.9826473E-05
 -1.9634354E-05
 -1.9246636E-05
 -1.8687675E-05
 -1.7948707E-05
 -1.7025626E-05
 -1.5949287E-05
 -1.4748084E-05
 -1.3416562E-05
 -1.1953895E-05
 -1.0397320E-05
 -8.7829021E-06
 -7.1093928E-06
 -5.3769181E-06
 -3.6249394E-06
 -1.8942719E-06
 -1.8785454E-07
  1.4920745E-06
  3.1044926E-06
  4.6072810E-06
  5.9983240E-06
  7.2792982E-06
  8.4159292E-06
  9.3757290E-06
  1.0167857E-05
  1.0803657E-05
  1.1256291E-05
  1.1502741E-05
  1.1566224E-05
  1.1472606E-05
  1.1205991E-05
  1.0753838E-05
  1.0153511E-05
  9.4451279E-06
  8.6211057E-06
  7.6729320E-06
  6.6438070E-06
  5.5814712E-06
  4.4828012E-06
  3.3401020E-06
  2.1972692E-06
  1.1022826E-06
  4.8645916E-08
 -9.7707459E-07
 -1.9354281E-06
 -2.7830174E-06
 -3.5349649E-06
 -4.2155325E-06
 -4.7934009E-06
 -5.2314895E-06
 -5.5537503E-06
 -5.7947268E-06
 -5.9307067E-06
 -5.9311128E-06
 -5.8297860E-06
 -5.6725353E-06
 -5.4424618E-06
 -5.1117022E-06
 -4.7173407E-06
 -4.3085588E-06
 -3.8687076E-06
 -3.3694068E-06
 -2.8504976E-06
 -2.3636458E-06
 -1.8884814E-06
 -1.3894735E-06
 -9.0231765E-07
 -4.7552533E-07
 -8.1146766E-08
  3.2421568E-07
  7.0516865E-07
  1.0097076E-06
  1.2687970E-06
  1.5345221E-06
  1.7761429E-06
  1.9412330E-06
  2.0626185E-06
  2.1963415E-06
  2.3105044E-06
  2.3477858E-06
  2.3413379E-06
  2.3528778E-06
  2.3529367E-06
  2.2821882E-06
  2.1740354E-06
  2.0925031E-06
  2.0061968E-06
  1.8517601E-06
  1.6643864E-06
  1.5135045E-06
  1.3677069E-06
  1.1598200E-06
  9.2644143E-07
  7.4171908E-07
  5.7294352E-07
  3.4821664E-07
  1.0644192E-07
 -7.1824672E-08
 -2.2094332E-07
 -4.2041134E-07
 -6.3151560E-07
 -7.6701951E-07
 -8.6102938E-07
 -9.9974238E-07
 -1.1456839E-06
 -1.2072647E-06
 -1.2210663E-06
 -1.2819204E-06
 -1.3531640E-06
 -1.3357952E-06
 -1.2652682E-06
 -1.2437752E-06
 -1.2377957E-06
 -1.1455196E-06
 -1.0047762E-06
 -9.2437608E-07
 -8.6932499E-07
 -7.3079121E-07
 -5.4849926E-07
 -4.3926548E-07
 -3.6615992E-07
 -2.1179807E-07
 -1.9202702E-08
  8.2749189E-08
  1.3187881E-07
  2.5910506E-07
  4.2494457E-07
  4.9162463E-07
  4.9690073E-07
  5.8268478E-07
  7.0961323E-07
  7.2674123E-07
  6.6941402E-07
  6.9369503E-07
  7.6833726E-07
  7.3650256E-07
  6.3173377E-07
  6.1682249E-07
  6.5820677E-07
  5.8780938E-07
  4.4095583E-07
  3.9517892E-07
  4.1952930E-07
  3.3448674E-07
  1.7489859E-07
  1.2981010E-07
  1.6536731E-07
  8.5391619E-08
 -7.4930909E-08
 -1.0834514E-07
 -4.6736361E-08
 -1.0463911E-07
 -2.5058156E-07
 -2.6042113E-07
 -1.6379960E-07
 -1.9346913E-07
 -3.1830209E-07
 -2.8841680E-07
 -1.2281737E-07
 -7.2704893E-08
 -1.1591596E-07
  1.3778504E-08
  3.0285571E-07
  4.7901528E-07
  5.5153748E-07
  7.9723247E-07
  1.2037524E-06
  1.4776726E-06
  1.6160775E-06
  1.9000472E-06
  2.3058387E-06
  2.5142681E-06
  2.5241870E-06
  2.6421822E-06
  2.8406444E-06
  2.7684487E-06
  2.4284850E-06
  2.1743781E-06
  1.9982031E-06
  1.5229696E-06
  7.4915692E-07
  7.5917342E-08
 -4.7794322E-07
 -1.3094093E-06
 -2.4199594E-06
 -3.3640570E-06
 -4.0895475E-06
 -5.0024501E-06
 -6.0984230E-06
 -6.8919649E-06
 -7.3228412E-06
 -7.8376797E-06
 -8.4452695E-06
 -8.6267046E-06
 -8.3273580E-06
 -8.0636155E-06
 -7.8859921E-06
 -7.2554094E-06
 -6.1274623E-06
 -5.0958670E-06
 -4.2603210E-06
 -3.0612964E-06
 -1.4570069E-06
 -1.0224835E-07
  8.8540207E-07
  2.1254168E-06
  6.4927390E-11
  4.5104204E-10
  1.3057624E-09
  2.2297357E-09
  2.8102303E-09
  3.2674967E-09
  3.8556185E-09
  4.1859938E-09
  3.8575627E-09
  3.1810097E-09
  2.5325426E-09
  1.5940693E-09
  2.3872460E-11
 -1.7507302E-09
 -3.2476069E-09
 -4.7801216E-09
 -6.7139516E-09
 -8.5633216E-09
 -9.7693196E-09
 -1.0670480E-08
 -1.1705630E-08
 -1.2393818E-08
 -1.2168687E-08
 -1.1459758E-08
 -1.0819288E-08
 -9.7737392E-09
 -7.7378930E-09
 -5.2384541E-09
 -2.9637337E-09
 -4.7100679E-10
  2.8140368E-09
  6.2297683E-09
  8.9438261E-09
  1.1423062E-08
  1.4320193E-08
  1.6914296E-08
  1.8296642E-08
  1.9046162E-08
  1.9979234E-08
  2.0356842E-08
  1.9209828E-08
  1.7264123E-08
  1.5541959E-08
  1.3307808E-08
  9.5662838E-09
  5.2656892E-09
  1.6810322E-09
 -1.9753328E-09
 -6.8264274E-09
 -1.1754905E-08
 -1.5270682E-08
 -1.8305718E-08
 -2.2195660E-08
 -2.5652808E-08
 -2.6979082E-08
 -2.7380219E-08
 -2.8551248E-08
 -2.9059688E-08
 -2.7016100E-08
 -2.4039261E-08
 -2.2268093E-08
 -1.9989262E-08
 -1.5013100E-08
 -9.5000985E-09
 -6.0655623E-09
 -2.4246640E-09
  4.0120760E-09
  1.0209894E-08
  1.3143285E-08
  1.6275226E-08
  2.2205256E-08
  2.6146514E-08
  2.7158908E-08
  3.0828133E-08
  1.0660109E-08
 -1.3593505E-07
 -5.6405088E-07
 -1.3965333E-06
 -2.6739608E-06
 -4.3892478E-06
 -6.5395375E-06
 -9.1208076E-06
 -1.2093498E-05
 -1.5384252E-05
 -1.8908580E-05
 -2.2553430E-05
 -2.6129645E-05
 -2.9367478E-05
 -3.1975254E-05
 -3.3699805E-05
 -3.4339315E-05
 -3.3726039E-05
 -3.1715237E-05
 -2.8191516E-05
 -2.3093406E-05
 -1.6451446E-05
 -8.4083986E-06
  8.1086364E-07
  1.0954624E-05
  2.1761720E-05
  3.2933291E-05
  4.4123102E-05
  5.4981414E-05
  6.5197804E-05
  7.4482974E-05
  8.2521903E-05
  8.8977009E-05
  9.3545183E-05
  9.5991381E-05
  9.6121861E-05
  9.3763490E-05
  8.8817374E-05
  8.1335929E-05
  7.1510025E-05
  5.9564503E-05
  4.5699438E-05
  3.0161187E-05
  1.3340345E-05
 -4.2433621E-06
 -2.2034325E-05
 -3.9473689E-05
 -5.5967990E-05
 -7.0918082E-05
 -8.3816674E-05
 -9.4277711E-05
 -1.0197508E-04
 -1.0663885E-04
 -1.0813632E-04
 -1.0646453E-04
 -1.0165815E-04
 -9.3930859E-05
 -8.4129824E-05
 -7.3951735E-05
 -6.5391876E-05
 -5.9818798E-05
 -5.7640751E-05
 -5.8819409E-05
 -6.3439031E-05
 -7.1636212E-05
 -8.3187151E-05
 -9.7405500E-05
 -1.1332873E-04
 -1.2967910E-04
 -1.4454330E-04
 -1.5531440E-04
 -1.5923160E-04
 -1.5416053E-04
 -1.3899147E-04
 -1.1340980E-04
 -7.7359204E-05
 -3.0814881E-05
  2.5778376E-05
  9.0811336E-05
  1.6145008E-04
  2.3447617E-04
  3.0712551E-04
  3.7696271E-04
  4.4117391E-04
  4.9652334E-04
  5.4022745E-04
  5.7058549E-04
  5.8655115E-04
  5.8700924E-04
  5.7087635E-04
  5.3778099E-04
  4.8820331E-04
  4.2290083E-04
  3.4261233E-04
  2.4856982E-04
  1.4306550E-04
  2.9223738E-05
 -8.9742054E-05
 -2.1090421E-04
 -3.3138087E-04
 -4.4799200E-04
 -5.5722229E-04
 -6.5540848E-04
 -7.3896541E-04
 -8.0465130E-04
 -8.4987492E-04
 -8.7291165E-04
 -8.7294111E-04
 -8.4999047E-04
 -8.0488552E-04
 -7.3919882E-04
 -6.5515278E-04
 -5.5549759E-04
 -4.4339459E-04
 -3.2229116E-04
 -1.9577358E-04
 -6.7427725E-05
  5.9264683E-05
  1.8100860E-04
  2.9478126E-04
  3.9791851E-04
  4.8818896E-04
  5.6384993E-04
  6.2367553E-04
  6.6694582E-04
  6.9341192E-04
  7.0326787E-04
  6.9713517E-04
  6.7603419E-04
  6.4132886E-04
  5.9466076E-04
  5.3788995E-04
  4.7303282E-04
  4.0218275E-04
  3.2742502E-04
  2.5077065E-04
  1.7411818E-04
  9.9226687E-05
  2.7680944E-05
 -3.9149530E-05
 -1.0014015E-04
 -1.5442134E-04
 -2.0137642E-04
 -2.4063427E-04
 -2.7205271E-04
 -2.9569180E-04
 -3.1178928E-04
 -3.2074444E-04
 -3.2309731E-04
 -3.1949088E-04
 -3.1062879E-04
 -2.9724609E-04
 -2.8008921E-04
 -2.5989275E-04
 -2.3736010E-04
 -2.1316086E-04
 -1.8793368E-04
 -1.6227129E-04
 -1.3669334E-04
 -1.1163366E-04
 -8.7448512E-05
 -6.4426909E-05
 -4.2794025E-05
 -2.2717992E-05
 -4.3220680E-06
  1.2311671E-05
  2.7149026E-05
  4.0205123E-05
  5.1533680E-05
  6.1214756E-05
  6.9347589E-05
  7.6043354E-05
  8.1417369E-05
  8.5586922E-05
  8.8671986E-05
  9.0789574E-05
  9.2044225E-05
  9.2524853E-05
  9.2306655E-05
  9.1450398E-05
  9.0002883E-05
  8.8004999E-05
  8.5497799E-05
  8.2514809E-05
  7.9071098E-05
  7.5166499E-05
  7.0797054E-05
  6.5957858E-05
  6.0641389E-05
  5.4845761E-05
  4.8585793E-05
  4.1889791E-05
  3.4788845E-05
  2.7318794E-05
  1.9531704E-05
  1.1498210E-05
  3.3023589E-06
 -4.9558867E-06
 -1.3155592E-05
 -2.1163552E-05
 -2.8849274E-05
 -3.6086261E-05
 -4.2745349E-05
 -4.8700884E-05
 -5.3845179E-05
 -5.8090307E-05
 -6.1361316E-05
 -6.3601190E-05
 -6.4782726E-05
 -6.4905675E-05
 -6.3984240E-05
 -6.2047751E-05
 -5.9151182E-05
 -5.5372682E-05
 -5.0801129E-05
 -4.5535828E-05
 -3.9694663E-05
 -3.3408272E-05
 -2.6804784E-05
 -2.0008898E-05
 -1.3151339E-05
 -6.3642510E-06
  2.3355005E-07
  6.5367544E-06
  1.2443152E-05
  1.7857823E-05
  2.2707643E-05
  2.6939910E-05
  3.0509380E-05
  3.3380751E-05
  3.5542416E-05
  3.7003614E-05
  3.7778955E-05
  3.7889014E-05
  3.7373360E-05
  3.6286710E-05
  3.4682103E-05
  3.2611482E-05
  3.0140254E-05
  2.7344293E-05
  2.4292192E-05
  2.1044827E-05
  1.7670063E-05
  1.4240442E-05
  1.0815873E-05
  7.4440195E-06
  4.1761823E-06
  1.0654994E-06
 -1.8501721E-06
 -4.5468578E-06
 -6.9973821E-06
 -9.1734219E-06
 -1.1063396E-05
 -1.2669872E-05
 -1.3989986E-05
 -1.5016952E-05
 -1.5759550E-05
 -1.6239850E-05
 -1.6471666E-05
 -1.6460930E-05
 -1.6226477E-05
 -1.5799011E-05
 -1.5199056E-05
 -1.4436908E-05
 -1.3534193E-05
 -1.2523233E-05
 -1.1424308E-05
 -1.0245729E-05
 -9.0067779E-06
 -7.7374261E-06
 -6.4545056E-06
 -5.1617576E-06
 -3.8743242E-06
 -2.6187345E-06
 -1.4074039E-06
 -2.3824009E-07
  8.7904198E-07
  1.9220406E-06
  2.8825887E-06
  3.7679092E-06
  4.5729780E-06
  5.2791283E-06
  5.8825476E-06
  6.3959596E-06
  6.8190602E-06
  7.1360969E-06
  7.3460806E-06
  7.4657250E-06
  7.4986069E-06
  7.4318241E-06
  7.2675643E-06
  7.0268720E-06
  6.7172700E-06
  6.3283760E-06
  5.8647715E-06
  5.3506269E-06
  4.7960539E-06
  4.1920857E-06
  3.5449325E-06
  2.8810655E-06
  2.2119580E-06
  1.5287035E-06
  8.3809869E-07
  1.6787340E-07
 -4.7099346E-07
 -1.0899964E-06
 -1.6840042E-06
 -2.2250163E-06
 -2.7029703E-06
 -3.1332047E-06
 -3.5146904E-06
 -3.8218800E-06
 -4.0478353E-06
 -4.2134734E-06
 -4.3234149E-06
 -4.3557548E-06
 -4.3071273E-06
 -4.2037977E-06
 -4.0556811E-06
 -3.8444323E-06
 -3.5700953E-06
 -3.2631208E-06
 -2.9361227E-06
 -2.5710776E-06
 -2.1688661E-06
 -1.7625957E-06
 -1.3662614E-06
 -9.6022734E-07
 -5.4373061E-07
 -1.4997318E-07
  2.0816151E-07
  5.5419679E-07
  8.9208129E-07
  1.1890434E-06
  1.4333442E-06
  1.6527239E-06
  1.8551738E-06
  2.0094876E-06
  2.1061414E-06
  2.1775350E-06
  2.2348404E-06
  2.2463983E-06
  2.2030235E-06
  2.1411374E-06
  2.0753109E-06
  1.9734023E-06
  1.8259504E-06
  1.6725058E-06
  1.5297638E-06
  1.3630971E-06
  1.1605656E-06
  9.6366250E-07
  7.9146059E-07
  6.0765240E-07
  3.9796902E-07
  2.0487784E-07
  4.8172353E-08
 -1.1157214E-07
 -2.9140060E-07
 -4.4738084E-07
 -5.5836381E-07
 -6.6666041E-07
 -7.9208519E-07
 -8.8929778E-07
 -9.3625340E-07
 -9.7894736E-07
 -1.0398561E-06
 -1.0695755E-06
 -1.0392098E-06
 -9.8992609E-07
 -9.3857369E-07
 -8.2858679E-07
 -6.3076584E-07
 -3.9688774E-07
 -1.5563739E-07
  1.4470723E-07
  5.2924554E-07
  9.3592001E-07
  1.3256952E-06
  1.7454165E-06
  2.2117842E-06
  2.6425664E-06
  2.9766443E-06
  3.2511200E-06
  3.4839240E-06
  3.5967153E-06
  3.5360708E-06
  3.3532087E-06
  3.0790827E-06
  2.6427169E-06
  2.0026678E-06
  1.2340965E-06
  3.9263250E-07
 -5.7789134E-07
 -1.7045404E-06
 -2.8871943E-06
 -4.0435843E-06
 -5.2128630E-06
 -6.4063847E-06
 -7.5000071E-06
 -8.3920404E-06
 -9.1233105E-06
 -9.7206303E-06
 -1.0073829E-05
 -1.0097678E-05
 -9.8616129E-06
 -9.4249372E-06
 -8.7042527E-06
 -7.6475262E-06
 -6.3760572E-06
 -5.0040735E-06
 -3.4845043E-06
 -1.7875655E-06
 -5.5925057E-08
  1.5835291E-06
  3.1845509E-06
  4.7894332E-06
  6.2598128E-06
  7.4794398E-06
  8.5344618E-06
  9.5042851E-06
  1.0272144E-05
  1.0741370E-05
  1.1032757E-05
  1.1256719E-05
  1.1302051E-05
  1.1071245E-05
  1.0703837E-05
  1.0331801E-05
  9.8408927E-06
  9.1207830E-06
  8.3156856E-06
  7.5662529E-06
  6.7464980E-06
  5.7311872E-06
  4.6714990E-06
  3.7145851E-06
  2.7095975E-06
  1.0470894E-10
  5.0902094E-10
  1.2746344E-09
  2.3403952E-09
  3.6294239E-09
  5.0461786E-09
  6.4906218E-09
  7.8666478E-09
  9.0761141E-09
  1.0022153E-08
  1.0627763E-08
  1.0842073E-08
  1.0627261E-08
  9.9552473E-09
  8.8211340E-09
  7.2427788E-09
  5.2421560E-09
  2.8459768E-09
  1.1207835E-10
 -2.8634319E-09
 -5.9739662E-09
 -9.1205035E-09
 -1.2197369E-08
 -1.5085783E-08
 -1.7677824E-08
 -1.9890738E-08
 -2.1646910E-08
 -2.2859689E-08
 -2.3453808E-08
 -2.3384549E-08
 -2.2627354E-08
 -2.1169914E-08
 -1.9029642E-08
 -1.6261694E-08
 -1.2936685E-08
 -9.1270760E-09
 -4.9240541E-09
 -4.4476334E-10
  4.1897450E-09
  8.8615639E-09
  1.3430808E-08
  1.7732653E-08
  2.1618787E-08
  2.4980977E-08
  2.7722859E-08
  2.9739986E-08
  3.0948094E-08
  3.1304310E-08
  3.0782537E-08
  2.9358876E-08
  2.7044955E-08
  2.3909191E-08
  2.0044766E-08
  1.5544831E-08
  1.0527090E-08
  5.1467479E-09
 -4.4066528E-10
 -6.0982037E-09
 -1.1669173E-08
 -1.6959962E-08
 -2.1789996E-08
 -2.6025276E-08
 -2.9542520E-08
 -3.2208632E-08
 -3.3930156E-08
 -3.4682078E-08
 -3.4458353E-08
 -3.3242504E-08
 -3.1061894E-08
 -2.8020619E-08
 -2.4240924E-08
 -1.9824586E-08
 -1.4909530E-08
 -9.7006740E-09
 -4.3918158E-09
  8.8780983E-10
  6.0008771E-09
  1.0738158E-08
  1.4879219E-08
  1.8250615E-08
  2.0670583E-08
  2.1915929E-08
  2.1817970E-08
  2.0326585E-08
  1.7419765E-08
  1.3036342E-08
  7.1733446E-09
 -3.8888004E-11
 -8.4348670E-09
 -1.7877539E-08
 -2.8121203E-08
 -3.8715164E-08
 -4.9156533E-08
 -5.9038577E-08
 -6.7944015E-08
 -7.5330377E-08
 -8.0677694E-08
 -8.3643670E-08
 -8.3936598E-08
 -8.1177554E-08
 -7.5066239E-08
 -6.5558780E-08
 -5.2719429E-08
 -3.6569361E-08
 -1.7297818E-08
  4.5407766E-09
  2.8265593E-08
  5.3320750E-08
  7.9050466E-08
  1.0446588E-07
  1.2856043E-07
  1.5064361E-07
  1.7004763E-07
  1.8580739E-07
  1.9706398E-07
  2.0350805E-07
  2.0499434E-07
  2.0111156E-07
  1.9168633E-07
  1.7726214E-07
  1.5846459E-07
  1.3550954E-07
  1.0898911E-07
  8.0030574E-08
  4.9063175E-08
  1.8255967E-08
  1.4285995E-09
  3.3005328E-08
  1.6203199E-07
  4.3260039E-07
  8.7026547E-07
  1.4868792E-06
  2.2913898E-06
  3.2885378E-06
  4.4694757E-06
  5.8117794E-06
  7.2880248E-06
  8.8626020E-06
  1.0471672E-05
  1.2010754E-05
  1.3350442E-05
  1.4365181E-05
  1.4945191E-05
  1.4989002E-05
  1.4401394E-05
  1.3108681E-05
  1.1073506E-05
  8.2907982E-06
  4.7739613E-06
  5.5317741E-07
 -4.3102195E-06
 -9.7089478E-06
 -1.5486516E-05
 -2.1442956E-05
 -2.7343929E-05
 -3.2933887E-05
 -3.7954709E-05
 -4.2165309E-05
 -4.5355788E-05
 -4.7353831E-05
 -4.8025147E-05
 -4.7272257E-05
 -4.5038054E-05
 -4.1318439E-05
 -3.6178182E-05
 -2.9756447E-05
 -2.2255412E-05
 -1.3921213E-05
 -5.0300587E-06
  4.1204794E-06
  1.3224666E-05
  2.1988299E-05
  3.0144434E-05
  3.7457325E-05
  4.3720494E-05
  4.8759568E-05
  5.2440839E-05
  5.4678647E-05
  5.5438180E-05
  5.4736392E-05
  5.2641761E-05
  4.9269354E-05
  4.4770259E-05
  3.9320224E-05
  3.3112075E-05
  2.6350663E-05
  1.9247420E-05
  1.2014769E-05
  4.8610636E-06
 -2.0163934E-06
 -8.4420972E-06
 -1.4272316E-05
 -1.9397081E-05
 -2.3733970E-05
 -2.7221648E-05
 -2.9819663E-05
 -3.1512536E-05
 -3.2312353E-05
 -3.2258311E-05
 -3.1415708E-05
 -2.9875060E-05
 -2.7747868E-05
 -2.5154843E-05
 -2.2205815E-05
 -1.8976472E-05
 -1.5493162E-05
 -1.1736465E-05
 -7.6613014E-06
 -3.2168828E-06
  1.6453882E-06
  6.9665311E-06
  1.2762228E-05
  1.9002602E-05
  2.5615445E-05
  3.2508702E-05
  3.9569852E-05
  4.6622725E-05
  5.3386797E-05
  5.9489259E-05
  6.4505541E-05
  6.7966917E-05
  6.9348695E-05
  6.8122637E-05
  6.3883075E-05
  5.6428355E-05
  4.5711065E-05
  3.1748270E-05
  1.4641508E-05
 -5.3095355E-06
 -2.7558432E-05
 -5.1382900E-05
 -7.5950004E-05
 -1.0029382E-04
 -1.2331604E-04
 -1.4392518E-04
 -1.6121358E-04
 -1.7448445E-04
 -1.8314173E-04
 -1.8663814E-04
 -1.8455836E-04
 -1.7670629E-04
 -1.6310043E-04
 -1.4396860E-04
 -1.1981881E-04
 -9.1465437E-05
 -5.9874423E-05
 -2.5935973E-05
  9.5960822E-06
  4.5967976E-05
  8.2303377E-05
  1.1763172E-04
  1.5096998E-04
  1.8133761E-04
  2.0776103E-04
  2.2936774E-04
  2.4550752E-04
  2.5575451E-04
  2.5979502E-04
  2.5735924E-04
  2.4828617E-04
  2.3263767E-04
  2.1074322E-04
  1.8316883E-04
  1.5067434E-04
  1.1419247E-04
  7.4815209E-05
  3.3770062E-05
 -7.6235738E-06
 -4.8027254E-05
 -8.6176609E-05
 -1.2096192E-04
 -1.5147131E-04
 -1.7700149E-04
 -1.9704997E-04
 -2.1129643E-04
 -2.1959087E-04
 -2.2197045E-04
 -2.1868909E-04
 -2.1020674E-04
 -1.9711668E-04
 -1.8006183E-04
 -1.5969733E-04
 -1.3669192E-04
 -1.1172623E-04
 -8.5482578E-05
 -5.8646823E-05
 -3.1909367E-05
 -5.9314516E-06
  1.8706316E-05
  4.1512481E-05
  6.2040031E-05
  7.9857884E-05
  9.4593343E-05
  1.0600681E-04
  1.1402026E-04
  1.1868103E-04
  1.2010945E-04
  1.1847508E-04
  1.1400611E-04
  1.0701369E-04
  9.7908014E-05
  8.7179345E-05
  7.5337135E-05
  6.2841747E-05
  5.0074734E-05
  3.7351918E-05
  2.4944708E-05
  1.3090190E-05
  2.0023690E-06
 -8.1142225E-06
 -1.7077364E-05
 -2.4776677E-05
 -3.1214207E-05
 -3.6481953E-05
 -4.0687464E-05
 -4.3897082E-05
 -4.6143890E-05
 -4.7476176E-05
 -4.7988469E-05
 -4.7808724E-05
 -4.7062149E-05
 -4.5844772E-05
 -4.4219712E-05
 -4.2227330E-05
 -3.9895043E-05
 -3.7240075E-05
 -3.4267479E-05
 -3.0969939E-05
 -2.7333721E-05
 -2.3349050E-05
 -1.9018386E-05
 -1.4357985E-05
 -9.3957333E-06
 -4.1727008E-06
  1.2496421E-06
  6.7838218E-06
  1.2319048E-05
  1.7729149E-05
  2.2878830E-05
  2.7629139E-05
  3.1848504E-05
  3.5428042E-05
  3.8290764E-05
  4.0389230E-05
  4.1698866E-05
  4.2215659E-05
  4.1957388E-05
  4.0962761E-05
  3.9287483E-05
  3.6999903E-05
  3.4176694E-05
  3.0898049E-05
  2.7244700E-05
  2.3298377E-05
  1.9142668E-05
  1.4860816E-05
  1.0532440E-05
  6.2328336E-06
  2.0336602E-06
 -1.9984750E-06
 -5.8047799E-06
 -9.3349754E-06
 -1.2546225E-05
 -1.5403264E-05
 -1.7879702E-05
 -1.9958079E-05
 -2.1628950E-05
 -2.2891154E-05
 -2.3752655E-05
 -2.4229623E-05
 -2.4344221E-05
 -2.4123387E-05
 -2.3598177E-05
 -2.2801751E-05
 -2.1767040E-05
 -2.0526601E-05
 -1.9113681E-05
 -1.7561508E-05
 -1.5901218E-05
 -1.4161313E-05
 -1.2368636E-05
 -1.0548296E-05
 -8.7226290E-06
 -6.9115194E-06
 -5.1336692E-06
 -3.4062923E-06
 -1.7437592E-06
 -1.5823889E-07
  1.3378483E-06
  2.7310859E-06
  4.0089390E-06
  5.1613538E-06
  6.1805586E-06
  7.0607343E-06
  7.7984696E-06
  8.3926861E-06
  8.8436900E-06
  9.1528291E-06
  9.3231765E-06
  9.3601611E-06
  9.2720293E-06
  9.0704789E-06
  8.7702010E-06
  8.3863688E-06
  7.9324163E-06
  7.4208042E-06
  6.8650179E-06
  6.2791269E-06
  5.6754843E-06
  5.0641820E-06
  4.4545213E-06
  3.8553853E-06
  3.2738681E-06
  2.7146807E-06
  2.1810547E-06
  1.6752817E-06
  1.1984544E-06
  7.5073910E-07
  3.3197796E-07
 -5.8526894E-08
 -4.2208976E-07
 -7.5939420E-07
 -1.0698761E-06
 -1.3536595E-06
 -1.6133947E-06
 -1.8526919E-06
 -2.0733878E-06
 -2.2757724E-06
 -2.4603032E-06
 -2.6267280E-06
 -2.7721092E-06
 -2.8923050E-06
 -2.9855448E-06
 -3.0525830E-06
 -3.0935601E-06
 -3.1069687E-06
 -3.0916028E-06
 -3.0470856E-06
 -2.9723114E-06
 -2.8659865E-06
 -2.7297026E-06
 -2.5688992E-06
 -2.3904140E-06
 -2.2005820E-06
 -2.0055074E-06
 -1.8109245E-06
 -1.6212109E-06
 -1.4399542E-06
 -1.2711666E-06
 -1.1178879E-06
 -9.7975465E-07
 -8.5411887E-07
 -7.3935485E-07
 -6.3465632E-07
 -5.3674006E-07
 -4.3952423E-07
 -3.3738064E-07
 -2.2622925E-07
 -1.0134710E-07
  4.2892452E-08
  2.1017628E-07
  4.0130340E-07
  6.1652088E-07
  8.5670410E-07
  1.1220945E-06
  1.4121117E-06
  1.7262374E-06
  2.0623174E-06
  2.4138126E-06
  2.7713431E-06
  3.1270179E-06
  3.4747052E-06
  3.8064961E-06
  4.1120934E-06
  4.3812361E-06
  4.6027735E-06
  4.7611034E-06
  4.8376378E-06
  4.8170623E-06
  4.6896153E-06
  4.4478979E-06
  4.0861105E-06
  3.6033621E-06
  3.0037434E-06
  2.2923107E-06
  1.4751822E-06
  5.6492854E-07
 -4.1768180E-07
 -1.4480183E-06
 -2.4997948E-06
 -3.5425751E-06
 -4.5421457E-06
 -5.4656439E-06
 -6.2835184E-06
 -6.9665107E-06
 -7.4856525E-06
 -7.8168587E-06
 -7.9420615E-06
 -7.8459743E-06
 -7.5172056E-06
 -6.9540752E-06
 -6.1651240E-06
 -5.1636871E-06
 -3.9673700E-06
 -2.6033722E-06
 -1.1080442E-06
  4.8037964E-07
  2.1230928E-06
  3.7743489E-06
  5.3813555E-06
  6.8935142E-06
  8.2666838E-06
  7.5248738E-11
  3.5297920E-10
  8.3994023E-10
  1.4445833E-09
  2.0644202E-09
  2.5797204E-09
  2.8748133E-09
  2.8660807E-09
  2.5008629E-09
  1.7419026E-09
  5.7312222E-10
 -9.8462238E-10
 -2.8810028E-09
 -5.0539257E-09
 -7.4237478E-09
 -9.8782085E-09
 -1.2283478E-08
 -1.4507611E-08
 -1.6421957E-08
 -1.7896227E-08
 -1.8820041E-08
 -1.9127473E-08
 -1.8784725E-08
 -1.7765684E-08
 -1.6061312E-08
 -1.3700657E-08
 -1.0737377E-08
 -7.2261894E-09
 -3.2373793E-09
  1.1185337E-09
  5.7091190E-09
  1.0412671E-08
  1.5108961E-08
  1.9658126E-08
  2.3925004E-08
  2.7812385E-08
  3.1238486E-08
  3.4098655E-08
  3.6285464E-08
  3.7730164E-08
  3.8388549E-08
  3.8208842E-08
  3.7158689E-08
  3.5265838E-08
  3.2586932E-08
  2.9152798E-08
  2.4985013E-08
  2.0139893E-08
  1.4689054E-08
  8.6877439E-09
  2.2169306E-09
 -4.5741881E-09
 -1.1522775E-08
 -1.8511892E-08
 -2.5416806E-08
 -3.2040067E-08
 -3.8172210E-08
 -4.3667974E-08
 -4.8385022E-08
 -5.2108192E-08
 -5.4633936E-08
 -5.5879902E-08
 -5.5816933E-08
 -5.4362609E-08
 -5.1461331E-08
 -4.7205749E-08
 -4.1753044E-08
 -3.5190389E-08
 -2.7616728E-08
 -1.9273571E-08
 -1.0437738E-08
 -1.2669616E-09
  8.0865776E-09
  1.7314955E-08
  2.6097268E-08
  3.4293116E-08
  4.1785796E-08
  4.8257881E-08
  5.3354210E-08
  5.6926563E-08
  5.8864593E-08
  5.8863890E-08
  5.6670050E-08
  5.2369899E-08
  4.6114675E-08
  3.7787480E-08
  2.7326273E-08
  1.5101492E-08
  1.5381509E-09
 -1.3292116E-08
 -2.9177755E-08
 -4.5275392E-08
 -6.0732930E-08
 -7.5325318E-08
 -8.8762476E-08
 -1.0000266E-07
 -1.0815546E-07
 -1.1330849E-07
 -1.1540214E-07
 -1.1331343E-07
 -1.0638969E-07
 -9.5513329E-08
 -8.1025611E-08
 -6.1738234E-08
 -3.8184538E-08
 -1.3109268E-08
  1.4591954E-08
  4.6557940E-08
  5.7279465E-08
 -3.4977859E-08
 -3.5389888E-07
 -1.0070427E-06
 -2.0433390E-06
 -3.4687187E-06
 -5.2851319E-06
 -7.4952341E-06
 -1.0078957E-05
 -1.2990822E-05
 -1.6177622E-05
 -1.9565501E-05
 -2.3011895E-05
 -2.6289756E-05
 -2.9140892E-05
 -3.1340664E-05
 -3.2707259E-05
 -3.3076154E-05
 -3.2299438E-05
 -3.0268773E-05
 -2.6920045E-05
 -2.2226677E-05
 -1.6222035E-05
 -9.0329777E-06
 -8.6217915E-07
  8.0736754E-06
  1.7565470E-05
  2.7366374E-05
  3.7163361E-05
  4.6626592E-05
  5.5472541E-05
  6.3455809E-05
  7.0322989E-05
  7.5819888E-05
  7.9745958E-05
  8.1966275E-05
  8.2364779E-05
  8.0826125E-05
  7.7290220E-05
  7.1804599E-05
  6.4500513E-05
  5.5532946E-05
  4.5067365E-05
  3.3312717E-05
  2.0536900E-05
  7.0474598E-06
 -6.8207210E-06
 -2.0695701E-05
 -3.4173616E-05
 -4.6858157E-05
 -5.8400445E-05
 -6.8506648E-05
 -7.6928511E-05
 -8.3466439E-05
 -8.7982160E-05
 -9.0400004E-05
 -9.0698522E-05
 -8.8910987E-05
 -8.5135296E-05
 -7.9533544E-05
 -7.2314440E-05
 -6.3715808E-05
 -5.4001532E-05
 -4.3462962E-05
 -3.2407712E-05
 -2.1138705E-05
 -9.9410390E-06
  9.1863876E-07
  1.1193949E-05
  2.0670275E-05
  2.9176223E-05
  3.6583348E-05
  4.2792730E-05
  4.7705533E-05
  5.1174429E-05
  5.2962816E-05
  5.2767216E-05
  5.0315804E-05
  4.5467015E-05
  3.8222330E-05
  2.8673108E-05
  1.6979266E-05
  3.4114437E-06
 -1.1613372E-05
 -2.7542506E-05
 -4.3683867E-05
 -5.9152375E-05
 -7.2860239E-05
 -8.3644030E-05
 -9.0447582E-05
 -9.2397167E-05
 -8.8764653E-05
 -7.8976322E-05
 -6.2733248E-05
 -4.0115956E-05
 -1.1564844E-05
  2.2184058E-05
  6.0092625E-05
  1.0079611E-04
  1.4268709E-04
  1.8408096E-04
  2.2331286E-04
  2.5872880E-04
  2.8869434E-04
  3.1169585E-04
  3.2644844E-04
  3.3191731E-04
  3.2729586E-04
  3.1203614E-04
  2.8593349E-04
  2.4919535E-04
  2.0245693E-04
  1.4674787E-04
  8.3410618E-05
  1.3993718E-05
 -5.9807197E-05
 -1.3611829E-04
 -2.1283390E-04
 -2.8764305E-04
 -3.5814257E-04
 -4.2196360E-04
 -4.7688518E-04
 -5.2096602E-04
 -5.5267534E-04
 -5.7093980E-04
 -5.7508779E-04
 -5.6479219E-04
 -5.4010429E-04
 -5.0154497E-04
 -4.5014895E-04
 -3.8741849E-04
 -3.1522012E-04
 -2.3566629E-04
 -1.5100569E-04
 -6.3542335E-05
  2.4412380E-05
  1.1058251E-04
  1.9278828E-04
  2.6900735E-04
  3.3741619E-04
  3.9643585E-04
  4.4480522E-04
  4.8164121E-04
  5.0642696E-04
  5.1895308E-04
  5.1929825E-04
  5.0786952E-04
  4.8541959E-04
  4.5298439E-04
  4.1179269E-04
  3.6322602E-04
  3.0881562E-04
  2.5020679E-04
  1.8907900E-04
  1.2707444E-04
  6.5760731E-05
  6.5952772E-06
 -4.9127390E-05
 -1.0031267E-04
 -1.4606075E-04
 -1.8564728E-04
 -2.1853036E-04
 -2.4437654E-04
 -2.6306871E-04
 -2.7468492E-04
 -2.7947038E-04
 -2.7781565E-04
 -2.7023378E-04
 -2.5733406E-04
 -2.3980465E-04
 -2.1840663E-04
 -1.9396038E-04
 -1.6730958E-04
 -1.3927626E-04
 -1.1063299E-04
 -8.2096944E-05
 -5.4327611E-05
 -2.7913615E-05
 -3.3540491E-06
  1.8952873E-05
  3.8711940E-05
  5.5730095E-05
  6.9912967E-05
  8.1253311E-05
  8.9813358E-05
  9.5713120E-05
  9.9129735E-05
  1.0029600E-04
  9.9484481E-05
  9.6982345E-05
  9.3073933E-05
  8.8036475E-05
  8.2136969E-05
  7.5621952E-05
  6.8708017E-05
  6.1582170E-05
  5.4406133E-05
  4.7313632E-05
  4.0403465E-05
  3.3740384E-05
  2.7364993E-05
  2.1300750E-05
  1.5552021E-05
  1.0101987E-05
  4.9192240E-06
 -3.1532181E-08
 -4.7840499E-06
 -9.3706267E-06
 -1.3820032E-05
 -1.8151302E-05
 -2.2368811E-05
 -2.6461883E-05
 -3.0405972E-05
 -3.4162535E-05
 -3.7679391E-05
 -4.0893756E-05
 -4.3736469E-05
 -4.6135156E-05
 -4.8017166E-05
 -4.9314371E-05
 -4.9969025E-05
 -4.9938029E-05
 -4.9194758E-05
 -4.7729794E-05
 -4.5551587E-05
 -4.2686363E-05
 -3.9176794E-05
 -3.5079989E-05
 -3.0465628E-05
 -2.5414276E-05
 -2.0015746E-05
 -1.4367377E-05
 -8.5719166E-06
 -2.7347087E-06
  3.0394749E-06
  8.6490518E-06
  1.3997378E-05
  1.8994204E-05
  2.3557363E-05
  2.7614524E-05
  3.1104795E-05
  3.3980243E-05
  3.6207224E-05
  3.7767044E-05
  3.8655580E-05
  3.8882376E-05
  3.8469665E-05
  3.7451453E-05
  3.5872465E-05
  3.3786862E-05
  3.1256637E-05
  2.8349506E-05
  2.5136553E-05
  2.1690192E-05
  1.8082697E-05
  1.4384947E-05
  1.0665170E-05
  6.9878533E-06
  3.4127925E-06
 -6.0158527E-09
 -3.2214414E-06
 -6.1936453E-06
 -8.8898169E-06
 -1.1283938E-05
 -1.3356890E-05
 -1.5096425E-05
 -1.6496766E-05
 -1.7558341E-05
 -1.8287719E-05
 -1.8697074E-05
 -1.8802901E-05
 -1.8624905E-05
 -1.8185598E-05
 -1.7510018E-05
 -1.6625007E-05
 -1.5558486E-05
 -1.4339173E-05
 -1.2996176E-05
 -1.1558075E-05
 -1.0052117E-05
 -8.5041211E-06
 -6.9385642E-06
 -5.3782651E-06
 -3.8440376E-06
 -2.3547373E-06
 -9.2724758E-07
  4.2392719E-07
  1.6868258E-06
  2.8515560E-06
  3.9098991E-06
  4.8555021E-06
  5.6840017E-06
  6.3926527E-06
  6.9801636E-06
  7.4470308E-06
  7.7953900E-06
  8.0282134E-06
  8.1495982E-06
  8.1669696E-06
  8.0928667E-06
  7.9436022E-06
  7.7356563E-06
  7.4831250E-06
  7.1976842E-06
  6.8895347E-06
  6.5675313E-06
  6.2385461E-06
  5.9071940E-06
  5.5762994E-06
  5.2469290E-06
  4.9164314E-06
  4.5753322E-06
  4.2069041E-06
  3.7917280E-06
  3.3136712E-06
  2.7613601E-06
  2.1250062E-06
  1.3945519E-06
  5.6238605E-07
 -3.7325174E-07
 -1.4084651E-06
 -2.5358322E-06
 -3.7446953E-06
 -5.0197896E-06
 -6.3405132E-06
 -7.6806919E-06
 -9.0077210E-06
 -1.0282313E-05
 -1.1460383E-05
 -1.2495895E-05
 -1.3343339E-05
 -1.3960827E-05
 -1.4314020E-05
 -1.4377782E-05
 -1.4134113E-05
 -1.3570271E-05
 -1.2681078E-05
 -1.1473475E-05
 -9.9690915E-06
 -8.2042570E-06
 -6.2284935E-06
 -4.1002713E-06
 -1.8800415E-06
  3.7475502E-07
  2.6093658E-06
  4.7700614E-06
  6.8063064E-06
  8.6747696E-06
  1.0340224E-05
  1.1774369E-05
  1.2957057E-05
  1.3879097E-05
  1.4541914E-05
  1.4953618E-05
  1.5125487E-05
  1.5070765E-05
  1.4804607E-05
  1.4344660E-05
  1.3711551E-05
  1.2926934E-05
  1.2009485E-05
  1.0974009E-05
  9.8355558E-06
  8.6121672E-06
  7.3211486E-06
  5.9737085E-06
  4.5747283E-06
  3.1255800E-06
  1.6247850E-06
  6.8518830E-08
 -1.5448866E-06
 -3.2099274E-06
 -4.9140508E-06
 -6.6404400E-06
 -8.3680006E-06
 -1.0070242E-05
 -1.1716831E-05
 -1.3274463E-05
 -1.4703489E-05
 -1.5956259E-05
 -1.6983620E-05
 -1.7743845E-05
 -1.8204541E-05
 -1.8339633E-05
 -1.8129223E-05
 -1.7561486E-05
 -1.6631810E-05
 -1.5342222E-05
 -1.3705414E-05
 -1.1747672E-05
 -9.5044179E-06
 -7.0145088E-06
 -4.3212294E-06
 -1.4746302E-06
  1.4722420E-06
  4.4667031E-06
  7.4512550E-06
  1.0358023E-05
  1.3113870E-05
  1.5649348E-05
  1.7899218E-05
  1.9799425E-05
  2.1291362E-05
  2.2328009E-05
 -1.5160583E-10
 -7.3202000E-10
 -1.8068655E-09
 -3.2356604E-09
 -4.8472941E-09
 -6.4751746E-09
 -7.9806499E-09
 -9.2347481E-09
 -1.0109595E-08
 -1.0509630E-08
 -1.0388443E-08
 -9.7190958E-09
 -8.4752871E-09
 -6.6602333E-09
 -4.3267621E-09
 -1.5500801E-09
  1.5911465E-09
  4.9889861E-09
  8.4957366E-09
  1.1965488E-08
  1.5280751E-08
  1.8321337E-08
  2.0944864E-08
  2.3025532E-08
  2.4477979E-08
  2.5214792E-08
  2.5117822E-08
  2.4088942E-08
  2.2103562E-08
  1.9188500E-08
  1.5385746E-08
  1.0776033E-08
  5.5056839E-09
 -2.5021674E-10
 -6.3266978E-09
 -1.2539848E-08
 -1.8651090E-08
 -2.4397950E-08
 -2.9538354E-08
 -3.3845353E-08
 -3.7105217E-08
 -3.9163499E-08
 -3.9944101E-08
 -3.9397118E-08
 -3.7474081E-08
 -3.4189522E-08
 -2.9657794E-08
 -2.4028896E-08
 -1.7439001E-08
 -1.0066929E-08
 -2.1803217E-09
  5.9318062E-09
  1.4024377E-08
  2.1845223E-08
  2.9081837E-08
  3.5430105E-08
  4.0674916E-08
  4.4650960E-08
  4.7185704E-08
  4.8153296E-08
  4.7536968E-08
  4.5376943E-08
  4.1716017E-08
  3.6663739E-08
  3.0448298E-08
  2.3326120E-08
  1.5498919E-08
  7.1894632E-09
 -1.2808483E-09
 -9.5830375E-09
 -1.7481995E-08
 -2.4764340E-08
 -3.1153704E-08
 -3.6406586E-08
 -4.0417088E-08
 -4.3122135E-08
 -4.4392785E-08
 -4.4147271E-08
 -4.2497540E-08
 -3.9665270E-08
 -3.5842181E-08
 -3.1263902E-08
 -2.6320887E-08
 -2.1434825E-08
 -1.6897438E-08
 -1.2964316E-08
 -9.9946327E-09
 -8.3214839E-09
 -8.0697955E-09
 -9.2522594E-09
 -1.1911396E-08
 -1.5968778E-08
 -2.1055872E-08
 -2.6703109E-08
 -3.2573638E-08
 -3.8305359E-08
 -4.3292090E-08
 -4.6893351E-08
 -4.8724459E-08
 -4.8481880E-08
 -4.5668543E-08
 -3.9820218E-08
 -3.0850856E-08
 -1.8862490E-08
 -3.8279673E-09
  1.4149992E-08
  3.4469494E-08
  5.6333256E-08
  7.9196198E-08
  1.0247091E-07
  1.2508482E-07
  1.4588835E-07
  1.6423211E-07
  1.7956879E-07
  1.9086522E-07
  1.9714962E-07
  1.9828096E-07
  1.9439024E-07
  1.8505230E-07
  1.6998644E-07
  1.5000208E-07
  1.2608822E-07
  9.8291167E-08
  6.6873511E-08
  3.3494047E-08
 -5.7193716E-10
 -3.5592315E-08
 -7.0231735E-08
 -1.0208727E-07
 -1.4229677E-07
 -2.3391937E-07
 -4.4782414E-07
 -8.5125083E-07
 -1.4801490E-06
 -2.3430466E-06
 -3.4425029E-06
 -4.7814747E-06
 -6.3520965E-06
 -8.1312955E-06
 -1.0087920E-05
 -1.2178062E-05
 -1.4322117E-05
 -1.6393018E-05
 -1.8237464E-05
 -1.9709427E-05
 -2.0684016E-05
 -2.1052734E-05
 -2.0721469E-05
 -1.9615130E-05
 -1.7679818E-05
 -1.4887966E-05
 -1.1255463E-05
 -6.8538884E-06
 -1.7942557E-06
  3.8024825E-06
  9.8081455E-06
  1.6062946E-05
  2.2369866E-05
  2.8526974E-05
  3.4355784E-05
  3.9689359E-05
  4.4349832E-05
  4.8162026E-05
  5.0988259E-05
  5.2731899E-05
  5.3307929E-05
  5.2634095E-05
  5.0664315E-05
  4.7418387E-05
  4.2967327E-05
  3.7400034E-05
  3.0818559E-05
  2.3359284E-05
  1.5201154E-05
  6.5501699E-06
 -2.3743760E-06
 -1.1338745E-05
 -2.0095729E-05
 -2.8400025E-05
 -3.6025063E-05
 -4.2768137E-05
 -4.8451533E-05
 -5.2930704E-05
 -5.6103887E-05
 -5.7912526E-05
 -5.8335958E-05
 -5.7390709E-05
 -5.5133467E-05
 -5.1658484E-05
 -4.7088848E-05
 -4.1570704E-05
 -3.5273690E-05
 -2.8389648E-05
 -2.1123076E-05
 -1.3678293E-05
 -6.2524468E-06
  9.6542044E-07
  7.7970681E-06
  1.4082962E-05
  1.9689902E-05
  2.4513305E-05
  2.8476876E-05
  3.1533742E-05
  3.3666867E-05
  3.4885699E-05
  3.5221932E-05
  3.4725068E-05
  3.3448920E-05
  3.1425738E-05
  2.8646577E-05
  2.5069123E-05
  2.0644313E-05
  1.5335158E-05
  9.1263882E-06
  2.0462630E-06
 -5.8063870E-06
 -1.4268275E-05
 -2.3152392E-05
 -3.2265274E-05
 -4.1368654E-05
 -5.0140618E-05
 -5.8197049E-05
 -6.5137792E-05
 -7.0543705E-05
 -7.3945244E-05
 -7.4851981E-05
 -7.2845294E-05
 -6.7631961E-05
 -5.9019614E-05
 -4.6907597E-05
 -3.1356387E-05
 -1.2643974E-05
  8.7944682E-06
  3.2477183E-05
  5.7890866E-05
  8.4411040E-05
  1.1126657E-04
  1.3760033E-04
  1.6252368E-04
  1.8509474E-04
  2.0429949E-04
  2.1912443E-04
  2.2867345E-04
  2.3222630E-04
  2.2923610E-04
  2.1933966E-04
  2.0240068E-04
  1.7853652E-04
  1.4810302E-04
  1.1166588E-04
  6.9986170E-05
  2.4020577E-05
 -2.5069075E-05
 -7.5913638E-05
 -1.2698004E-04
 -1.7667441E-04
 -2.2345420E-04
 -2.6589032E-04
 -3.0269189E-04
 -3.3274537E-04
 -3.5516443E-04
 -3.6929981E-04
 -3.7471124E-04
 -3.7116359E-04
 -3.5867069E-04
 -3.3752789E-04
 -3.0828619E-04
 -2.7169878E-04
 -2.2869295E-04
 -1.8036651E-04
 -1.2797263E-04
 -7.2880939E-05
 -1.6526625E-05
  3.9645165E-05
  9.4233998E-05
  1.4592444E-04
  1.9350939E-04
  2.3591224E-04
  2.7221290E-04
  3.0166359E-04
  3.2369548E-04
  3.3793863E-04
  3.4425300E-04
  3.4272936E-04
  3.3364829E-04
  3.1744747E-04
  2.9473423E-04
  2.6630226E-04
  2.3309109E-04
  1.9610535E-04
  1.5636350E-04
  1.1489702E-04
  7.2752548E-05
  3.0964336E-05
 -9.4840107E-06
 -4.7686241E-05
 -8.2839222E-05
 -1.1427866E-04
 -1.4150862E-04
 -1.6420474E-04
 -1.8219082E-04
 -1.9540098E-04
 -2.0384682E-04
 -2.0761749E-04
 -2.0691882E-04
 -2.0210445E-04
 -1.9364021E-04
 -1.8201896E-04
 -1.6771100E-04
 -1.5119136E-04
 -1.3298154E-04
 -1.1362984E-04
 -9.3648312E-05
 -7.3482850E-05
 -5.3536576E-05
 -3.4191093E-05
 -1.5785721E-05
  1.4153738E-06
  1.7223267E-05
  3.1498930E-05
  4.4143930E-05
  5.5118529E-05
  6.4454638E-05
  7.2235111E-05
  7.8552977E-05
  8.3488325E-05
  8.7118489E-05
  8.9539775E-05
  9.0870257E-05
  9.1229456E-05
  9.0716923E-05
  8.9408357E-05
  8.7365814E-05
  8.4647698E-05
  8.1311606E-05
  7.7412442E-05
  7.2998133E-05
  6.8103865E-05
  6.2748470E-05
  5.6937737E-05
  5.0674127E-05
  4.3967106E-05
  3.6839483E-05
  2.9329822E-05
  2.1493102E-05
  1.3400051E-05
  5.1336101E-06
 -3.2170174E-06
 -1.1559902E-05
 -1.9796222E-05
 -2.7810675E-05
 -3.5466608E-05
 -4.2613123E-05
 -4.9100396E-05
 -5.4794102E-05
 -5.9584621E-05
 -6.3391650E-05
 -6.6164364E-05
 -6.7877787E-05
 -6.8529363E-05
 -6.8138899E-05
 -6.6748660E-05
 -6.4419568E-05
 -6.1226092E-05
 -5.7254798E-05
 -5.2604551E-05
 -4.7383503E-05
 -4.1704079E-05
 -3.5680925E-05
 -2.9430837E-05
 -2.3069850E-05
 -1.6708307E-05
 -1.0449035E-05
 -4.3881100E-06
  1.3866311E-06
  6.7990022E-06
  1.1785120E-05
  1.6291720E-05
  2.0276861E-05
  2.3712511E-05
  2.6584119E-05
  2.8887433E-05
  3.0627642E-05
  3.1820866E-05
  3.2493688E-05
  3.2680975E-05
  3.2425665E-05
  3.1778669E-05
  3.0794181E-05
  2.9523429E-05
  2.8014041E-05
  2.6313481E-05
  2.4468465E-05
  2.2520409E-05
  2.0504678E-05
  1.8454099E-05
  1.6398462E-05
  1.4358486E-05
  1.2342924E-05
  1.0353067E-05
  8.3882233E-06
  6.4470642E-06
  4.5275547E-06
  2.6279586E-06
  7.4674017E-07
 -1.1184304E-06
 -2.9689368E-06
 -4.8018364E-06
 -6.6100474E-06
 -8.3852983E-06
 -1.0117732E-05
 -1.1792255E-05
 -1.3387861E-05
 -1.4880180E-05
 -1.6241369E-05
 -1.7437571E-05
 -1.8430634E-05
 -1.9184212E-05
 -1.9667135E-05
 -1.9852680E-05
 -1.9719482E-05
 -1.9254368E-05
 -1.8451647E-05
 -1.7310473E-05
 -1.5837841E-05
 -1.4055777E-05
 -1.2002678E-05
 -9.7270195E-06
 -7.2821040E-06
 -4.7250387E-06
 -2.1143674E-06
  4.9419759E-07
  3.0479951E-06
  5.4947782E-06
  7.7850254E-06
  9.8780429E-06
  1.1742832E-05
  1.3354303E-05
  1.4694201E-05
  1.5755761E-05
  1.6541358E-05
  1.7053957E-05
  1.7295386E-05
  1.7273274E-05
  1.7003558E-05
  1.6504158E-05
  1.5790974E-05
  1.4881251E-05
  1.3795341E-05
  1.2553075E-05
  1.1172790E-05
  9.6748909E-06
  8.0807513E-06
  6.4059686E-06
  4.6591413E-06
  2.8483714E-06
  9.8432974E-07
 -9.2288576E-07
 -2.8626282E-06
 -4.8168567E-06
 -6.7595802E-06
 -8.6643822E-06
 -1.0506586E-05
 -1.2256540E-05
 -1.3877011E-05
 -1.5329084E-05
 -1.6574984E-05
 -1.7574906E-05
 -1.8289760E-05
 -1.8690955E-05
 -1.8762003E-05
 -1.8489365E-05
 -1.7859573E-05
 -1.6868322E-05
 -1.5525568E-05
 -1.3849471E-05
 -1.1863210E-05
 -9.6006243E-06
 -7.1066306E-06
 -4.4274366E-06
 -1.6065337E-06
  1.3070264E-06
  4.2539423E-06
  7.1712393E-06
  9.9958997E-06
  1.2659439E-05
  1.5088392E-05
  1.7215800E-05
  1.8986400E-05
  2.0349031E-05
  2.1254033E-05
  2.1663520E-05
  2.1557062E-05
  2.0924364E-05
  1.9761608E-05
  1.8079239E-05
  1.5905087E-05
  1.3277151E-05
  1.0243902E-05
  6.8757863E-06
  3.2655971E-06
 -4.8808124E-07
 -4.2891966E-06
 -8.0348691E-06
 -1.1613021E-05
 -1.4917706E-05
 -1.7857132E-05
 -2.0342624E-05
 -2.2284699E-05
 -2.3610713E-05
 -2.4278499E-05
 -2.4268957E-05
  6.0960605E-11
  3.0123143E-10
  7.6488366E-10
  1.4089729E-09
  2.1597648E-09
  2.9270639E-09
  3.6202075E-09
  4.1436299E-09
  4.3910395E-09
  4.2649893E-09
  3.7037560E-09
  2.6810447E-09
  1.1888148E-09
 -7.5998408E-10
 -3.1101690E-09
 -5.7588330E-09
 -8.5728153E-09
 -1.1404735E-08
 -1.4099295E-08
 -1.6502430E-08
 -1.8470683E-08
 -1.9868198E-08
 -2.0562560E-08
 -2.0439753E-08
 -1.9427416E-08
 -1.7500993E-08
 -1.4676937E-08
 -1.1012958E-08
 -6.6101329E-09
 -1.6029960E-09
  3.8485979E-09
  9.5510408E-09
  1.5274676E-08
  2.0779533E-08
  2.5842100E-08
  3.0252366E-08
  3.3806689E-08
  3.6330963E-08
  3.7706563E-08
  3.7858669E-08
  3.6736758E-08
  3.4338253E-08
  3.0747437E-08
  2.6124098E-08
  2.0653927E-08
  1.4528053E-08
  7.9572153E-09
  1.1690062E-09
 -5.6149938E-09
 -1.2179593E-08
 -1.8301252E-08
 -2.3764631E-08
 -2.8398041E-08
 -3.2073771E-08
 -3.4682969E-08
 -3.6141145E-08
 -3.6415738E-08
 -3.5520266E-08
 -3.3487584E-08
 -3.0382306E-08
 -2.6336295E-08
 -2.1536634E-08
 -1.6176504E-08
 -1.0444722E-08
 -4.5522857E-09
  1.2751062E-09
  6.8362298E-09
  1.1956566E-08
  1.6461437E-08
  2.0192179E-08
  2.3052833E-08
  2.5007317E-08
  2.6038872E-08
  2.6155476E-08
  2.5426836E-08
  2.3962743E-08
  2.1849518E-08
  1.9144768E-08
  1.5918353E-08
  1.2238900E-08
  8.1245979E-09
  3.5673180E-09
 -1.3973858E-09
 -6.7040231E-09
 -1.2331722E-08
 -1.8293882E-08
 -2.4556524E-08
 -3.1039285E-08
 -3.7687833E-08
 -4.4450505E-08
 -5.1168598E-08
 -5.7572535E-08
 -6.3397437E-08
 -6.8418110E-08
 -7.2366426E-08
 -7.4919640E-08
 -7.5798283E-08
 -7.4788680E-08
 -7.1658825E-08
 -6.6160169E-08
 -5.8140444E-08
 -4.7562850E-08
 -3.4414089E-08
 -1.8726709E-08
 -7.2589046E-10
  1.9160968E-08
  4.0455511E-08
  6.2654749E-08
  8.5096012E-08
  1.0696767E-07
  1.2750928E-07
  1.4606320E-07
  1.6191657E-07
  1.7429784E-07
  1.8260725E-07
  1.8649337E-07
  1.8567884E-07
  1.7994178E-07
  1.6934722E-07
  1.5427943E-07
  1.3517014E-07
  1.1242599E-07
  8.6684992E-08
  5.8850773E-08
  2.9753998E-08
  5.0874860E-11
 -2.9463930E-08
 -5.7804776E-08
 -8.4205155E-08
 -1.0823162E-07
 -1.2936454E-07
 -1.4690274E-07
 -1.6047099E-07
 -1.7015286E-07
 -1.7591771E-07
 -1.7746568E-07
 -1.7488635E-07
 -1.6882341E-07
 -1.5967515E-07
 -1.4737786E-07
 -1.3233065E-07
 -1.1559396E-07
 -9.7723202E-08
 -7.8587661E-08
 -5.8820561E-08
 -3.9648086E-08
 -2.0808425E-08
 -3.1827589E-09
  7.0874062E-10
 -4.1154255E-08
 -1.7235092E-07
 -4.2879691E-07
 -8.2775887E-07
 -1.3739224E-06
 -2.0696930E-06
 -2.9156458E-06
 -3.9049673E-06
 -5.0226731E-06
 -6.2474251E-06
 -7.5459893E-06
 -8.8625384E-06
 -1.0116802E-05
 -1.1216487E-05
 -1.2073393E-05
 -1.2611612E-05
 -1.2767367E-05
 -1.2486154E-05
 -1.1721799E-05
 -1.0441216E-05
 -8.6351483E-06
 -6.3259658E-06
 -3.5619187E-06
 -4.0293298E-07
  3.0838153E-06
  6.8136096E-06
  1.0677801E-05
  1.4556223E-05
  1.8334920E-05
  2.1906964E-05
  2.5160669E-05
  2.7979648E-05
  3.0259840E-05
  3.1920441E-05
  3.2894830E-05
  3.3119901E-05
  3.2545686E-05
  3.1155512E-05
  2.8969853E-05
  2.6030590E-05
  2.2389058E-05
  1.8111969E-05
  1.3292030E-05
  8.0468290E-06
  2.5098734E-06
 -3.1736731E-06
 -8.8474735E-06
 -1.4350723E-05
 -1.9530878E-05
 -2.4251720E-05
 -2.8392875E-05
 -3.1848478E-05
 -3.4530545E-05
 -3.6373262E-05
 -3.7333961E-05
 -3.7393420E-05
 -3.6558176E-05
 -3.4861798E-05
 -3.2362292E-05
 -2.9138806E-05
 -2.5290838E-05
 -2.0936210E-05
 -1.6203501E-05
 -1.1223103E-05
 -6.1247601E-06
 -1.0406284E-06
  3.8954822E-06
  8.5563943E-06
  1.2829858E-05
  1.6619830E-05
  1.9845094E-05
  2.2443415E-05
  2.4378556E-05
  2.5638961E-05
  2.6226873E-05
  2.6151920E-05
  2.5438047E-05
  2.4131021E-05
  2.2291042E-05
  1.9980816E-05
  1.7270173E-05
  1.4244100E-05
  1.0973376E-05
  7.4521213E-06
  3.5794656E-06
 -7.5953949E-07
 -5.5804139E-06
 -1.0776850E-05
 -1.6203569E-05
 -2.1746098E-05
 -2.7298551E-05
 -3.2718395E-05
 -3.7846348E-05
 -4.2541913E-05
 -4.6633017E-05
 -4.9823524E-05
 -5.1713487E-05
 -5.1954357E-05
 -5.0365838E-05
 -4.6891131E-05
 -4.1496191E-05
 -3.4174991E-05
 -2.5032019E-05
 -1.4291792E-05
 -2.2199965E-06
  1.0910198E-05
  2.4763278E-05
  3.8923874E-05
  5.2993986E-05
  6.6685781E-05
  7.9770107E-05
  9.1940077E-05
  1.0276442E-04
  1.1177338E-04
  1.1855594E-04
  1.2277963E-04
  1.2417859E-04
  1.2257314E-04
  1.1789311E-04
  1.1015050E-04
  9.9383120E-05
  8.5640691E-05
  6.9035865E-05
  4.9813381E-05
  2.8383562E-05
  5.3045660E-06
 -1.8770945E-05
 -4.3158812E-05
 -6.7193272E-05
 -9.0254733E-05
 -1.1177999E-04
 -1.3126104E-04
 -1.4823806E-04
 -1.6229981E-04
 -1.7310274E-04
 -1.8039549E-04
 -1.8402140E-04
 -1.8389824E-04
 -1.8000542E-04
 -1.7239370E-04
 -1.6119533E-04
 -1.4661536E-04
 -1.2892243E-04
 -1.0845918E-04
 -8.5652398E-05
 -6.0992978E-05
 -3.4998433E-05
 -8.1973267E-06
  1.8859113E-05
  4.5591070E-05
  7.1406663E-05
  9.5723204E-05
  1.1798179E-04
  1.3766895E-04
  1.5434921E-04
  1.6768434E-04
  1.7742360E-04
  1.8338727E-04
  1.8547018E-04
  1.8365851E-04
  1.7803804E-04
  1.6879353E-04
  1.5621001E-04
  1.4066641E-04
  1.2260575E-04
  1.0249607E-04
  8.0817947E-05
  5.8084537E-05
  3.4856690E-05
  1.1721368E-05
 -1.0754869E-05
 -3.2063661E-05
 -5.1769450E-05
 -6.9509813E-05
 -8.4991880E-05
 -9.7988515E-05
 -1.0833737E-04
 -1.1594470E-04
 -1.2078998E-04
 -1.2292792E-04
 -1.2248970E-04
 -1.1968060E-04
 -1.1476195E-04
 -1.0801775E-04
 -9.9733938E-05
 -9.0214482E-05
 -7.9810605E-05
 -6.8909510E-05
 -5.7871817E-05
 -4.6974805E-05
 -3.6416754E-05
 -2.6362828E-05
 -1.6967766E-05
 -8.3546311E-06
 -5.9263039E-07
  6.2918589E-06
  1.2295717E-05
  1.7449334E-05
  2.1843898E-05
  2.5627971E-05
  2.8960565E-05
  3.1962540E-05
  3.4708333E-05
  3.7251211E-05
  3.9642528E-05
  4.1922049E-05
  4.4094279E-05
  4.6121666E-05
  4.7946272E-05
  4.9518407E-05
  5.0800882E-05
  5.1746796E-05
  5.2283904E-05
  5.2330844E-05
  5.1825456E-05
  5.0726900E-05
  4.8992173E-05
  4.6567395E-05
  4.3412714E-05
  3.9528986E-05
  3.4952682E-05
  2.9734594E-05
  2.3939279E-05
  1.7664501E-05
  1.1046070E-05
  4.2361044E-06
 -2.6175803E-06
 -9.3681765E-06
 -1.5855956E-05
 -2.1907188E-05
 -2.7346847E-05
 -3.2012700E-05
 -3.5768462E-05
 -3.8519254E-05
 -4.0222360E-05
 -4.0883486E-05
 -4.0543597E-05
 -3.9270344E-05
 -3.7157279E-05
 -3.4321809E-05
 -3.0897725E-05
 -2.7027621E-05
 -2.2858867E-05
 -1.8539673E-05
 -1.4212548E-05
 -1.0007660E-05
 -6.0386483E-06
 -2.4003257E-06
  8.3222676E-07
  3.6027891E-06
  5.8727901E-06
  7.6216525E-06
  8.8473162E-06
  9.5645191E-06
  9.8022101E-06
  9.6027161E-06
  9.0206559E-06
  8.1177286E-06
  6.9553853E-06
  5.5916953E-06
  4.0836908E-06
  2.4898532E-06
  8.6898444E-07
 -7.2271962E-07
 -2.2338950E-06
 -3.6196811E-06
 -4.8428974E-06
 -5.8736096E-06
 -6.6876673E-06
 -7.2662465E-06
 -7.5963426E-06
 -7.6707938E-06
 -7.4887212E-06
 -7.0578931E-06
 -6.3964440E-06
 -5.5301530E-06
 -4.4873686E-06
 -3.2975331E-06
 -1.9937697E-06
 -6.1388209E-07
  8.0256621E-07
  2.2169977E-06
  3.5917490E-06
  4.8899742E-06
  6.0774264E-06
  7.1234099E-06
  7.9992733E-06
  8.6774944E-06
  9.1337733E-06
  9.3500212E-06
  9.3159333E-06
  9.0299736E-06
  8.5003003E-06
  7.7439845E-06
  6.7847004E-06
  5.6518875E-06
  4.3819587E-06
  3.0183169E-06
  1.6088711E-06
  2.0354059E-07
 -1.1473562E-06
 -2.3959010E-06
 -3.4999639E-06
 -4.4234448E-06
 -5.1338216E-06
 -5.6024855E-06
 -5.8092701E-06
 -5.7456555E-06
 -5.4134548E-06
 -4.8226871E-06
 -3.9913907E-06
 -2.9445173E-06
 -1.7107564E-06
 -3.2179992E-07
  1.1840607E-06
  2.7594501E-06
  4.3504601E-06
  5.9003833E-06
  7.3508099E-06
  8.6429591E-06
  9.7218572E-06
  1.0539586E-05
  1.1054601E-05
  1.1231178E-05
  1.1042735E-05
  1.0475403E-05
  9.5274218E-06
  8.2067172E-06
  6.5306504E-06
  4.5272172E-06
  2.2361924E-06
 -2.8865543E-07
 -2.9778537E-06
 -5.7500729E-06
 -8.5204611E-06
 -1.1204997E-05
 -1.3718620E-05
 -1.5975605E-05
 -1.7896156E-05
 -1.9410934E-05
 -2.0458489E-05
 -2.0984487E-05
 -2.0950136E-05
 -2.0341546E-05
 -1.9169451E-05
 -1.7463013E-05
 -1.5266851E-05
 -1.2640050E-05
 -9.6519834E-06
 -6.3783455E-06
 -2.9019548E-06
  6.8700001E-07
  4.2967677E-06
  7.8396570E-06
  1.1230770E-05
  1.4386446E-05
  1.7230625E-05
  1.9702795E-05
  2.1757307E-05
  2.3357559E-05
  2.4474642E-05
  2.5089235E-05
  2.5191126E-05
 -5.4097482E-12
 -5.5693339E-11
 -2.3633895E-10
 -6.4064909E-10
 -1.3414595E-09
 -2.3801345E-09
 -3.7511021E-09
 -5.4024980E-09
 -7.2495712E-09
 -9.1778691E-09
 -1.1037351E-08
 -1.2654972E-08
 -1.3867353E-08
 -1.4537187E-08
 -1.4539734E-08
 -1.3756702E-08
 -1.2103887E-08
 -9.5614627E-09
 -6.1712546E-09
 -2.0200579E-09
  2.7567770E-09
  7.9660145E-09
  1.3375868E-08
  1.8751750E-08
  2.3867470E-08
  2.8490799E-08
  3.2379688E-08
  3.5301820E-08
  3.7056914E-08
  3.7492619E-08
  3.6523861E-08
  3.4150819E-08
  3.0456420E-08
  2.5584296E-08
  1.9717145E-08
  1.3063381E-08
  5.8473155E-09
 -1.6933042E-09
 -9.2994483E-09
 -1.6690203E-08
 -2.3585093E-08
 -2.9733162E-08
 -3.4923765E-08
 -3.8983554E-08
 -4.1778481E-08
 -4.3218613E-08
 -4.3254694E-08
 -4.1875889E-08
 -3.9120916E-08
 -3.5088846E-08
 -2.9932870E-08
 -2.3847573E-08
 -1.7063590E-08
 -9.8378408E-09
 -2.4305375E-09
  4.9090523E-09
  1.1934228E-08
  1.8398037E-08
  2.4079331E-08
  2.8810149E-08
  3.2472769E-08
  3.4987195E-08
  3.6320699E-08
  3.6500435E-08
  3.5596937E-08
  3.3697905E-08
  3.0908801E-08
  2.7366376E-08
  2.3229857E-08
  1.8660849E-08
  1.3823851E-08
  8.8949754E-09
  4.0478882E-09
 -5.6827432E-10
 -4.8263593E-09
 -8.6104803E-09
 -1.1834210E-08
 -1.4473324E-08
 -1.6570473E-08
 -1.8214259E-08
 -1.9526359E-08
 -2.0657335E-08
 -2.1771273E-08
 -2.3030001E-08
 -2.4595355E-08
 -2.6629744E-08
 -2.9272829E-08
 -3.2617493E-08
 -3.6707547E-08
 -4.1528327E-08
 -4.6969252E-08
 -5.2805142E-08
 -5.8736600E-08
 -6.4441544E-08
 -6.9575137E-08
 -7.3746861E-08
 -7.6539614E-08
 -7.7557488E-08
 -7.6444067E-08
 -7.2875110E-08
 -6.6572795E-08
 -5.7340856E-08
 -4.5087027E-08
 -2.9838326E-08
 -1.1769082E-08
  8.7820364E-09
  3.1332387E-08
  5.5284758E-08
  7.9936171E-08
  1.0449453E-07
  1.2812828E-07
  1.5001149E-07
  1.6933394E-07
  1.8531561E-07
  1.9726016E-07
  2.0461152E-07
  2.0697898E-07
  2.0415425E-07
  1.9613285E-07
  1.8310551E-07
  1.6541922E-07
  1.4355942E-07
  1.1815395E-07
  8.9943015E-08
  5.9723092E-08
  2.8327435E-08
 -3.3755363E-09
 -3.4534224E-08
 -6.4376664E-08
 -9.2199386E-08
 -1.1734002E-07
 -1.3923542E-07
 -1.5748537E-07
 -1.7180049E-07
 -1.8194311E-07
 -1.8780797E-07
 -1.8949657E-07
 -1.8720496E-07
 -1.8111679E-07
 -1.7152249E-07
 -1.5891627E-07
 -1.4380518E-07
 -1.2656155E-07
 -1.0764441E-07
 -8.7741761E-08
 -6.7430605E-08
 -4.6978229E-08
 -2.6791149E-08
 -7.6158742E-09
  1.0149670E-08
  2.6655302E-08
  4.1481805E-08
  5.3612407E-08
  6.3673724E-08
  7.2794450E-08
  7.2227294E-08
  3.1058548E-08
 -1.0101637E-07
 -3.7237217E-07
 -8.0960842E-07
 -1.4187823E-06
 -2.2003499E-06
 -3.1552036E-06
 -4.2774609E-06
 -5.5506562E-06
 -6.9533485E-06
 -8.4577332E-06
 -1.0012600E-05
 -1.1531148E-05
 -1.2905367E-05
 -1.4034488E-05
 -1.4836829E-05
 -1.5240401E-05
 -1.5176298E-05
 -1.4587169E-05
 -1.3435753E-05
 -1.1702608E-05
 -9.3859098E-06
 -6.5129834E-06
 -3.1469172E-06
  6.2787876E-07
  4.7245444E-06
  9.0504209E-06
  1.3489566E-05
  1.7903985E-05
  2.2158303E-05
  2.6135456E-05
  2.9725679E-05
  3.2813798E-05
  3.5290119E-05
  3.7068690E-05
  3.8084061E-05
  3.8275273E-05
  3.7589558E-05
  3.6006601E-05
  3.3548946E-05
  3.0263949E-05
  2.6205285E-05
  2.1439313E-05
  1.6060965E-05
  1.0192549E-05
  3.9704591E-06
 -2.4576734E-06
 -8.9265068E-06
 -1.5258272E-05
 -2.1282136E-05
 -2.6846397E-05
 -3.1814227E-05
 -3.6059038E-05
 -3.9471797E-05
 -4.1969892E-05
 -4.3495820E-05
 -4.4012701E-05
 -4.3507571E-05
 -4.1997606E-05
 -3.9529223E-05
 -3.6173049E-05
 -3.2023403E-05
 -2.7199192E-05
 -2.1837310E-05
 -1.6081396E-05
 -1.0077032E-05
 -3.9744809E-06
  2.0711946E-06
  7.9075944E-06
  1.3393418E-05
  1.8401654E-05
  2.2820532E-05
  2.6558111E-05
  2.9549052E-05
  3.1755328E-05
  3.3157499E-05
  3.3746619E-05
  3.3529534E-05
  3.2540771E-05
  3.0838561E-05
  2.8485169E-05
  2.5545070E-05
  2.2109616E-05
  1.8290502E-05
  1.4138446E-05
  9.5664600E-06
  4.4111302E-06
 -1.3886383E-06
 -7.6964152E-06
 -1.4284151E-05
 -2.0987405E-05
 -2.7701328E-05
 -3.4268145E-05
 -4.0474835E-05
 -4.6170502E-05
 -5.1267136E-05
 -5.5549222E-05
 -5.8565012E-05
 -5.9818733E-05
 -5.9051777E-05
 -5.6257624E-05
 -5.1467174E-05
 -4.4661032E-05
 -3.5914367E-05
 -2.5485813E-05
 -1.3675686E-05
 -6.9404996E-07
  1.3219975E-05
  2.7617330E-05
  4.1924097E-05
  5.5710654E-05
  6.8763606E-05
  8.0878992E-05
  9.1710543E-05
  1.0088157E-04
  1.0813808E-04
  1.1329097E-04
  1.1608120E-04
  1.1624167E-04
  1.1369945E-04
  1.0861640E-04
  1.0120103E-04
  9.1552909E-05
  7.9721292E-05
  6.5841195E-05
  5.0154784E-05
  3.2955846E-05
  1.4597121E-05
 -4.4578846E-06
 -2.3666482E-05
 -4.2525458E-05
 -6.0644699E-05
 -7.7715056E-05
 -9.3454262E-05
 -1.0760787E-04
 -1.1997145E-04
 -1.3037917E-04
 -1.3868022E-04
 -1.4474863E-04
 -1.4850909E-04
 -1.4993237E-04
 -1.4900435E-04
 -1.4571440E-04
 -1.4007624E-04
 -1.3214821E-04
 -1.2202853E-04
 -1.0983941E-04
 -9.5722899E-05
 -7.9851394E-05
 -6.2440529E-05
 -4.3753447E-05
 -2.4094952E-05
 -3.8034668E-06
  1.6750470E-05
  3.7165602E-05
  5.7029189E-05
  7.5953139E-05
  9.3596653E-05
  1.0965332E-04
  1.2382487E-04
  1.3582036E-04
  1.4538356E-04
  1.5231605E-04
  1.5648035E-04
  1.5779982E-04
  1.5626727E-04
  1.5194634E-04
  1.4495252E-04
  1.3543051E-04
  1.2355276E-04
  1.0953849E-04
  9.3673654E-05
  7.6316603E-05
  5.7884783E-05
  3.8823098E-05
  1.9566534E-05
  5.1997631E-07
 -1.7936323E-05
 -3.5435674E-05
 -5.1630966E-05
 -6.6213281E-05
 -7.8924728E-05
 -8.9564201E-05
 -9.7997232E-05
 -1.0416676E-04
 -1.0808891E-04
 -1.0983443E-04
 -1.0951504E-04
 -1.0728565E-04
 -1.0335162E-04
 -9.7967677E-05
 -9.1424990E-05
 -8.4025305E-05
 -7.6045231E-05
 -6.7709472E-05
 -5.9195670E-05
 -5.0663766E-05
 -4.2273605E-05
 -3.4170847E-05
 -2.6463164E-05
 -1.9214527E-05
 -1.2452254E-05
 -6.1666906E-06
 -3.0854699E-07
  5.1948455E-06
  1.0407425E-05
  1.5365069E-05
  2.0082278E-05
  2.4567165E-05
  2.8826777E-05
  3.2865864E-05
  3.6685207E-05
  4.0273739E-05
  4.3595628E-05
  4.6591329E-05
  4.9200888E-05
  5.1383809E-05
  5.3108481E-05
  5.4326858E-05
  5.4973450E-05
  5.4990967E-05
  5.4343222E-05
  5.2997129E-05
  5.0907365E-05
  4.8035094E-05
  4.4377335E-05
  3.9965307E-05
  3.4840221E-05
  2.9052415E-05
  2.2691616E-05
  1.5903277E-05
  8.8640390E-06
  1.7496641E-06
 -5.2646828E-06
 -1.1985408E-05
 -1.8202260E-05
 -2.3713397E-05
 -2.8343642E-05
 -3.1947224E-05
 -3.4415913E-05
 -3.5698089E-05
 -3.5805922E-05
 -3.4799534E-05
 -3.2768949E-05
 -2.9832157E-05
 -2.6137690E-05
 -2.1854212E-05
 -1.7153790E-05
 -1.2204961E-05
 -7.1734739E-06
 -2.2176509E-06
  2.5210738E-06
  6.9209586E-06
  1.0875392E-05
  1.4291827E-05
  1.7098133E-05
  1.9248499E-05
  2.0722578E-05
  2.1520207E-05
  2.1656278E-05
  2.1157699E-05
  2.0063071E-05
  1.8423843E-05
  1.6302994E-05
  1.3769974E-05
  1.0896580E-05
  7.7574223E-06
  4.4309236E-06
  9.9533281E-07
 -2.4782435E-06
 -5.9296021E-06
 -9.3088238E-06
 -1.2574609E-05
 -1.5692680E-05
 -1.8632974E-05
 -2.1366508E-05
 -2.3864101E-05
 -2.6096788E-05
 -2.8036531E-05
 -2.9657109E-05
 -3.0934571E-05
 -3.1845299E-05
 -3.2362637E-05
 -3.2456988E-05
 -3.2101183E-05
 -3.1276468E-05
 -2.9974482E-05
 -2.8196679E-05
 -2.5953954E-05
 -2.3265897E-05
 -2.0159172E-05
 -1.6667727E-05
 -1.2835424E-05
 -8.7169083E-06
 -4.3744085E-06
  1.2578403E-07
  4.7140079E-06
  9.3176059E-06
  1.3862988E-05
  1.8276318E-05
  2.2481187E-05
  2.6397542E-05
  2.9944833E-05
  3.3045693E-05
  3.5626952E-05
  3.7621074E-05
  3.8970491E-05
  3.9630977E-05
  3.9571365E-05
  3.8773553E-05
  3.7235353E-05
  3.4971450E-05
  3.2009848E-05
  2.8390430E-05
  2.4170780E-05
  1.9432689E-05
  1.4280544E-05
  8.8340112E-06
  3.2228909E-06
 -2.4154024E-06
 -7.9402544E-06
 -1.3213275E-05
 -1.8100682E-05
 -2.2474083E-05
 -2.6214111E-05
 -2.9216404E-05
 -3.1397052E-05
 -3.2698263E-05
 -3.3094861E-05
 -3.2597090E-05
 -3.1246258E-05
 -2.9107614E-05
 -2.6265767E-05
 -2.2820826E-05
 -1.8882425E-05
 -1.4565256E-05
 -9.9897570E-06
 -5.2832465E-06
 -5.7571469E-07
  4.0071836E-06
  8.3492678E-06
  1.2348986E-05
  1.5926344E-05
  1.9025076E-05
  2.1604767E-05
  2.3630701E-05
  2.5073095E-05
  2.5914494E-05
  2.6154423E-05
  2.5806978E-05
  2.4896019E-05
  2.3451119E-05
  2.1503149E-05
  1.9080240E-05
  1.6207703E-05
  1.2913166E-05
  2.1921988E-10
  1.0699185E-09
  2.6863103E-09
  4.9349094E-09
  7.6449167E-09
  1.0607411E-08
  1.3597418E-08
  1.6400818E-08
  1.8819820E-08
  2.0667947E-08
  2.1779551E-08
  2.2027283E-08
  2.1325340E-08
  1.9623451E-08
  1.6911645E-08
  1.3230959E-08
  8.6702698E-09
  3.3521008E-09
 -2.5741396E-09
 -8.9318348E-09
 -1.5523609E-08
 -2.2142871E-08
 -2.8579542E-08
 -3.4624065E-08
 -4.0078447E-08
 -4.4766121E-08
 -4.8531032E-08
 -5.1237208E-08
 -5.2780312E-08
 -5.3098198E-08
 -5.2166655E-08
 -4.9993464E-08
 -4.6625381E-08
 -4.2153111E-08
 -3.6697298E-08
 -3.0391980E-08
 -2.3387162E-08
 -1.5856731E-08
 -7.9884153E-09
  3.3001157E-11
  8.0260198E-09
  1.5806382E-08
  2.3197694E-08
  3.0048923E-08
  3.6234233E-08
  4.1642622E-08
  4.6180986E-08
  4.9784898E-08
  5.2415896E-08
  5.4052030E-08
  5.4692119E-08
  5.4365785E-08
  5.3128225E-08
  5.1047330E-08
  4.8203219E-08
  4.4692460E-08
  4.0619302E-08
  3.6085446E-08
  3.1196503E-08
  2.6069774E-08
  2.0821730E-08
  1.5552208E-08
  1.0350739E-08
  5.3083573E-09
  5.0669247E-10
 -3.9990127E-09
 -8.1703710E-09
 -1.1963955E-08
 -1.5334429E-08
 -1.8256744E-08
 -2.0732028E-08
 -2.2775234E-08
 -2.4409442E-08
 -2.5666694E-08
 -2.6579464E-08
 -2.7174101E-08
 -2.7486124E-08
 -2.7582304E-08
 -2.7563459E-08
 -2.7554981E-08
 -2.7700374E-08
 -2.8144983E-08
 -2.9004717E-08
 -3.0353675E-08
 -3.2247151E-08
 -3.4737365E-08
 -3.7850619E-08
 -4.1563659E-08
 -4.5811952E-08
 -5.0489724E-08
 -5.5410688E-08
 -6.0286695E-08
 -6.4776806E-08
 -6.8548928E-08
 -7.1277043E-08
 -7.2610348E-08
 -7.2193245E-08
 -6.9714147E-08
 -6.4910893E-08
 -5.7550629E-08
 -4.7451564E-08
 -3.4530046E-08
 -1.8810699E-08
 -4.1970694E-10
  2.0381993E-08
  4.3161990E-08
  6.7347756E-08
  9.2288239E-08
  1.1725982E-07
  1.4144602E-07
  1.6398127E-07
  1.8403203E-07
  2.0081738E-07
  2.1358859E-07
  2.2167166E-07
  2.2456162E-07
  2.2196048E-07
  2.1375064E-07
  1.9999638E-07
  1.8097772E-07
  1.5717242E-07
  1.2919297E-07
  9.7768151E-08
  6.3759970E-08
  2.8123637E-08
 -8.1761939E-09
 -4.4192483E-08
 -7.8976839E-08
 -1.1161666E-07
 -1.4131416E-07
 -1.6739816E-07
 -1.8928372E-07
 -2.0649580E-07
 -2.1874131E-07
 -2.2590486E-07
 -2.2798005E-07
 -2.2506809E-07
 -2.1743568E-07
 -2.0549645E-07
 -1.8972264E-07
 -1.7062891E-07
 -1.4882484E-07
 -1.2499284E-07
 -9.9797234E-08
 -7.3873153E-08
 -4.7884043E-08
 -2.2489488E-08
  1.7594246E-09
  2.4421238E-08
  4.5076739E-08
  6.3344622E-08
  7.8988919E-08
  9.1911346E-08
  1.0203633E-07
  1.0931304E-07
  1.1383338E-07
  1.1582392E-07
  1.1550199E-07
  1.1305328E-07
  1.0875186E-07
  1.0295635E-07
  9.5960345E-08
  8.7980006E-08
  7.9300733E-08
  7.0273799E-08
  6.1137328E-08
  5.2002648E-08
  4.3040956E-08
  3.4495095E-08
  2.6470204E-08
  1.8918101E-08
  1.1876969E-08
  5.5047682E-09
 -1.7805668E-10
 -5.3284404E-09
 -9.9957695E-09
 -1.4069571E-08
 -1.7581753E-08
 -2.0746457E-08
 -2.3618302E-08
 -2.6063608E-08
 -2.8119739E-08
 -2.9946399E-08
 -3.1489819E-08
 -3.2842870E-08
 -3.4202877E-08
 -3.2322330E-08
 -1.4041731E-08
  4.6158249E-08
  1.7915647E-07
  4.0990605E-07
  7.5284663E-07
  1.2164253E-06
  1.8074830E-06
  2.5285681E-06
  3.3735982E-06
  4.3296932E-06
  5.3810054E-06
  6.5038362E-06
  7.6543556E-06
  8.7642584E-06
  9.7529446E-06
  1.0544473E-05
  1.1072351E-05
  1.1272970E-05
  1.1083699E-05
  1.0452819E-05
  9.3496828E-06
  7.7624563E-06
  5.6884455E-06
  3.1323875E-06
  1.1718976E-07
 -3.3040651E-06
 -7.0458045E-06
 -1.0995685E-05
 -1.5020569E-05
 -1.8971225E-05
 -2.2690474E-05
 -2.6025820E-05
 -2.8840248E-05
 -3.1014908E-05
 -3.2445630E-05
 -3.3041702E-05
 -3.2732674E-05
 -3.1480340E-05
 -2.9287752E-05
 -2.6200130E-05
 -2.2299211E-05
 -1.7695733E-05
 -1.2522491E-05
 -6.9276648E-06
 -1.0683743E-06
  4.8944007E-06
  1.0799284E-05
  1.6487624E-05
  2.1807351E-05
  2.6617296E-05
  3.0791358E-05
  3.4222106E-05
  3.6823312E-05
  3.8531369E-05
  3.9306433E-05
  3.9133836E-05
  3.8024496E-05
  3.6013127E-05
  3.3155658E-05
  2.9527859E-05
  2.5224461E-05
  2.0356645E-05
  1.5048399E-05
  9.4336392E-06
  3.6531392E-06
 -2.1507894E-06
 -7.8398107E-06
 -1.3281140E-05
 -1.8346514E-05
 -2.2914208E-05
 -2.6874495E-05
 -3.0132771E-05
 -3.2609023E-05
 -3.4239798E-05
 -3.4984885E-05
 -3.4831493E-05
 -3.3791232E-05
 -3.1896343E-05
 -2.9201798E-05
 -2.5788382E-05
 -2.1759328E-05
 -1.7233962E-05
 -1.2346052E-05
 -7.2439107E-06
 -2.0825091E-06
  2.9929502E-06
  7.8623034E-06
  1.2437269E-05
  1.6660126E-05
  2.0497748E-05
  2.3936693E-05
  2.6983842E-05
  2.9665154E-05
  3.2007629E-05
  3.4010285E-05
  3.5636986E-05
  3.6845104E-05
  3.7610764E-05
  3.7907372E-05
  3.7662183E-05
  3.6756479E-05
  3.5074037E-05
  3.2527685E-05
  2.9028848E-05
  2.4462181E-05
  1.8728597E-05
  1.1814915E-05
  3.8031321E-06
 -5.1778393E-06
 -1.4971229E-05
 -2.5348050E-05
 -3.5965466E-05
 -4.6386351E-05
 -5.6130335E-05
 -6.4705077E-05
 -7.1628812E-05
 -7.6478434E-05
 -7.8942612E-05
 -7.8832345E-05
 -7.6056800E-05
 -7.0618094E-05
 -6.2638552E-05
 -5.2378738E-05
 -4.0225568E-05
 -2.6680613E-05
 -1.2363631E-05
  2.0102361E-06
  1.5713720E-05
  2.8110091E-05
  3.8703212E-05
  4.7125301E-05
  5.3117299E-05
  5.6536843E-05
  5.7369361E-05
  5.5713572E-05
  5.1759012E-05
  4.5787634E-05
  3.8189835E-05
  2.9454928E-05
  2.0123367E-05
  1.0731155E-05
  1.7778239E-06
 -6.2816234E-06
 -1.3036790E-05
 -1.8124540E-05
 -2.1241285E-05
 -2.2169801E-05
 -2.0808709E-05
 -1.7179142E-05
 -1.1403488E-05
 -3.6839847E-06
  5.6985859E-06
  1.6384667E-05
  2.7956063E-05
  3.9956009E-05
  5.1877752E-05
  6.3144049E-05
  7.3134877E-05
  8.1265949E-05
  8.7049440E-05
  9.0092602E-05
  9.0075715E-05
  8.6766660E-05
  8.0058555E-05
  6.9980735E-05
  5.6685822E-05
  4.0457460E-05
  2.1737513E-05
  1.1175107E-06
 -2.0723694E-05
 -4.3080781E-05
 -6.5233944E-05
 -8.6440370E-05
 -1.0595784E-04
 -1.2309644E-04
 -1.3725486E-04
 -1.4793243E-04
 -1.5474811E-04
 -1.5747559E-04
 -1.5606073E-04
 -1.5059850E-04
 -1.4129412E-04
 -1.2844669E-04
 -1.1245719E-04
 -9.3832299E-05
 -7.3164883E-05
 -5.1098061E-05
 -2.8288479E-05
 -5.3770782E-06
  1.7030467E-05
  3.8373688E-05
  5.8140889E-05
  7.5872522E-05
  9.1169866E-05
  1.0371109E-04
  1.1327224E-04
  1.1974359E-04
  1.2312895E-04
  1.2352451E-04
  1.2109186E-04
  1.1604481E-04
  1.0865376E-04
  9.9251272E-05
  8.8224922E-05
  7.6000935E-05
  6.3028259E-05
  4.9761453E-05
  3.6636367E-05
  2.4045556E-05
  1.2328353E-05
  1.7740476E-06
 -7.3826895E-06
 -1.4984967E-05
 -2.0977062E-05
 -2.5401449E-05
 -2.8367564E-05
 -3.0016223E-05
 -3.0502264E-05
 -2.9997947E-05
 -2.8704286E-05
 -2.6856067E-05
 -2.4713718E-05
 -2.2543783E-05
 -2.0593372E-05
 -1.9063213E-05
 -1.8087299E-05
 -1.7732958E-05
 -1.8024970E-05
 -1.8969644E-05
 -2.0546224E-05
 -2.2669621E-05
 -2.5169578E-05
 -2.7818080E-05
 -3.0384066E-05
 -3.2674558E-05
 -3.4550518E-05
 -3.5925706E-05
 -3.6742917E-05
 -3.6925656E-05
 -3.6344998E-05
 -3.4851775E-05
 -3.2358781E-05
 -2.8894785E-05
 -2.4583867E-05
 -1.9586661E-05
 -1.4059982E-05
 -8.1399812E-06
 -1.9279832E-06
  4.5096222E-06
  1.1102696E-05
  1.7721903E-05
  2.4164139E-05
  3.0196701E-05
  3.5613841E-05
  4.0256426E-05
  4.3997275E-05
  4.6727138E-05
  4.8359907E-05
  4.8848542E-05
  4.8197173E-05
  4.6461795E-05
  4.3737597E-05
  4.0136991E-05
  3.5769692E-05
  3.0736021E-05
  2.5134923E-05
  1.9077755E-05
  1.2696102E-05
  6.1363444E-06
 -4.5696743E-07
 -6.9585094E-06
 -1.3269237E-05
 -1.9310191E-05
 -2.5008892E-05
 -3.0286592E-05
 -3.5052813E-05
 -3.9210921E-05
 -4.2673651E-05
 -4.5380293E-05
 -4.7303784E-05
 -4.8441732E-05
 -4.8798076E-05
 -4.8370610E-05
 -4.7154906E-05
 -4.5158849E-05
 -4.2411237E-05
 -3.8956976E-05
 -3.4848901E-05
 -3.0147596E-05
 -2.4924149E-05
 -1.9254934E-05
 -1.3213210E-05
 -6.8722438E-06
 -3.1862874E-07
  6.3424795E-06
  1.2996947E-05
  1.9531151E-05
  2.5830701E-05
  3.1778902E-05
  3.7265687E-05
  4.2197091E-05
  4.6491186E-05
  5.0067214E-05
  5.2845324E-05
  5.4758373E-05
  5.5761298E-05
  5.5830693E-05
  5.4961652E-05
  5.3168300E-05
  5.0485120E-05
  4.6964422E-05
  4.2671389E-05
  3.7682068E-05
  3.2087330E-05
  2.5999223E-05
  1.9551102E-05
  1.2887758E-05
  6.1542760E-06
 -5.0588096E-07
 -6.9477519E-06
 -1.3029819E-05
 -1.8626368E-05
 -2.3632754E-05
 -2.7960254E-05
 -3.1534946E-05
  2.0023395E-10
  9.6166786E-10
  2.3675946E-09
  4.2651376E-09
  6.4998975E-09
  8.9066940E-09
  1.1310692E-08
  1.3538319E-08
  1.5424991E-08
  1.6818126E-08
  1.7583780E-08
  1.7618628E-08
  1.6859712E-08
  1.5285018E-08
  1.2905776E-08
  9.7589865E-09
  5.9082383E-09
  1.4492354E-09
 -3.4921284E-09
 -8.7709440E-09
 -1.4230661E-08
 -1.9701655E-08
 -2.5005210E-08
 -2.9970579E-08
 -3.4447609E-08
 -3.8300243E-08
 -4.1397428E-08
 -4.3623249E-08
 -4.4894989E-08
 -4.5163670E-08
 -4.4401610E-08
 -4.2602068E-08
 -3.9791171E-08
 -3.6029277E-08
 -3.1398912E-08
 -2.6000226E-08
 -1.9958797E-08
 -1.3426758E-08
 -6.5700760E-09
  4.4278003E-10
  7.4431443E-09
  1.4265565E-08
  2.0755840E-08
  2.6774554E-08
  3.2195949E-08
  3.6911956E-08
  4.0839382E-08
  4.3919567E-08
  4.6114511E-08
  4.7410872E-08
  4.7824884E-08
  4.7394323E-08
  4.6166559E-08
  4.4201318E-08
  4.1579895E-08
  3.8399385E-08
  3.4758358E-08
  3.0756848E-08
  2.6504964E-08
  2.2115682E-08
  1.7687146E-08
  1.3301918E-08
  9.0410648E-09
  4.9849511E-09
  1.1992647E-09
 -2.2682634E-09
 -5.3787130E-09
 -8.1033154E-09
 -1.0434346E-08
 -1.2382337E-08
 -1.3962779E-08
 -1.5196818E-08
 -1.6120667E-08
 -1.6777365E-08
 -1.7199341E-08
 -1.7414228E-08
 -1.7467750E-08
 -1.7428901E-08
 -1.7380939E-08
 -1.7429086E-08
 -1.7712754E-08
 -1.8383085E-08
 -1.9562080E-08
 -2.1338362E-08
 -2.3794101E-08
 -2.7003630E-08
 -3.0999761E-08
 -3.5765240E-08
 -4.1254278E-08
 -4.7381484E-08
 -5.3969643E-08
 -6.0731608E-08
 -6.7317984E-08
 -7.3364390E-08
 -7.8489762E-08
 -8.2287308E-08
 -8.4349139E-08
 -8.4295742E-08
 -8.1781870E-08
 -7.6504207E-08
 -6.8226910E-08
 -5.6798399E-08
 -4.2158952E-08
 -2.4376597E-08
 -3.6971990E-09
  1.9458088E-08
  4.4546173E-08
  7.0923726E-08
  9.7821641E-08
  1.2435882E-07
  1.4962410E-07
  1.7273553E-07
  1.9282921E-07
  2.0906162E-07
  2.2068750E-07
  2.2714198E-07
  2.2805419E-07
  2.2323650E-07
  2.1270523E-07
  1.9669335E-07
  1.7561545E-07
  1.5003327E-07
  1.2065659E-07
  8.8326289E-08
  5.3949663E-08
  1.8451914E-08
 -1.7223723E-08
 -5.2135235E-08
 -8.5408523E-08
 -1.1627112E-07
 -1.4402225E-07
 -1.6803234E-07
 -1.8781040E-07
 -2.0303672E-07
 -2.1351195E-07
 -2.1912930E-07
 -2.1992690E-07
 -2.1610921E-07
 -2.0797440E-07
 -1.9586557E-07
 -1.8021875E-07
 -1.6158559E-07
 -1.4055148E-07
 -1.1767580E-07
 -9.3541502E-08
 -6.8782249E-08
 -4.3993907E-08
 -1.9672903E-08
  3.7163979E-09
  2.5698043E-08
  4.5877876E-08
  6.4006855E-08
  7.9882696E-08
  9.3269605E-08
  1.0399395E-07
  1.1203525E-07
  1.1743368E-07
  1.2019392E-07
  1.2037714E-07
  1.1819483E-07
  1.1389685E-07
  1.0765137E-07
  9.9647259E-08
  9.0213653E-08
  7.9704961E-08
  6.8366113E-08
  5.6448549E-08
  4.4342272E-08
  3.2426311E-08
  2.0896156E-08
  9.9020028E-09
 -2.7674041E-10
 -9.3800754E-09
 -1.7345673E-08
 -2.4159053E-08
 -2.9708746E-08
 -3.3941568E-08
 -3.6885439E-08
 -3.8481254E-08
 -3.8995267E-08
 -3.9180065E-08
 -3.6803783E-08
 -1.8823044E-08
  4.3896986E-08
  1.9080352E-07
  4.5714847E-07
  8.6421767E-07
  1.4225714E-06
  2.1401452E-06
  3.0223332E-06
  4.0651557E-06
  5.2536852E-06
  6.5679615E-06
  7.9829333E-06
  9.4545430E-06
  1.0906357E-05
  1.2236914E-05
  1.3344676E-05
  1.4145284E-05
  1.4566317E-05
  1.4534267E-05
  1.3976766E-05
  1.2839675E-05
  1.1097281E-05
  8.7439039E-06
  5.7813813E-06
  2.2226077E-06
 -1.8901851E-06
 -6.4721157E-06
 -1.1399129E-05
 -1.6519583E-05
 -2.1660711E-05
 -2.6631191E-05
 -3.1230877E-05
 -3.5269186E-05
 -3.8579281E-05
 -4.1017815E-05
 -4.2457315E-05
 -4.2787135E-05
 -4.1927877E-05
 -3.9848397E-05
 -3.6572936E-05
 -3.2177242E-05
 -2.6780373E-05
 -2.0536190E-05
 -1.3624247E-05
 -6.2404742E-06
  1.4098750E-06
  9.1167258E-06
  1.6669670E-05
  2.3863962E-05
  3.0506824E-05
  3.6422818E-05
  4.1458319E-05
  4.5484867E-05
  4.8401183E-05
  5.0135259E-05
  5.0647977E-05
  4.9936054E-05
  4.8030583E-05
  4.4991983E-05
  4.0906227E-05
  3.5884055E-05
  3.0059462E-05
  2.3585286E-05
  1.6628655E-05
  9.3678609E-06
  1.9873278E-06
 -5.3307585E-06
 -1.2413227E-05
 -1.9097146E-05
 -2.5229403E-05
 -3.0669631E-05
 -3.5294230E-05
 -3.8997347E-05
 -4.1691746E-05
 -4.3314183E-05
 -4.3831817E-05
 -4.3242824E-05
 -4.1573174E-05
 -3.8876380E-05
 -3.5235102E-05
 -3.0758281E-05
 -2.5575737E-05
 -1.9837793E-05
 -1.3716992E-05
 -7.3995507E-06
 -1.0648619E-06
  5.1337202E-06
  1.1077861E-05
  1.6687591E-05
  2.1922271E-05
  2.6772879E-05
  3.1243660E-05
  3.5332829E-05
  3.9020364E-05
  4.2263138E-05
  4.5000899E-05
  4.7175588E-05
  4.8744329E-05
  4.9658251E-05
  4.9820170E-05
  4.9075286E-05
  4.7254569E-05
  4.4217810E-05
  3.9848695E-05
  3.4039316E-05
  2.6725833E-05
  1.7946877E-05
  7.8375833E-06
 -3.4406312E-06
 -1.5726280E-05
 -2.8784314E-05
 -4.2223324E-05
 -5.5509896E-05
 -6.8050955E-05
 -7.9244041E-05
 -8.8488785E-05
 -9.5237046E-05
 -9.9086319E-05
 -9.9819910E-05
 -9.7351316E-05
 -9.1663482E-05
 -8.2834340E-05
 -7.1109032E-05
 -5.6922341E-05
 -4.0864521E-05
 -2.3656132E-05
 -6.1371902E-06
  1.0797113E-05
  2.6327361E-05
  3.9816543E-05
  5.0816510E-05
  5.9016995E-05
  6.4228610E-05
  6.6411354E-05
  6.5685017E-05
  6.2295650E-05
  5.6586112E-05
  4.9006681E-05
  4.0128445E-05
  3.0606243E-05
  2.1102227E-05
  1.2225357E-05
  4.5076886E-06
 -1.6095128E-06
 -5.7959533E-06
 -7.8399589E-06
 -7.6345523E-06
 -5.1686193E-06
 -5.4189786E-07
  6.0214343E-06
  1.4189722E-05
  2.3554672E-05
  3.3643424E-05
  4.3923479E-05
  5.3837532E-05
  6.2858657E-05
  7.0512702E-05
  7.6356853E-05
  7.9971309E-05
  8.1002589E-05
  7.9216290E-05
  7.4503405E-05
  6.6858272E-05
  5.6384168E-05
  4.3322383E-05
  2.8045873E-05
  1.1003202E-05
 -7.3286428E-06
 -2.6440772E-05
 -4.5772846E-05
 -6.4727283E-05
 -8.2708080E-05
 -9.9144629E-05
 -1.1350046E-04
 -1.2529851E-04
 -1.3416387E-04
 -1.3984804E-04
 -1.4221710E-04
 -1.4122766E-04
 -1.3691658E-04
 -1.2940196E-04
 -1.1888363E-04
 -1.0564546E-04
 -9.0060988E-05
 -7.2589559E-05
 -5.3751202E-05
 -3.4090343E-05
 -1.4147205E-05
  5.5580440E-06
  2.4535671E-05
  4.2334745E-05
  5.8547830E-05
  7.2815368E-05
  8.4836691E-05
  9.4387469E-05
  1.0133543E-04
  1.0564615E-04
  1.0737557E-04
  1.0665178E-04
  1.0365572E-04
  9.8613091E-05
  9.1797934E-05
  8.3533479E-05
  7.4179035E-05
  6.4110594E-05
  5.3708325E-05
  4.3347827E-05
  3.3381337E-05
  2.4107936E-05
  1.5748492E-05
  8.4380954E-06
  2.2348559E-06
 -2.8624395E-06
 -6.8971385E-06
 -9.9498029E-06
 -1.2147895E-05
 -1.3670726E-05
 -1.4728683E-05
 -1.5528089E-05
 -1.6254540E-05
 -1.7078215E-05
 -1.8146446E-05
 -1.9549281E-05
 -2.1298089E-05
 -2.3354285E-05
 -2.5676434E-05
 -2.8221644E-05
 -3.0896768E-05
 -3.3522054E-05
 -3.5850331E-05
 -3.7617723E-05
 -3.8587023E-05
 -3.8582562E-05
 -3.7524915E-05
 -3.5442448E-05
 -3.2435913E-05
 -2.8622384E-05
 -2.4111663E-05
 -1.9027550E-05
 -1.3537614E-05
 -7.8628618E-06
 -2.2723934E-06
  2.9316775E-06
  7.4529371E-06
  1.1062356E-05
  1.3644486E-05
  1.5190641E-05
  1.5751084E-05
  1.5394053E-05
  1.4199249E-05
  1.2270807E-05
  9.7424363E-06
  6.7676792E-06
  3.5060202E-06
  1.1359953E-07
 -3.2613120E-06
 -6.4793508E-06
 -9.4069774E-06
 -1.1911955E-05
 -1.3865755E-05
 -1.5158709E-05
 -1.5721331E-05
 -1.5536440E-05
 -1.4633719E-05
 -1.3073971E-05
 -1.0936003E-05
 -8.3106570E-06
 -5.2987380E-06
 -2.0117714E-06
  1.4231839E-06
  4.8599222E-06
  8.1411126E-06
  1.1119495E-05
  1.3679238E-05
  1.5743302E-05
  1.7266319E-05
  1.8223453E-05
  1.8603341E-05
  1.8405608E-05
  1.7641345E-05
  1.6336724E-05
  1.4538231E-05
  1.2314109E-05
  9.7481279E-06
  6.9299194E-06
  3.9505840E-06
  9.0483036E-07
 -2.1095912E-06
 -5.0012873E-06
 -7.6943143E-06
 -1.0123249E-05
 -1.2217666E-05
 -1.3895790E-05
 -1.5076960E-05
 -1.5698359E-05
 -1.5718211E-05
 -1.5108835E-05
 -1.3855255E-05
 -1.1961190E-05
 -9.4496563E-06
 -6.3548378E-06
 -2.7188989E-06
  1.3975605E-06
  5.9034369E-06
  1.0679973E-05
  1.5595910E-05
  2.0517384E-05
  2.5305031E-05
  2.9810004E-05
  3.3881337E-05
  3.7379286E-05
  4.0179712E-05
  4.2168173E-05
  4.3239135E-05
  4.3309010E-05
  4.2329666E-05
  4.0286333E-05
  3.7186644E-05
  3.3061038E-05
  2.7975300E-05
  2.2034099E-05
  1.5366742E-05
  8.1144317E-06
  4.3571254E-07
 -7.4831541E-06
 -1.5434485E-05
 -2.3207716E-05
 -3.0599247E-05
 -3.7411060E-05
 -4.3455067E-05
