  1.9933825E-10
  8.1584584E-10
  1.4345969E-09
  1.5546205E-09
  1.5648399E-09
  2.0171063E-09
  2.5632765E-09
  2.6852813E-09
  2.7819027E-09
  3.3971612E-09
  4.0832933E-09
  4.2179793E-09
  4.2189305E-09
  4.7104018E-09
  5.2503624E-09
  5.1870197E-09
  4.9789199E-09
  5.2863705E-09
  5.5768741E-09
  5.0854880E-09
  4.3102411E-09
  4.0267660E-09
  3.6985388E-09
  2.4760354E-09
  8.6584295E-10
 -2.8801506E-10
 -1.5405092E-09
 -3.7814929E-09
 -6.4111201E-09
 -8.4484286E-09
 -1.0455310E-08
 -1.3388827E-08
 -1.6571427E-08
 -1.8864553E-08
 -2.0788109E-08
 -2.3308843E-08
 -2.5637876E-08
 -2.6511909E-08
 -2.6523136E-08
 -2.6810786E-08
 -2.6634645E-08
 -2.4720048E-08
 -2.1767423E-08
 -1.9059788E-08
 -1.5891336E-08
 -1.1057336E-08
 -5.5430238E-09
 -9.8251274E-10
  3.1308836E-09
  7.8812601E-09
  1.2083246E-08
  1.3919407E-08
  1.4008142E-08
  1.3926401E-08
  1.2802767E-08
  8.1649532E-09
  2.3248425E-10
 -6.3146897E-09
 -1.0195546E-08
 -3.8248849E-08
 -1.7865580E-07
 -5.8469823E-07
 -1.4189229E-06
 -2.7761077E-06
 -4.6665741E-06
 -7.0730039E-06
 -9.9951012E-06
 -1.3422091E-05
 -1.7291124E-05
 -2.1505066E-05
 -2.5963172E-05
 -3.0512610E-05
 -3.4859429E-05
 -3.8578193E-05
 -4.1244315E-05
 -4.2542750E-05
 -4.2243937E-05
 -4.0124301E-05
 -3.5963778E-05
 -2.9617004E-05
 -2.1050571E-05
 -1.0304117E-05
  2.5534155E-06
  1.7393984E-05
  3.3936849E-05
  5.1678333E-05
  6.9924426E-05
  8.7909139E-05
  1.0488773E-04
  1.2013140E-04
  1.3289353E-04
  1.4245942E-04
  1.4824813E-04
  1.4983081E-04
  1.4685662E-04
  1.3904135E-04
  1.2629460E-04
  1.0884604E-04
  8.7218359E-05
  6.2091080E-05
  3.4206831E-05
  4.3782784E-06
 -2.6472382E-05
 -5.7366557E-05
 -8.7524808E-05
 -1.1674927E-04
 -1.4556327E-04
 -1.7479331E-04
 -2.0488213E-04
 -2.3565003E-04
 -2.6669880E-04
 -2.9777945E-04
 -3.2855594E-04
 -3.5820148E-04
 -3.8554455E-04
 -4.0949328E-04
 -4.2882992E-04
 -4.4140409E-04
 -4.4389919E-04
 -4.3278121E-04
 -4.0546281E-04
 -3.6045155E-04
 -2.9664396E-04
 -2.1290820E-04
 -1.0847967E-04
  1.6297316E-05
  1.5939346E-04
  3.1678169E-04
  4.8249547E-04
  6.4924639E-04
  8.0936949E-04
  9.5551100E-04
  1.0808621E-03
  1.1792748E-03
  1.2454326E-03
  1.2748747E-03
  1.2639464E-03
  1.2102230E-03
  1.1135078E-03
  9.7657181E-04
  8.0481800E-04
  6.0516660E-04
  3.8513623E-04
  1.5252206E-04
 -8.4739702E-05
 -3.1888601E-04
 -5.4267305E-04
 -7.4954075E-04
 -9.3369361E-04
 -1.0902565E-03
 -1.2154484E-03
 -1.3066601E-03
 -1.3624647E-03
 -1.3826081E-03
 -1.3679407E-03
 -1.3202676E-03
 -1.2421977E-03
 -1.1370460E-03
 -1.0087271E-03
 -8.6159899E-04
 -7.0030760E-04
 -5.2966812E-04
 -3.5453017E-04
 -1.7960131E-04
 -9.2893606E-06
  1.5239025E-04
  3.0188466E-04
  4.3618729E-04
  5.5289792E-04
  6.5023167E-04
  7.2701735E-04
  7.8271399E-04
  8.1740227E-04
  8.3172059E-04
  8.2678586E-04
  8.0413849E-04
  7.6568365E-04
  7.1359734E-04
  6.5022579E-04
  5.7801476E-04
  4.9944926E-04
  4.1697547E-04
  3.3292040E-04
  2.4943656E-04
  1.6846153E-04
  9.1675494E-05
  2.0469772E-05
 -4.4058266E-05
 -1.0109830E-04
 -1.5012441E-04
 -1.9088623E-04
 -2.2338316E-04
 -2.4783367E-04
 -2.6464992E-04
 -2.7440654E-04
 -2.7779711E-04
 -2.7559340E-04
 -2.6861578E-04
 -2.5770417E-04
 -2.4368518E-04
 -2.2734789E-04
 -2.0943023E-04
 -1.9060180E-04
 -1.7144246E-04
 -1.5243322E-04
 -1.3396121E-04
 -1.1632153E-04
 -9.9713681E-05
 -8.4248801E-05
 -6.9968548E-05
 -5.6857127E-05
 -4.4844623E-05
 -3.3818971E-05
 -2.3647575E-05
 -1.4190362E-05
 -5.3024905E-06
  3.1559648E-06
  1.1302980E-05
  1.9228495E-05
  2.6999793E-05
  3.4659421E-05
  4.2214568E-05
  4.9636619E-05
  5.6872199E-05
  6.3847518E-05
  7.0464615E-05
  7.6606302E-05
  8.2149367E-05
  8.6968474E-05
  9.0932313E-05
  9.3910581E-05
  9.5789888E-05
  9.6478885E-05
  9.5903393E-05
  9.4010669E-05
  9.0781192E-05
  8.6228574E-05
  8.0390077E-05
  7.3328411E-05
  6.5142616E-05
  5.5966317E-05
  4.5954435E-05
  3.5279561E-05
  2.4137000E-05
  1.2738408E-05
  1.2964629E-06
 -9.9786648E-06
 -2.0873849E-05
 -3.1180025E-05
 -4.0708630E-05
 -4.9295471E-05
 -5.6794655E-05
 -6.3083964E-05
 -6.8077665E-05
 -7.1724891E-05
 -7.3998453E-05
 -7.4897325E-05
 -7.4457457E-05
 -7.2746625E-05
 -6.9849018E-05
 -6.5865148E-05
 -6.0921477E-05
 -5.5163968E-05
 -4.8740920E-05
 -4.1801963E-05
 -3.4507273E-05
 -2.7019720E-05
 -1.9487026E-05
 -1.2043420E-05
 -4.8236179E-06
  2.0429461E-06
  8.4519415E-06
  1.4324094E-05
  1.9588653E-05
  2.4184275E-05
  2.8075468E-05
  3.1251242E-05
  3.3707223E-05
  3.5444406E-05
  3.6484242E-05
  3.6867896E-05
  3.6639904E-05
  3.5846890E-05
  3.4549284E-05
  3.2816002E-05
  3.0707281E-05
  2.8278024E-05
  2.5594783E-05
  2.2730706E-05
  1.9744801E-05
  1.6683767E-05
  1.3601317E-05
  1.0555195E-05
  7.5860007E-06
  4.7189615E-06
  1.9857575E-06
 -5.7604552E-07
 -2.9447806E-06
 -5.1149432E-06
 -7.0755859E-06
 -8.8091310E-06
 -1.0311594E-05
 -1.1592471E-05
 -1.2653411E-05
 -1.3487507E-05
 -1.4100135E-05
 -1.4509689E-05
 -1.4727161E-05
 -1.4755056E-05
 -1.4605276E-05
 -1.4296616E-05
 -1.3836196E-05
 -1.3225731E-05
 -1.2484013E-05
 -1.1639642E-05
 -1.0704109E-05
 -9.6769290E-06
 -8.5740403E-06
 -7.4235813E-06
 -6.2361114E-06
 -5.0088083E-06
 -3.7586219E-06
 -2.5206446E-06
 -1.3123936E-06
 -1.2999840E-07
  1.0187354E-06
  2.1085666E-06
  3.1262000E-06
  4.0738701E-06
  4.9405207E-06
  5.7009679E-06
  6.3475954E-06
  6.8919785E-06
  7.3320657E-06
  7.6496926E-06
  7.8433604E-06
  7.9301044E-06
  7.9116662E-06
  7.7733403E-06
  7.5202379E-06
  7.1793215E-06
  6.7611140E-06
  6.2555196E-06
  5.6701620E-06
  5.0353092E-06
  4.3651999E-06
  3.6525403E-06
  2.9071416E-06
  2.1607432E-06
  1.4269372E-06
  6.9624775E-07
 -2.2398467E-08
 -6.9690429E-07
 -1.3160436E-06
 -1.8957056E-06
 -2.4332214E-06
 -2.8994486E-06
 -3.2854971E-06
 -3.6122879E-06
 -3.8833632E-06
 -4.0742034E-06
 -4.1798785E-06
 -4.2265974E-06
 -4.2235670E-06
 -4.1506901E-06
 -4.0067475E-06
 -3.8210765E-06
 -3.6037875E-06
 -3.3342756E-06
 -3.0136985E-06
 -2.6775992E-06
 -2.3404780E-06
 -1.9798215E-06
 -1.5919145E-06
 -1.2102674E-06
 -8.5050840E-07
 -4.9081029E-07
 -1.2609507E-07
  2.1266796E-07
  5.1252982E-07
  7.9682070E-07
  1.0703966E-06
  1.3033302E-06
  1.4883235E-06
  1.6555647E-06
  1.8107401E-06
  1.9195222E-06
  1.9743252E-06
  2.0123109E-06
  2.0446114E-06
  2.0344169E-06
  1.9702015E-06
  1.8919874E-06
  1.8175725E-06
  1.7128635E-06
  1.5650038E-06
  1.4133230E-06
  1.2755636E-06
  1.1156301E-06
  9.1863512E-07
  7.2540649E-07
  5.5762712E-07
  3.8236925E-07
  1.8628208E-07
  9.1241645E-09
 -1.3322661E-07
 -2.8150663E-07
 -4.5118196E-07
 -5.9701131E-07
 -6.9727668E-07
 -7.9160071E-07
 -8.9657169E-07
 -9.6965493E-07
 -9.9722376E-07
 -1.0284223E-06
 -1.0785384E-06
 -1.0923893E-06
 -1.0495348E-06
 -1.0082911E-06
 -9.9591034E-07
 -9.5658129E-07
 -8.6234542E-07
 -7.7084871E-07
 -7.1393782E-07
 -6.3585543E-07
 -5.0614682E-07
 -3.8586177E-07
 -3.1312209E-07
 -2.3141368E-07
 -1.0303862E-07
  1.5736234E-08
  8.6124139E-08
  1.6145169E-07
  2.7458145E-07
  3.6480631E-07
  3.9564515E-07
  4.2948193E-07
  5.0446829E-07
  5.5672410E-07
  5.4756134E-07
  5.4348402E-07
  5.8362872E-07
  5.9745736E-07
  5.4456251E-07
  5.0103307E-07
  5.1126847E-07
  4.9487130E-07
  4.0335863E-07
  3.2403540E-07
  3.1800067E-07
  3.0319237E-07
  2.1505556E-07
  1.3184936E-07
  1.1679961E-07
  9.0494453E-08
 -8.6787111E-09
 -9.3290495E-08
 -9.1895288E-08
 -8.6524039E-08
 -1.4504081E-07
 -1.7905765E-07
 -1.1513444E-07
 -4.0321595E-08
 -2.4521341E-08
  3.0033888E-08
  2.0222234E-07
  3.9118373E-07
  5.0704818E-07
  6.4023652E-07
  8.6769273E-07
  1.0782564E-06
  1.1727439E-06
  1.2452693E-06
  1.3766689E-06
  1.4477644E-06
  1.3564490E-06
  1.2132912E-06
  1.1136926E-06
  9.3237782E-07
  5.6524675E-07
  1.5104303E-07
 -1.8243264E-07
 -5.6100896E-07
 -1.1037677E-06
 -1.6584532E-06
 -2.0638317E-06
 -2.4363212E-06
 -2.9138598E-06
 -3.3573319E-06
 -3.6041547E-06
 -3.7746295E-06
 -4.0149721E-06
 -4.1815947E-06
 -4.1042358E-06
 -3.9143270E-06
 -3.7780214E-06
 -3.5587193E-06
 -3.0928795E-06
 -2.5386771E-06
 -2.0874620E-06
 -1.5969788E-06
 -8.8780462E-07
 -1.2710143E-07
  4.7443962E-07
  1.0599387E-06
  1.8121942E-06
  2.5417064E-06
  3.0177723E-06
  3.4049490E-06
  3.9231627E-06
  4.3922264E-06
  4.5844508E-06
 -5.6575872E-11
 -3.8275672E-10
 -1.0096470E-09
 -1.4577979E-09
 -1.4620224E-09
 -1.4461408E-09
 -1.6104473E-09
 -1.4259661E-09
 -6.1884187E-10
  2.6300206E-10
  8.9372537E-10
  1.8115522E-09
  3.3329255E-09
  4.8361350E-09
  5.8814242E-09
  7.0013506E-09
  8.5552898E-09
  9.8756399E-09
  1.0445532E-08
  1.0817502E-08
  1.1403438E-08
  1.1499033E-08
  1.0544352E-08
  9.1714112E-09
  7.8980360E-09
  6.0204526E-09
  2.9983243E-09
 -3.4717917E-10
 -3.3014977E-09
 -6.5717578E-09
 -1.0743233E-08
 -1.4834692E-08
 -1.7923430E-08
 -2.0753699E-08
 -2.4057645E-08
 -2.6791579E-08
 -2.7890128E-08
 -2.8228811E-08
 -2.8823884E-08
 -2.8669758E-08
 -2.6587369E-08
 -2.3603796E-08
 -2.1052141E-08
 -1.7955347E-08
 -1.3004664E-08
 -7.4808035E-09
 -3.2070488E-09
  7.4464390E-10
  5.9562812E-09
  1.0931529E-08
  1.3271944E-08
  1.4021992E-08
  1.5453129E-08
  1.5934400E-08
  1.2362303E-08
  6.6954904E-09
  2.3343842E-09
 -9.6571391E-09
 -5.6465360E-08
 -1.7144168E-07
 -3.7565880E-07
 -6.6873770E-07
 -1.0309972E-06
 -1.4317678E-06
 -1.8415217E-06
 -2.2430120E-06
 -2.6301409E-06
 -2.9896291E-06
 -3.2787484E-06
 -3.4200507E-06
 -3.3195302E-06
 -2.8935522E-06
 -2.0853595E-06
 -8.6729142E-07
  7.6117863E-07
  2.7757437E-06
  5.1386201E-06
  7.8168487E-06
  1.0781609E-05
  1.3974553E-05
  1.7276019E-05
  2.0520916E-05
  2.3546545E-05
  2.6210071E-05
  2.8363280E-05
  2.9843712E-05
  3.0513944E-05
  3.0298856E-05
  2.9175802E-05
  2.7151213E-05
  2.4263303E-05
  2.0580997E-05
  1.6173213E-05
  1.1102140E-05
  5.4743105E-06
 -5.3406802E-07
 -6.7428541E-06
 -1.3018896E-05
 -1.9206440E-05
 -2.5090740E-05
 -3.0625444E-05
 -3.6276815E-05
 -4.3015250E-05
 -5.1814386E-05
 -6.3143176E-05
 -7.6953511E-05
 -9.3020193E-05
 -1.1111722E-04
 -1.3090431E-04
 -1.5185661E-04
 -1.7337661E-04
 -1.9478297E-04
 -2.1499106E-04
 -2.3224155E-04
 -2.4432046E-04
 -2.4914078E-04
 -2.4512783E-04
 -2.3116081E-04
 -2.0640559E-04
 -1.7042343E-04
 -1.2345216E-04
 -6.6456065E-05
 -8.4462226E-07
  7.1777649E-05
  1.4952300E-04
  2.3001291E-04
  3.1050877E-04
  3.8837286E-04
  4.6130593E-04
  5.2704068E-04
  5.8295572E-04
  6.2626827E-04
  6.5469753E-04
  6.6682842E-04
  6.6184724E-04
  6.3920557E-04
  5.9877808E-04
  5.4123951E-04
  4.6801759E-04
  3.8083451E-04
  2.8147723E-04
  1.7209191E-04
  5.5556418E-05
 -6.4574298E-05
 -1.8447201E-04
 -3.0039175E-04
 -4.0883871E-04
 -5.0667929E-04
 -5.9126178E-04
 -6.6047488E-04
 -7.1273604E-04
 -7.4699457E-04
 -7.6277298E-04
 -7.6018472E-04
 -7.3990022E-04
 -7.0309575E-04
 -6.5139250E-04
 -5.8676093E-04
 -5.1140849E-04
 -4.2769773E-04
 -3.3809117E-04
 -2.4508120E-04
 -1.5110325E-04
 -5.8468839E-05
  3.0675859E-05
  1.1439512E-04
  1.9101558E-04
  2.5915905E-04
  3.1775254E-04
  3.6603678E-04
  4.0357359E-04
  4.3023386E-04
  4.4616795E-04
  4.5178016E-04
  4.4770772E-04
  4.3478675E-04
  4.1400539E-04
  3.8646194E-04
  3.5333162E-04
  3.1583101E-04
  2.7518033E-04
  2.3257174E-04
  1.8914021E-04
  1.4593046E-04
  1.0387068E-04
  6.3762796E-05
  2.6279187E-05
 -8.0473037E-06
 -3.8830174E-05
 -6.5818895E-05
 -8.8881607E-05
 -1.0799810E-04
 -1.2325621E-04
 -1.3483457E-04
 -1.4297644E-04
 -1.4797090E-04
 -1.5014136E-04
 -1.4983067E-04
 -1.4738538E-04
 -1.4314704E-04
 -1.3744483E-04
 -1.3058263E-04
 -1.2282937E-04
 -1.1442167E-04
 -1.0556830E-04
 -9.6443655E-05
 -8.7179767E-05
 -7.7871897E-05
 -6.8591602E-05
 -5.9392303E-05
 -5.0309558E-05
 -4.1366868E-05
 -3.2583623E-05
 -2.3976041E-05
 -1.5555579E-05
 -7.3334068E-06
  6.7328256E-07
  8.4402745E-06
  1.5935979E-05
  2.3117696E-05
  2.9932669E-05
  3.6327394E-05
  4.2252468E-05
  4.7655922E-05
  5.2478681E-05
  5.6662298E-05
  6.0156581E-05
  6.2916006E-05
  6.4896260E-05
  6.6061963E-05
  6.6393783E-05
  6.5883025E-05
  6.4525477E-05
  6.2328290E-05
  5.9319333E-05
  5.5544009E-05
  5.1057334E-05
  4.5925088E-05
  4.0228202E-05
  3.4059092E-05
  2.7515925E-05
  2.0704039E-05
  1.3737439E-05
  6.7324690E-06
 -1.9763138E-07
 -6.9401312E-06
 -1.3382543E-05
 -1.9421572E-05
 -2.4968474E-05
 -2.9942921E-05
 -3.4269964E-05
 -3.7889924E-05
 -4.0765844E-05
 -4.2876447E-05
 -4.4209297E-05
 -4.4767279E-05
 -4.4574572E-05
 -4.3668904E-05
 -4.2093725E-05
 -3.9903713E-05
 -3.7169917E-05
 -3.3970828E-05
 -3.0383304E-05
 -2.6487480E-05
 -2.2371843E-05
 -1.8124074E-05
 -1.3821813E-05
 -9.5384858E-06
 -5.3500908E-06
 -1.3271674E-06
  2.4744845E-06
  6.0083112E-06
  9.2296295E-06
  1.2101913E-05
  1.4603965E-05
  1.6723223E-05
  1.8448600E-05
  1.9777128E-05
  2.0719919E-05
  2.1293268E-05
  2.1510759E-05
  2.1391212E-05
  2.0965585E-05
  2.0267100E-05
  1.9322337E-05
  1.8159928E-05
  1.6818363E-05
  1.5335152E-05
  1.3736591E-05
  1.2047522E-05
  1.0301825E-05
  8.5326774E-06
  6.7612855E-06
  5.0057324E-06
  3.2918106E-06
  1.6437743E-06
  7.3089268E-08
 -1.4123503E-06
 -2.7964986E-06
 -4.0637319E-06
 -5.2098912E-06
 -6.2332356E-06
 -7.1237605E-06
 -7.8733565E-06
 -8.4869189E-06
 -8.9709920E-06
 -9.3210328E-06
 -9.5324367E-06
 -9.6138638E-06
 -9.5763298E-06
 -9.4195566E-06
 -9.1431975E-06
 -8.7610806E-06
 -8.2895258E-06
 -7.7318809E-06
 -7.0898795E-06
 -6.3798498E-06
 -5.6215604E-06
 -4.8210750E-06
 -3.9811457E-06
 -3.1186655E-06
 -2.2547817E-06
 -1.3971003E-06
 -5.4858083E-07
  2.7549061E-07
  1.0566224E-06
  1.7898234E-06
  2.4743670E-06
  3.0977822E-06
  3.6460274E-06
  4.1191934E-06
  4.5199558E-06
  4.8378524E-06
  5.0631761E-06
  5.2046253E-06
  5.2741420E-06
  5.2664673E-06
  5.1735929E-06
  5.0066687E-06
  4.7823692E-06
  4.5003644E-06
  4.1566946E-06
  3.7667050E-06
  3.3510639E-06
  2.9110868E-06
  2.4418064E-06
  1.9570973E-06
  1.4769410E-06
  1.0021312E-06
  5.2740393E-07
  6.7296469E-08
 -3.5795830E-07
 -7.5039497E-07
 -1.1209437E-06
 -1.4602251E-06
 -1.7507281E-06
 -1.9959516E-06
 -2.2083598E-06
 -2.3802925E-06
 -2.4968151E-06
 -2.5658319E-06
 -2.6048842E-06
 -2.6096604E-06
 -2.5666463E-06
 -2.4849037E-06
 -2.3831199E-06
 -2.2573909E-06
 -2.0950683E-06
 -1.9081151E-06
 -1.7183037E-06
 -1.5217003E-06
 -1.3031380E-06
 -1.0731111E-06
 -8.5363672E-07
 -6.4056451E-07
 -4.1806021E-07
 -1.9729407E-07
 -9.5542418E-10
  1.7761715E-07
  3.5873097E-07
  5.3308003E-07
  6.7679491E-07
  7.9630138E-07
  9.1360607E-07
  1.0199767E-06
  1.0908866E-06
  1.1346912E-06
  1.1781390E-06
  1.2150764E-06
  1.2191971E-06
  1.1965205E-06
  1.1739334E-06
  1.1464159E-06
  1.0886256E-06
  1.0087540E-06
  9.3646304E-07
  8.6690284E-07
  7.7231385E-07
  6.5961387E-07
  5.5915268E-07
  4.6599013E-07
  3.5192642E-07
  2.2650798E-07
  1.2411203E-07
  3.8905100E-08
 -6.3427500E-08
 -1.7707373E-07
 -2.6502687E-07
 -3.2910214E-07
 -4.0310817E-07
 -4.8273455E-07
 -5.3229883E-07
 -5.5595382E-07
 -5.9049216E-07
 -6.3187599E-07
 -6.4207126E-07
 -6.2445673E-07
 -6.1729639E-07
 -6.1688610E-07
 -5.8505958E-07
 -5.2870394E-07
 -4.9103704E-07
 -4.6762347E-07
 -4.1450966E-07
 -3.3631716E-07
 -2.7964791E-07
 -2.4217201E-07
 -1.7864363E-07
 -9.4899264E-08
 -4.1610377E-08
 -1.5516427E-08
  3.5402515E-08
  1.0833975E-07
  1.4879447E-07
  1.5813711E-07
  1.9197412E-07
  2.4788875E-07
  2.6517785E-07
  2.4302386E-07
  2.4542612E-07
  2.7906009E-07
  2.8232182E-07
  2.4731759E-07
  2.3364743E-07
  2.4750346E-07
  2.2924606E-07
  1.7642898E-07
  1.5421580E-07
  1.6716510E-07
  1.4872514E-07
  9.4478381E-08
  7.2919747E-08
  8.7258925E-08
  6.5887896E-08
  8.5096374E-09
 -4.4256758E-09
  3.0933393E-08
  2.7290554E-08
 -2.6955426E-08
 -4.4224628E-08
 -8.0351015E-09
 -1.8167388E-09
 -3.5656605E-08
 -1.4946608E-08
  8.0658793E-08
  1.6171067E-07
  2.1263070E-07
  3.3048761E-07
  5.3606431E-07
  7.3198953E-07
  8.9668600E-07
  1.1269320E-06
  1.4347404E-06
  1.7010900E-06
  1.8885927E-06
  2.0943683E-06
  2.3310206E-06
  2.4696369E-06
  2.4670117E-06
  2.4280569E-06
  2.3717801E-06
  2.1664248E-06
  1.7748878E-06
  1.3261122E-06
  8.6022101E-07
  2.5114934E-07
 -5.2904323E-07
 -1.3284392E-06
 -2.0923949E-06
 -2.9515202E-06
 -3.9291781E-06
 -4.8424076E-06
 -5.6075096E-06
 -6.3521202E-06
 -7.1005143E-06
 -7.6531851E-06
 -7.9167439E-06
 -8.0402551E-06
 -8.0779173E-06
 -7.8438334E-06
 -7.2623275E-06
 -6.5245108E-06
 -5.7234993E-06
 -4.6844766E-06
 -3.3460096E-06
 -1.9493314E-06
 -6.4415167E-07
  7.2517628E-07
  2.2273757E-06
  3.6239483E-06
  4.7720700E-06
  5.8544592E-06
  7.3033614E-11
  3.4934661E-10
  8.5059226E-10
  1.4795531E-09
  2.0976434E-09
  2.5901461E-09
  2.9166352E-09
  3.0473604E-09
  2.9040619E-09
  2.4298650E-09
  1.6688146E-09
  7.0161565E-10
 -4.5001891E-10
 -1.7716193E-09
 -3.1607832E-09
 -4.4895279E-09
 -5.7226028E-09
 -6.8609380E-09
 -7.8082198E-09
 -8.4289624E-09
 -8.7088505E-09
 -8.7067473E-09
 -8.3734566E-09
 -7.5933695E-09
 -6.3923595E-09
 -4.9060529E-09
 -3.1415839E-09
 -9.9375219E-10
  1.4855683E-09
  4.0810928E-09
  6.7068897E-09
  9.4283656E-09
  1.2144298E-08
  1.4561317E-08
  1.6562048E-08
  1.8256046E-08
  1.9573172E-08
  2.0201828E-08
  2.0057218E-08
  1.9366261E-08
  1.8129144E-08
  1.6007862E-08
  1.2958379E-08
  9.3951158E-09
  5.4600218E-09
  7.7623774E-10
 -4.7493747E-09
 -1.0625138E-08
 -1.6675880E-08
 -2.3391502E-08
 -3.0874318E-08
 -3.8404412E-08
 -4.5660023E-08
 -5.3254631E-08
 -6.1316584E-08
 -6.8829934E-08
 -7.5296072E-08
 -8.1524199E-08
 -8.7636636E-08
 -9.2086196E-08
 -9.4070757E-08
 -9.4794402E-08
 -9.4576208E-08
 -9.1300961E-08
 -8.3981675E-08
 -7.4690718E-08
 -6.4126823E-08
 -4.9333607E-08
 -2.9505756E-08
 -8.5684597E-09
  1.2919280E-08
  3.9918238E-08
  6.9610927E-08
  9.4913418E-08
  1.5434381E-07
  3.8289801E-07
  9.8128658E-07
  2.1093472E-06
  3.8158992E-06
  6.0759021E-06
  8.8644492E-06
  1.2164541E-05
  1.5922242E-05
  2.0034484E-05
  2.4374243E-05
  2.8778888E-05
  3.2994081E-05
  3.6662830E-05
  3.9403953E-05
  4.0903375E-05
  4.0933599E-05
  3.9319224E-05
  3.5915855E-05
  3.0623618E-05
  2.3419831E-05
  1.4401518E-05
  3.8122853E-06
 -7.9914935E-06
 -2.0623283E-05
 -3.3710527E-05
 -4.6861540E-05
 -5.9638140E-05
 -7.1607392E-05
 -8.2404134E-05
 -9.1702896E-05
 -9.9145916E-05
 -1.0435630E-04
 -1.0703165E-04
 -1.0698398E-04
 -1.0408711E-04
 -9.8249817E-05
 -8.9483437E-05
 -7.7964331E-05
 -6.3988417E-05
 -4.7877846E-05
 -2.9961386E-05
 -1.0632590E-05
  9.6056119E-06
  3.0153871E-05
  5.0357790E-05
  6.9551614E-05
  8.7101755E-05
  1.0244149E-04
  1.1509313E-04
  1.2469175E-04
  1.3100625E-04
  1.3393190E-04
  1.3346948E-04
  1.2974108E-04
  1.2301585E-04
  1.1364130E-04
  1.0187902E-04
  8.7818582E-05
  7.1492133E-05
  5.3061580E-05
  3.2870048E-05
  1.1353506E-05
 -1.1034912E-05
 -3.3841890E-05
 -5.6650111E-05
 -7.9123478E-05
 -1.0095285E-04
 -1.2171469E-04
 -1.4079941E-04
 -1.5747291E-04
 -1.7097034E-04
 -1.8056753E-04
 -1.8569299E-04
 -1.8604794E-04
 -1.8156697E-04
 -1.7221723E-04
 -1.5791014E-04
 -1.3868754E-04
 -1.1493600E-04
 -8.7317545E-05
 -5.6519420E-05
 -2.3180095E-05
  1.1950175E-05
  4.7914538E-05
  8.3684630E-05
  1.1832524E-04
  1.5098511E-04
  1.8081797E-04
  2.0702904E-04
  2.2900934E-04
  2.4637429E-04
  2.5886926E-04
  2.6627193E-04
  2.6838161E-04
  2.6506453E-04
  2.5630291E-04
  2.4222423E-04
  2.2309313E-04
  1.9926488E-04
  1.7114689E-04
  1.3920970E-04
  1.0401710E-04
  6.6224544E-05
  2.6556656E-05
 -1.4191784E-05
 -5.5139200E-05
 -9.5329415E-05
 -1.3377570E-04
 -1.6950203E-04
 -2.0157572E-04
 -2.2915255E-04
 -2.5152526E-04
 -2.6814383E-04
 -2.7861336E-04
 -2.8270474E-04
 -2.8038150E-04
 -2.7180850E-04
 -2.5733357E-04
 -2.3746630E-04
 -2.1286203E-04
 -1.8429206E-04
 -1.5260105E-04
 -1.1867716E-04
 -8.3441089E-05
 -4.7827554E-05
 -1.2746816E-05
  2.0953554E-05
  5.2511103E-05
  8.1264021E-05
  1.0666648E-04
  1.2829396E-04
  1.4583673E-04
  1.5909699E-04
  1.6799573E-04
  1.7257482E-04
  1.7298580E-04
  1.6947565E-04
  1.6237653E-04
  1.5209302E-04
  1.3908246E-04
  1.2383756E-04
  1.0687506E-04
  8.8722561E-05
  6.9900809E-05
  5.0909148E-05
  3.2216572E-05
  1.4250752E-05
 -2.6153357E-06
 -1.8069692E-05
 -3.1859370E-05
 -4.3790453E-05
 -5.3732576E-05
 -6.1619372E-05
 -6.7442837E-05
 -7.1249873E-05
 -7.3141448E-05
 -7.3264549E-05
 -7.1796254E-05
 -6.8932481E-05
 -6.4885804E-05
 -5.9881764E-05
 -5.4148120E-05
 -4.7905680E-05
 -4.1365776E-05
 -3.4726487E-05
 -2.8162638E-05
 -2.1817872E-05
 -1.5805708E-05
 -1.0214122E-05
 -5.1065435E-06
 -5.2160067E-07
  3.5243766E-06
  7.0342403E-06
  1.0028567E-05
  1.2543080E-05
  1.4623383E-05
  1.6320137E-05
  1.7686467E-05
  1.8775812E-05
  1.9640091E-05
  2.0329411E-05
  2.0890500E-05
  2.1360742E-05
  2.1762464E-05
  2.2104163E-05
  2.2385666E-05
  2.2599230E-05
  2.2727641E-05
  2.2746603E-05
  2.2630280E-05
  2.2352304E-05
  2.1882983E-05
  2.1191130E-05
  2.0250987E-05
  1.9046125E-05
  1.7568584E-05
  1.5819509E-05
  1.3812167E-05
  1.1571301E-05
  9.1287920E-06
  6.5222666E-06
  3.7969403E-06
  1.0040726E-06
 -1.8042161E-06
 -4.5769211E-06
 -7.2622533E-06
 -9.8083474E-06
 -1.2167322E-05
 -1.4296710E-05
 -1.6157865E-05
 -1.7717010E-05
 -1.8948696E-05
 -1.9835858E-05
 -2.0367166E-05
 -2.0537871E-05
 -2.0353022E-05
 -1.9826566E-05
 -1.8977502E-05
 -1.7830043E-05
 -1.6416438E-05
 -1.4775071E-05
 -1.2945326E-05
 -1.0967286E-05
 -8.8852385E-06
 -6.7463579E-06
 -4.5950592E-06
 -2.4717156E-06
 -4.1587600E-07
  1.5343414E-06
  3.3468941E-06
  4.9963901E-06
  6.4604474E-06
  7.7198920E-06
  8.7628732E-06
  9.5848245E-06
  1.0184252E-05
  1.0562435E-05
  1.0726989E-05
  1.0691292E-05
  1.0470046E-05
  1.0079116E-05
  9.5390415E-06
  8.8737761E-06
  8.1055186E-06
  7.2546309E-06
  6.3438524E-06
  5.3974322E-06
  4.4357744E-06
  3.4753075E-06
  2.5331674E-06
  1.6267595E-06
  7.6847414E-07
 -3.4227469E-08
 -7.7342582E-07
 -1.4405296E-06
 -2.0315042E-06
 -2.5470040E-06
 -2.9868529E-06
 -3.3493616E-06
 -3.6362667E-06
 -3.8530611E-06
 -4.0039686E-06
 -4.0914765E-06
 -4.1207059E-06
 -4.0987829E-06
 -4.0297782E-06
 -3.9156766E-06
 -3.7621617E-06
 -3.5775704E-06
 -3.3661979E-06
 -3.1287439E-06
 -2.8692550E-06
 -2.5949321E-06
 -2.3087975E-06
 -2.0095617E-06
 -1.6995773E-06
 -1.3860781E-06
 -1.0735528E-06
 -7.6175945E-07
 -4.5243883E-07
 -1.5103421E-07
  1.3964419E-07
  4.2056558E-07
  6.8974026E-07
  9.4102307E-07
  1.1711046E-06
  1.3810352E-06
  1.5695095E-06
  1.7316204E-06
  1.8657702E-06
  1.9747874E-06
  2.0586508E-06
  2.1132105E-06
  2.1376277E-06
  2.1357587E-06
  2.1086212E-06
  2.0531193E-06
  1.9700076E-06
  1.8653587E-06
  1.7421939E-06
  1.5985491E-06
  1.4358617E-06
  1.2610674E-06
  1.0779391E-06
  8.8453578E-07
  6.8194629E-07
  4.7747284E-07
  2.7631262E-07
  7.8058093E-08
 -1.1581368E-07
 -2.9913889E-07
 -4.6865765E-07
 -6.2641499E-07
 -7.7183165E-07
 -8.9934707E-07
 -1.0063565E-06
 -1.0951862E-06
 -1.1651105E-06
 -1.2115098E-06
 -1.2352406E-06
 -1.2430970E-06
 -1.2362784E-06
 -1.2085977E-06
 -1.1592178E-06
 -1.0963770E-06
 -1.0246169E-06
 -9.3940571E-07
 -8.3927534E-07
 -7.3239255E-07
 -6.2533445E-07
 -5.1538984E-07
 -3.9979085E-07
 -2.8306326E-07
 -1.6968298E-07
 -5.8759952E-08
  4.8796409E-08
  1.4719723E-07
  2.3467734E-07
  3.1599944E-07
  3.9192741E-07
  4.5648778E-07
  5.0849582E-07
  5.5408418E-07
  5.9333536E-07
  6.1718293E-07
  6.2323380E-07
  6.2159432E-07
  6.1842314E-07
  6.0691337E-07
  5.8190602E-07
  5.4988448E-07
  5.1589103E-07
  4.7381968E-07
  4.1949656E-07
  3.6118053E-07
  3.0702981E-07
  2.5350511E-07
  1.9585727E-07
  1.3877252E-07
  8.6941469E-08
  3.6374630E-08
 -1.5160907E-08
 -6.0234115E-08
 -9.3748000E-08
 -1.2139634E-07
 -1.4658431E-07
 -1.6022349E-07
 -1.5233670E-07
 -1.2125257E-07
 -6.2196662E-08
  3.9144297E-08
  1.9058575E-07
  3.8396604E-07
  6.1177451E-07
  8.7844609E-07
  1.1836121E-06
  1.5097295E-06
  1.8394871E-06
  2.1691903E-06
  2.4889810E-06
  2.7650024E-06
  2.9593530E-06
  3.0556312E-06
  3.0483131E-06
  2.9206328E-06
  2.6526438E-06
  2.2407123E-06
  1.6905067E-06
  1.0007097E-06
  1.7240779E-07
 -7.7407998E-07
 -1.8094740E-06
 -2.9140838E-06
 -4.0693608E-06
 -5.2403752E-06
 -6.3838797E-06
 -7.4642612E-06
 -8.4442181E-06
 -9.2704668E-06
 -9.8892051E-06
 -1.0269254E-05
 -1.0394023E-05
 -1.0242022E-05
 -9.7954544E-06
 -9.0586764E-06
 -8.0481723E-06
 -6.7747751E-06
 -5.2587166E-06
 -3.5539119E-06
 -1.7332231E-06
  1.4536090E-07
  2.0375653E-06
  3.8880812E-06
  5.6346680E-06
  7.2343428E-06
  8.6622167E-06
  9.8887213E-06
  1.0883359E-05
  1.1639090E-05
  1.2168612E-05
  1.2478235E-05
  1.2569741E-05
  1.2464730E-05
  1.2198077E-05
  1.1785367E-05
  1.1224189E-05
  1.0529738E-05
  9.7394022E-06
  8.8761581E-06
  7.9367073E-06
  6.9242587E-06
  5.8633291E-06
  4.7699336E-06
  3.6354454E-06
  2.4546184E-06
  1.2422965E-06
  5.3892109E-09
 -1.4921547E-10
 -7.1480405E-10
 -1.7455728E-09
 -3.1108807E-09
 -4.7033133E-09
 -6.4133947E-09
 -8.0903382E-09
 -9.5751584E-09
 -1.0754702E-08
 -1.1545186E-08
 -1.1851224E-08
 -1.1591949E-08
 -1.0749244E-08
 -9.3440748E-09
 -7.3841058E-09
 -4.8790829E-09
 -1.8862103E-09
  1.5051693E-09
  5.2096185E-09
  9.1188257E-09
  1.3066108E-08
  1.6871653E-08
  2.0403075E-08
  2.3547445E-08
  2.6160288E-08
  2.8103313E-08
  2.9303411E-08
  2.9713897E-08
  2.9251085E-08
  2.7840061E-08
  2.5497096E-08
  2.2298435E-08
  1.8298177E-08
  1.3552896E-08
  8.1979010E-09
  2.4142564E-09
 -3.6603134E-09
 -9.9079358E-09
 -1.6142149E-08
 -2.2129448E-08
 -2.7681903E-08
 -3.2648046E-08
 -3.6841509E-08
 -4.0081439E-08
 -4.2299614E-08
 -4.3527468E-08
 -4.3800547E-08
 -4.3168392E-08
 -4.1775252E-08
 -3.9828386E-08
 -3.7500396E-08
 -3.4956059E-08
 -3.2444859E-08
 -3.0250504E-08
 -2.8559716E-08
 -2.7476968E-08
 -2.7123784E-08
 -2.7583010E-08
 -2.8758208E-08
 -3.0418768E-08
 -3.2368014E-08
 -3.4432595E-08
 -3.6309345E-08
 -3.7581728E-08
 -3.7891276E-08
 -3.6953946E-08
 -3.4427607E-08
 -2.9937343E-08
 -2.3245001E-08
 -1.4245783E-08
 -2.8140210E-09
  1.1160774E-08
  2.7568237E-08
  4.6069339E-08
  6.6277835E-08
  8.7750976E-08
  1.0980336E-07
  1.3155581E-07
  1.5220800E-07
  1.7107658E-07
  1.8737677E-07
  2.0022691E-07
  2.0892401E-07
  2.1300258E-07
  2.1202055E-07
  2.0557795E-07
  1.9361930E-07
  1.7646417E-07
  1.5449007E-07
  1.2806322E-07
  9.7825477E-08
  6.4715465E-08
  2.9599548E-08
 -6.8199704E-09
 -4.3664507E-08
 -7.9818996E-08
 -1.1434198E-07
 -1.4659014E-07
 -1.7583289E-07
 -2.0116332E-07
 -2.2196232E-07
 -2.3804174E-07
 -2.4916085E-07
 -2.5486545E-07
 -2.5501743E-07
 -2.4998849E-07
 -2.4008480E-07
 -2.2531908E-07
 -2.0603900E-07
 -1.8317692E-07
 -1.5751276E-07
 -1.2932054E-07
 -9.9137338E-08
 -6.8138235E-08
 -3.7237982E-08
 -6.6202404E-09
  2.3268052E-08
  5.1207177E-08
  7.6401037E-08
  9.9083991E-08
  1.1913574E-07
  1.3553343E-07
  1.4808197E-07
  1.5746083E-07
  1.6281527E-07
  1.6614416E-07
  1.8907951E-07
  2.8682757E-07
  5.3666849E-07
  1.0048652E-06
  1.7245274E-06
  2.7040567E-06
  3.9459073E-06
  5.4464790E-06
  7.1821974E-06
  9.1084039E-06
  1.1171154E-05
  1.3302481E-05
  1.5391448E-05
  1.7267465E-05
  1.8727183E-05
  1.9582372E-05
  1.9681385E-05
  1.8897401E-05
  1.7121174E-05
  1.4280673E-05
  1.0363472E-05
  5.4121056E-06
 -4.9794380E-07
 -7.2651515E-06
 -1.4744672E-05
 -2.2728207E-05
 -3.0940231E-05
 -3.9049264E-05
 -4.6686175E-05
 -5.3468280E-05
 -5.9029044E-05
 -6.3046624E-05
 -6.5263303E-05
 -6.5493208E-05
 -6.3620813E-05
 -5.9596681E-05
 -5.3441021E-05
 -4.5260189E-05
 -3.5265086E-05
 -2.3771277E-05
 -1.1174372E-05
  2.0838015E-06
  1.5540309E-05
  2.8727414E-05
  4.1191477E-05
  5.2517949E-05
  6.2353531E-05
  7.0416791E-05
  7.6498487E-05
  8.0458922E-05
  8.2227765E-05
  8.1806473E-05
  7.9269761E-05
  7.4762822E-05
  6.8493326E-05
  6.0719045E-05
  5.1732473E-05
  4.1845204E-05
  3.1375595E-05
  2.0640622E-05
  9.9484005E-06
 -4.1101521E-07
 -1.0174609E-05
 -1.9114033E-05
 -2.7044885E-05
 -3.3836404E-05
 -3.9411603E-05
 -4.3733020E-05
 -4.6787056E-05
 -4.8582740E-05
 -4.9161048E-05
 -4.8597863E-05
 -4.6996818E-05
 -4.4482887E-05
 -4.1200015E-05
 -3.7303482E-05
 -3.2943623E-05
 -2.8247523E-05
 -2.3301605E-05
 -1.8137074E-05
 -1.2731856E-05
 -7.0377700E-06
 -1.0117810E-06
  5.3750091E-06
  1.2136702E-05
  1.9248710E-05
  2.6616861E-05
  3.4086988E-05
  4.1483210E-05
  4.8603983E-05
  5.5163990E-05
  6.0765873E-05
  6.4950887E-05
  6.7260058E-05
  6.7238012E-05
  6.4425360E-05
  5.8396829E-05
  4.8788279E-05
  3.5255518E-05
  1.7468941E-05
 -4.7279209E-06
 -3.1101539E-05
 -6.0993727E-05
 -9.3478520E-05
 -1.2746218E-04
 -1.6162253E-04
 -1.9439614E-04
 -2.2415590E-04
 -2.4937245E-04
 -2.6853435E-04
 -2.7999899E-04
 -2.8210893E-04
 -2.7353721E-04
 -2.5350109E-04
 -2.2171446E-04
 -1.7833056E-04
 -1.2404149E-04
 -6.0152117E-05
  1.1545213E-05
  8.8938315E-05
  1.6959294E-04
  2.5068529E-04
  3.2910978E-04
  4.0173525E-04
  4.6558047E-04
  5.1786669E-04
  5.5612280E-04
  5.7839253E-04
  5.8337068E-04
  5.7037699E-04
  5.3931342E-04
  4.9073971E-04
  4.2597554E-04
  3.4706798E-04
  2.5663100E-04
  1.5767204E-04
  5.3447759E-05
 -5.2682233E-05
 -1.5739579E-04
 -2.5750668E-04
 -3.5004213E-04
 -4.3234596E-04
 -5.0219306E-04
 -5.5786449E-04
 -5.9818273E-04
 -6.2253367E-04
 -6.3085649E-04
 -6.2356348E-04
 -6.0142874E-04
 -5.6552846E-04
 -5.1724666E-04
 -4.5827747E-04
 -3.9057311E-04
 -3.1625043E-04
 -2.3748094E-04
 -1.5637488E-04
 -7.4894997E-05
  5.1552197E-06
  8.2088787E-05
  1.5432204E-04
  2.2042898E-04
  2.7920632E-04
  3.2969253E-04
  3.7116700E-04
  4.0317740E-04
  4.2556913E-04
  4.3845555E-04
  4.4213625E-04
  4.3704195E-04
  4.2374688E-04
  4.0300359E-04
  3.7573412E-04
  3.4296868E-04
  3.0576799E-04
  2.6516407E-04
  2.2213519E-04
  1.7761337E-04
  1.3250289E-04
  8.7678724E-05
  4.3959546E-05
  2.0841107E-06
 -3.7289341E-05
 -7.3582698E-05
 -1.0632315E-04
 -1.3517377E-04
 -1.5992494E-04
 -1.8044695E-04
 -1.9665943E-04
 -2.0855326E-04
 -2.1623242E-04
 -2.1991956E-04
 -2.1991855E-04
 -2.1657502E-04
 -2.1026334E-04
 -2.0138890E-04
 -1.9038284E-04
 -1.7768565E-04
 -1.6372884E-04
 -1.4892024E-04
 -1.3363329E-04
 -1.1819972E-04
 -1.0290300E-04
 -8.7970264E-05
 -7.3566283E-05
 -5.9796126E-05
 -4.6715730E-05
 -3.4342116E-05
 -2.2659748E-05
 -1.1626998E-05
 -1.1845441E-06
  8.7375474E-06
  1.8214125E-05
  2.7316375E-05
  3.6099882E-05
  4.4594544E-05
  5.2799405E-05
  6.0681163E-05
  6.8176916E-05
  7.5202712E-05
  8.1663507E-05
  8.7457884E-05
  9.2478935E-05
  9.6618809E-05
  9.9777353E-05
  1.0186807E-04
  1.0281970E-04
  1.0257893E-04
  1.0111522E-04
  9.8422410E-05
  9.4516326E-05
  8.9434441E-05
  8.3238832E-05
  7.6016433E-05
  6.7874884E-05
  5.8939549E-05
  4.9353439E-05
  3.9274593E-05
  2.8869952E-05
  1.8311075E-05
  7.7731056E-06
 -2.5686295E-06
 -1.2545494E-05
 -2.2000011E-05
 -3.0786545E-05
 -3.8773898E-05
 -4.5850982E-05
 -5.1929474E-05
 -5.6942295E-05
 -6.0843933E-05
 -6.3613741E-05
 -6.5255867E-05
 -6.5794724E-05
 -6.5272878E-05
 -6.3752508E-05
 -6.1313796E-05
 -5.8048823E-05
 -5.4058051E-05
 -4.9450984E-05
 -4.4344113E-05
 -3.8854687E-05
 -3.3097527E-05
 -2.7185855E-05
 -2.1228536E-05
 -1.5323314E-05
 -9.5555079E-06
 -4.0036330E-06
  1.2586315E-06
  6.1677711E-06
  1.0673373E-05
  1.4734240E-05
  1.8316423E-05
  2.1397380E-05
  2.3967379E-05
  2.6023474E-05
  2.7564873E-05
  2.8595687E-05
  2.9128116E-05
  2.9180806E-05
  2.8777768E-05
  2.7950502E-05
  2.6736823E-05
  2.5175299E-05
  2.3304379E-05
  2.1167825E-05
  1.8815590E-05
  1.6296930E-05
  1.3657169E-05
  1.0942747E-05
  8.2032293E-06
  5.4846978E-06
  2.8257400E-06
  2.6267298E-07
 -2.1666951E-06
 -4.4284261E-06
 -6.4974142E-06
 -8.3539717E-06
 -9.9799317E-06
 -1.1361216E-05
 -1.2489711E-05
 -1.3359380E-05
 -1.3964795E-05
 -1.4306564E-05
 -1.4394252E-05
 -1.4241697E-05
 -1.3864019E-05
 -1.3280830E-05
 -1.2516101E-05
 -1.1591536E-05
 -1.0525277E-05
 -9.3395001E-06
 -8.0630325E-06
 -6.7234669E-06
 -5.3428685E-06
 -3.9435649E-06
 -2.5499626E-06
 -1.1799584E-06
  1.5835963E-07
  1.4565788E-06
  2.6990047E-06
  3.8700705E-06
  4.9612690E-06
  5.9652293E-06
  6.8694858E-06
  7.6614269E-06
  8.3329678E-06
  8.8752931E-06
  9.2758419E-06
  9.5259084E-06
  9.6246158E-06
  9.5705418E-06
  9.3571107E-06
  8.9819187E-06
  8.4529293E-06
  7.7797267E-06
  6.9671178E-06
  6.0241746E-06
  4.9712003E-06
  3.8298936E-06
  2.6139742E-06
  1.3368965E-06
  2.1189180E-08
 -1.3075265E-06
 -2.6282999E-06
 -3.9191846E-06
 -5.1519246E-06
 -6.3006819E-06
 -7.3488877E-06
 -8.2797469E-06
 -9.0674730E-06
 -9.6852964E-06
 -1.0113894E-05
 -1.0334796E-05
 -1.0325738E-05
 -1.0072563E-05
 -9.5780106E-06
 -8.8510160E-06
 -7.8971898E-06
 -6.7285546E-06
 -5.3719018E-06
 -3.8576445E-06
 -2.2115269E-06
 -4.6826972E-07
  1.3179326E-06
  3.0888000E-06
  4.7977364E-06
  6.3995931E-06
  7.8383309E-06
  9.0606281E-06
  1.0032284E-05
  1.0727596E-05
  1.1113708E-05
  1.1161535E-05
  1.0863486E-05
  1.0226220E-05
  9.2563369E-06
  7.9691317E-06
  6.4021187E-06
  4.6040632E-06
  2.6192902E-06
  4.9696564E-07
 -1.6953707E-06
 -3.8840603E-06
 -6.0054977E-06
 -7.9961628E-06
 -9.7808042E-06
 -1.1289972E-05
  5.4495096E-11
  2.5345406E-10
  5.9197935E-10
  9.8533859E-10
  1.3427023E-09
  1.5719768E-09
  1.5879871E-09
  1.3252047E-09
  7.4908801E-10
 -1.4472978E-10
 -1.3415883E-09
 -2.8126534E-09
 -4.5074477E-09
 -6.3497754E-09
 -8.2469800E-09
 -1.0098392E-08
 -1.1792084E-08
 -1.3205107E-08
 -1.4220585E-08
 -1.4745806E-08
 -1.4713920E-08
 -1.4081181E-08
 -1.2834596E-08
 -1.0996040E-08
 -8.6088949E-09
 -5.7259468E-09
 -2.4162699E-09
  1.2282815E-09
  5.1061466E-09
  9.1173709E-09
  1.3152787E-08
  1.7086117E-08
  2.0793390E-08
  2.4173318E-08
  2.7140398E-08
  2.9614540E-08
  3.1531606E-08
  3.2846792E-08
  3.3511270E-08
  3.3464293E-08
  3.2667327E-08
  3.1128124E-08
  2.8874851E-08
  2.5928159E-08
  2.2308976E-08
  1.8030304E-08
  1.3047575E-08
  7.2517832E-09
  5.4978955E-10
 -7.0747710E-09
 -1.5601938E-08
 -2.5020791E-08
 -3.5283776E-08
 -4.6259224E-08
 -5.7778330E-08
 -6.9675778E-08
 -8.1714361E-08
 -9.3505157E-08
 -1.0456024E-07
 -1.1438272E-07
 -1.2245903E-07
 -1.2824312E-07
 -1.3124317E-07
 -1.3108524E-07
 -1.2744063E-07
 -1.1998475E-07
 -1.0852192E-07
 -9.3069914E-08
 -7.3737759E-08
 -5.0636856E-08
 -2.4029269E-08
  5.5552825E-09
  3.7474219E-08
  7.1102171E-08
  1.0566350E-07
  1.4010617E-07
  1.7333241E-07
  2.0440211E-07
  2.3234479E-07
  2.5601457E-07
  2.7439685E-07
  2.8685861E-07
  2.9287162E-07
  2.9180245E-07
  2.8331289E-07
  2.6766315E-07
  2.4527344E-07
  2.1637621E-07
  1.8152318E-07
  1.4196084E-07
  9.8969394E-08
  5.3345659E-08
  6.1121881E-09
 -4.0966817E-08
 -8.6351200E-08
 -1.2943087E-07
 -1.6942096E-07
 -2.0461057E-07
 -2.3382526E-07
 -2.5733041E-07
 -2.7494823E-07
 -2.8509953E-07
 -2.8743642E-07
 -2.8376510E-07
 -2.7411281E-07
 -2.5650101E-07
 -2.3409058E-07
 -2.1067368E-07
 -1.5849886E-07
  1.3218056E-08
  4.3821879E-07
  1.2240259E-06
  2.4036767E-06
  3.9563924E-06
  5.8560609E-06
  8.0805949E-06
  1.0587225E-05
  1.3307243E-05
  1.6161786E-05
  1.9046996E-05
  2.1786425E-05
  2.4122217E-05
  2.5780129E-05
  2.6542861E-05
  2.6259973E-05
  2.4817142E-05
  2.2128756E-05
  1.8155495E-05
  1.2907964E-05
  6.4446103E-06
 -1.1012935E-06
 -9.4934367E-06
 -1.8426626E-05
 -2.7604499E-05
 -3.6765006E-05
 -4.5629204E-05
 -5.3867851E-05
 -6.1152052E-05
 -6.7219968E-05
 -7.1869952E-05
 -7.4912867E-05
 -7.6176511E-05
 -7.5557567E-05
 -7.3032126E-05
 -6.8607013E-05
 -6.2296414E-05
 -5.4168930E-05
 -4.4395871E-05
 -3.3228433E-05
 -2.0936841E-05
 -7.7895493E-06
  5.9209106E-06
  1.9860523E-05
  3.3667049E-05
  4.6965230E-05
  5.9369660E-05
  7.0499096E-05
  8.0013793E-05
  8.7648230E-05
  9.3213959E-05
  9.6586111E-05
  9.7701028E-05
  9.6565724E-05
  9.3259077E-05
  8.7918612E-05
  8.0727870E-05
  7.1914670E-05
  6.1750550E-05
  5.0538532E-05
  3.8593793E-05
  2.6232457E-05
  1.3770677E-05
  1.5203150E-06
 -1.0226366E-05
 -2.1212081E-05
 -3.1218005E-05
 -4.0060215E-05
 -4.7591584E-05
 -5.3710064E-05
 -5.8363097E-05
 -6.1538129E-05
 -6.3233208E-05
 -6.3413521E-05
 -6.1985746E-05
 -5.8831192E-05
 -5.3890653E-05
 -4.7229700E-05
 -3.9026374E-05
 -2.9512761E-05
 -1.8946110E-05
 -7.6235337E-06
  4.1076482E-06
  1.5855789E-05
  2.7164473E-05
  3.7468708E-05
  4.6108169E-05
  5.2434749E-05
  5.5927456E-05
  5.6216857E-05
  5.3050488E-05
  4.6300753E-05
  3.6024896E-05
  2.2493106E-05
  6.1539722E-06
 -1.2398995E-05
 -3.2423886E-05
 -5.3044812E-05
 -7.3327159E-05
 -9.2362221E-05
 -1.0929518E-04
 -1.2331764E-04
 -1.3368897E-04
 -1.3979009E-04
 -1.4116050E-04
 -1.3750065E-04
 -1.2867042E-04
 -1.1470466E-04
 -9.5833042E-05
 -7.2487259E-05
 -4.5288187E-05
 -1.5007448E-05
  1.7486207E-05
  5.1258390E-05
  8.5296895E-05
  1.1849284E-04
  1.4967041E-04
  1.7766436E-04
  2.0139619E-04
  2.1992567E-04
  2.3249554E-04
  2.3857216E-04
  2.3785513E-04
  2.3025593E-04
  2.1589029E-04
  1.9510816E-04
  1.6852144E-04
  1.3697956E-04
  1.0149936E-04
  6.3191750E-05
  2.3208377E-05
 -1.7295893E-05
 -5.7187335E-05
 -9.5368094E-05
 -1.3080033E-04
 -1.6255319E-04
 -1.8985147E-04
 -2.1209169E-04
 -2.2882680E-04
 -2.3975236E-04
 -2.4471187E-04
 -2.4370776E-04
 -2.3690432E-04
 -2.2462578E-04
 -2.0735066E-04
 -1.8568971E-04
 -1.6034362E-04
 -1.3206017E-04
 -1.0161143E-04
 -6.9786882E-05
 -3.7382699E-05
 -5.1786337E-06
  2.6089074E-05
  5.5749882E-05
  8.3214705E-05
  1.0798611E-04
  1.2966251E-04
  1.4793775E-04
  1.6259986E-04
  1.7353056E-04
  1.8070292E-04
  1.8417438E-04
  1.8407581E-04
  1.8060039E-04
  1.7399534E-04
  1.6455610E-04
  1.5261967E-04
  1.3855484E-04
  1.2274903E-04
  1.0559479E-04
  8.7478620E-05
  6.8773836E-05
  4.9837268E-05
  3.1006937E-05
  1.2597062E-05
 -5.1102052E-06
 -2.1872060E-05
 -3.7486436E-05
 -5.1787116E-05
 -6.4637134E-05
 -7.5925782E-05
 -8.5571257E-05
 -9.3526418E-05
 -9.9781661E-05
 -1.0436043E-04
 -1.0730937E-04
 -1.0869042E-04
 -1.0857952E-04
 -1.0706879E-04
 -1.0426671E-04
 -1.0029467E-04
 -9.5282987E-05
 -8.9367531E-05
 -8.2685590E-05
 -7.5371354E-05
 -6.7553563E-05
 -5.9356251E-05
 -5.0899711E-05
 -4.2298831E-05
 -3.3659730E-05
 -2.5077909E-05
 -1.6639307E-05
 -8.4222265E-06
 -4.9760092E-07
  7.0722617E-06
  1.4234102E-05
  2.0942240E-05
  2.7156904E-05
  3.2844313E-05
  3.7977668E-05
  4.2536922E-05
  4.6507121E-05
  4.9877250E-05
  5.2640185E-05
  5.4792617E-05
  5.6334291E-05
  5.7267669E-05
  5.7598350E-05
  5.7335190E-05
  5.6489695E-05
  5.5076052E-05
  5.3112388E-05
  5.0622086E-05
  4.7634247E-05
  4.4183933E-05
  4.0312752E-05
  3.6069003E-05
  3.1506886E-05
  2.6685673E-05
  2.1669191E-05
  1.6524937E-05
  1.1322465E-05
  6.1320134E-06
  1.0237200E-06
 -3.9335100E-06
 -8.6738282E-06
 -1.3135887E-05
 -1.7263403E-05
 -2.1005826E-05
 -2.4319628E-05
 -2.7169272E-05
 -2.9527366E-05
 -3.1374795E-05
 -3.2701246E-05
 -3.3505308E-05
 -3.3793836E-05
 -3.3581477E-05
 -3.2890723E-05
 -3.1751497E-05
 -3.0200006E-05
 -2.8277833E-05
 -2.6031505E-05
 -2.3511458E-05
 -2.0770181E-05
 -1.7860844E-05
 -1.4836920E-05
 -1.1751601E-05
 -8.6564651E-06
 -5.6004174E-06
 -2.6293146E-06
  2.1469350E-07
  2.8943593E-06
  5.3778876E-06
  7.6385431E-06
  9.6545318E-06
  1.1409487E-05
  1.2892405E-05
  1.4096820E-05
  1.5020582E-05
  1.5666443E-05
  1.6041957E-05
  1.6158283E-05
  1.6029335E-05
  1.5671842E-05
  1.5105015E-05
  1.4349466E-05
  1.3426754E-05
  1.2359847E-05
  1.1172942E-05
  9.8902437E-06
  8.5353558E-06
  7.1317327E-06
  5.7025700E-06
  4.2696929E-06
  2.8531713E-06
  1.4721613E-06
  1.4506531E-07
 -1.1116965E-06
 -2.2843733E-06
 -3.3610947E-06
 -4.3313908E-06
 -5.1870175E-06
 -5.9224258E-06
 -6.5339364E-06
 -7.0192918E-06
 -7.3783303E-06
 -7.6125443E-06
 -7.7223158E-06
 -7.7046789E-06
 -7.5547255E-06
 -7.2694920E-06
 -6.8506524E-06
 -6.3044904E-06
 -5.6405329E-06
 -4.8706052E-06
 -4.0088717E-06
 -3.0722572E-06
 -2.0803006E-06
 -1.0548167E-06
 -2.1192818E-08
  9.8882333E-07
  1.9369577E-06
  2.7839014E-06
  3.4965037E-06
  4.0496971E-06
  4.4229078E-06
  4.5977454E-06
  4.5607326E-06
  4.3070568E-06
  3.8407443E-06
  3.1724630E-06
  2.3183604E-06
  1.3002884E-06
  1.4622287E-07
 -1.1089446E-06
 -2.4223759E-06
 -3.7438335E-06
 -5.0184690E-06
 -6.1900710E-06
 -7.2039243E-06
 -8.0105747E-06
 -8.5700794E-06
 -8.8535571E-06
 -8.8411944E-06
 -8.5205538E-06
 -7.8884514E-06
 -6.9549060E-06
 -5.7459420E-06
 -4.3039763E-06
 -2.6851367E-06
 -9.5276027E-07
  8.3063173E-07
  2.6077705E-06
  4.3259843E-06
  5.9361028E-06
  7.3949323E-06
  8.6689888E-06
  9.7352831E-06
  1.0579713E-05
  1.1196658E-05
  1.1590234E-05
  1.1774018E-05
  1.1767306E-05
  1.1589747E-05
  1.1258169E-05
  1.0787729E-05
  1.0195299E-05
  9.5001342E-06
  8.7197359E-06
  7.8654766E-06
  6.9436855E-06
  5.9608128E-06
  4.9256014E-06
  3.8455373E-06
  2.7225042E-06
  1.5525159E-06
  3.2837465E-07
 -9.5790756E-07
 -2.3129896E-06
 -3.7392567E-06
 -5.2320970E-06
 -6.7788778E-06
 -8.3590758E-06
 -9.9446315E-06
 -1.1500925E-05
 -1.2988180E-05
 -1.4361653E-05
 -1.5570688E-05
 -1.6559990E-05
 -1.7275561E-05
 -1.7672552E-05
 -1.7719729E-05
 -1.7398434E-05
 -1.6699094E-05
 -1.5619655E-05
 -1.4167417E-05
 -1.2362038E-05
 -1.0236537E-05
 -7.8353460E-06
 -5.2106925E-06
 -2.4188930E-06
  4.8280663E-07
  3.4381148E-06
  6.3915063E-06
  9.2863029E-06
  1.2062523E-05
  1.4655919E-05
  1.6999253E-05
  1.9026484E-05
  2.0678437E-05
  2.1906173E-05
  2.2670190E-05
  2.2938722E-05
 -1.1045433E-10
 -5.1902499E-10
 -1.2379316E-09
 -2.1459627E-09
 -3.1352578E-09
 -4.0947352E-09
 -4.9080300E-09
 -5.4811045E-09
 -5.7525753E-09
 -5.6721854E-09
 -5.1955906E-09
 -4.3089563E-09
 -3.0327310E-09
 -1.3925123E-09
  5.8648109E-10
  2.8463230E-09
  5.2860760E-09
  7.7964710E-09
  1.0279937E-08
  1.2630079E-08
  1.4725626E-08
  1.6461509E-08
  1.7760890E-08
  1.8546762E-08
  1.8730827E-08
  1.8240197E-08
  1.7026030E-08
  1.5042630E-08
  1.2260942E-08
  8.7193532E-09
  4.5272310E-09
 -1.9111202E-10
 -5.3157874E-09
 -1.0687620E-08
 -1.6097390E-08
 -2.1338629E-08
 -2.6224114E-08
 -3.0533990E-08
 -3.4009012E-08
 -3.6435296E-08
 -3.7697674E-08
 -3.7728704E-08
 -3.6463611E-08
 -3.3889336E-08
 -3.0100377E-08
 -2.5277469E-08
 -1.9656797E-08
 -1.3548416E-08
 -7.3293567E-09
 -1.3726051E-09
  3.9874921E-09
  8.4102840E-09
  1.1540157E-08
  1.3083358E-08
  1.2843836E-08
  1.0668955E-08
  6.4532806E-09
  2.5798652E-10
 -7.6346733E-09
 -1.6830557E-08
 -2.6916327E-08
 -3.7401286E-08
 -4.7663441E-08
 -5.7040015E-08
 -6.4923256E-08
 -7.0727623E-08
 -7.3861877E-08
 -7.3824509E-08
 -7.0272826E-08
 -6.2951024E-08
 -5.1652883E-08
 -3.6347195E-08
 -1.7271059E-08
  5.1618869E-09
  3.0443907E-08
  5.7888197E-08
  8.6583185E-08
  1.1554873E-07
  1.4385816E-07
  1.7053443E-07
  1.9446954E-07
  2.1458963E-07
  2.3001778E-07
  2.3999672E-07
  2.4382405E-07
  2.4103770E-07
  2.3156578E-07
  2.1557204E-07
  1.9330287E-07
  1.6523542E-07
  1.3220790E-07
  9.5211064E-08
  5.5188423E-08
  1.3196797E-08
 -2.9450145E-08
 -7.1443225E-08
 -1.1173127E-07
 -1.4933069E-07
 -1.8313330E-07
 -2.1219003E-07
 -2.3598130E-07
 -2.5413840E-07
 -2.6615714E-07
 -2.7171615E-07
 -2.7101152E-07
 -2.6441577E-07
 -2.5209931E-07
 -2.3438864E-07
 -2.1215229E-07
 -1.8634373E-07
 -1.5750466E-07
 -1.2622768E-07
 -9.3671048E-08
 -6.0977833E-08
 -2.8636464E-08
  2.8922322E-09
  3.2489115E-08
  5.9173637E-08
  8.2944439E-08
  1.0384166E-07
  1.2098096E-07
  1.3373085E-07
  1.4282969E-07
  1.4884334E-07
  1.5093227E-07
  1.4904960E-07
  1.4500544E-07
  1.3854695E-07
  1.2825721E-07
  1.2865667E-07
  1.9038615E-07
  3.9329507E-07
  8.0849122E-07
  1.4663433E-06
  2.3621251E-06
  3.4827017E-06
  4.8162997E-06
  6.3411862E-06
  8.0196833E-06
  9.8038217E-06
  1.1629607E-05
  1.3394596E-05
  1.4949848E-05
  1.6127300E-05
  1.6778664E-05
  1.6791477E-05
  1.6083086E-05
  1.4594836E-05
  1.2292323E-05
  9.1660886E-06
  5.2398555E-06
  5.9111699E-07
 -4.6396244E-06
 -1.0275267E-05
 -1.6141252E-05
 -2.2070592E-05
 -2.7876413E-05
 -3.3344506E-05
 -3.8267437E-05
 -4.2475149E-05
 -4.5823170E-05
 -4.8168920E-05
 -4.9384238E-05
 -4.9389339E-05
 -4.8155376E-05
 -4.5673369E-05
 -4.1942367E-05
 -3.6998968E-05
 -3.0944368E-05
 -2.3928846E-05
 -1.6116834E-05
 -7.6779797E-06
  1.1952543E-06
  1.0278393E-05
  1.9327490E-05
  2.8094455E-05
  3.6332996E-05
  4.3805689E-05
  5.0299343E-05
  5.5637640E-05
  5.9682123E-05
  6.2330204E-05
  6.3521024E-05
  6.3243824E-05
  6.1536877E-05
  5.8477082E-05
  5.4171156E-05
  4.8753605E-05
  4.2385585E-05
  3.5248937E-05
  2.7538401E-05
  1.9457406E-05
  1.1215830E-05
  3.0234623E-06
 -4.9211926E-06
 -1.2439146E-05
 -1.9371431E-05
 -2.5577203E-05
 -3.0937030E-05
 -3.5360390E-05
 -3.8790764E-05
 -4.1205829E-05
 -4.2614683E-05
 -4.3052692E-05
 -4.2574862E-05
 -4.1252082E-05
 -3.9169554E-05
 -3.6416874E-05
 -3.3065880E-05
 -2.9153096E-05
 -2.4684830E-05
 -1.9656331E-05
 -1.4064775E-05
 -7.9204947E-06
 -1.2737546E-06
  5.7584152E-06
  1.3003304E-05
  2.0274387E-05
  2.7385169E-05
  3.4112927E-05
  4.0170296E-05
  4.5234035E-05
  4.8989510E-05
  5.1129038E-05
  5.1332816E-05
  4.9306356E-05
  4.4859818E-05
  3.7939313E-05
  2.8595863E-05
  1.6981336E-05
  3.4072582E-06
 -1.1627912E-05
 -2.7518392E-05
 -4.3660351E-05
 -5.9473132E-05
 -7.4352429E-05
 -8.7666893E-05
 -9.8816439E-05
 -1.0726375E-04
 -1.1250835E-04
 -1.1408322E-04
 -1.1162429E-04
 -1.0494728E-04
 -9.4057541E-05
 -7.9117810E-05
 -6.0437291E-05
 -3.8481012E-05
 -1.3857985E-05
  1.2712155E-05
  4.0423874E-05
  6.8402354E-05
  9.5731550E-05
  1.2148422E-04
  1.4473542E-04
  1.6458222E-04
  1.8020345E-04
  1.9093814E-04
  1.9632782E-04
  1.9611337E-04
  1.9022742E-04
  1.7879785E-04
  1.6213434E-04
  1.4069064E-04
  1.1503992E-04
  8.5882741E-05
  5.4052027E-05
  2.0478226E-05
 -1.3869139E-05
 -4.8024092E-05
 -8.1044825E-05
 -1.1203319E-04
 -1.4016048E-04
 -1.6468989E-04
 -1.8499362E-04
 -2.0057260E-04
 -2.1107879E-04
 -2.1633279E-04
 -2.1633202E-04
 -2.1124711E-04
 -2.0140188E-04
 -1.8724090E-04
 -1.6930141E-04
 -1.4819911E-04
 -1.2461646E-04
 -9.9278186E-05
 -7.2917261E-05
 -4.6244306E-05
 -1.9924606E-05
  5.4399461E-06
  2.9321372E-05
  5.1266801E-05
  7.0899012E-05
  8.7924767E-05
  1.0214435E-04
  1.1345115E-04
  1.2182484E-04
  1.2732897E-04
  1.3011043E-04
  1.3038596E-04
  1.2841377E-04
  1.2446764E-04
  1.1882849E-04
  1.1178919E-04
  1.0365600E-04
  9.4736453E-05
  8.5318512E-05
  7.5654942E-05
  6.5962275E-05
  5.6428224E-05
  4.7213518E-05
  3.8445192E-05
  3.0214160E-05
  2.2585406E-05
  1.5609272E-05
  9.3181243E-06
  3.7130640E-06
 -1.2395171E-06
 -5.5940973E-06
 -9.4087663E-06
 -1.2739705E-05
 -1.5646157E-05
 -1.8194454E-05
 -2.0454858E-05
 -2.2494525E-05
 -2.4372754E-05
 -2.6140853E-05
 -2.7843658E-05
 -2.9518296E-05
 -3.1189978E-05
 -3.2868873E-05
 -3.4550420E-05
 -3.6216894E-05
 -3.7838359E-05
 -3.9374721E-05
 -4.0779814E-05
 -4.2005177E-05
 -4.3002867E-05
 -4.3729964E-05
 -4.4153974E-05
 -4.4253276E-05
 -4.4011605E-05
 -4.3414388E-05
 -4.2451804E-05
 -4.1122010E-05
 -3.9427963E-05
 -3.7373335E-05
 -3.4965917E-05
 -3.2224511E-05
 -2.9178558E-05
 -2.5859998E-05
 -2.2297081E-05
 -1.8515366E-05
 -1.4541783E-05
 -1.0408283E-05
 -6.1556912E-06
 -1.8365354E-06
  2.4867618E-06
  6.7473597E-06
  1.0877987E-05
  1.4812103E-05
  1.8485633E-05
  2.1840238E-05
  2.4825475E-05
  2.7399277E-05
  2.9529017E-05
  3.1192983E-05
  3.2380060E-05
  3.3088261E-05
  3.3324715E-05
  3.3106371E-05
  3.2458785E-05
  3.1413772E-05
  3.0008638E-05
  2.8286280E-05
  2.6293508E-05
  2.4078612E-05
  2.1690879E-05
  1.9180799E-05
  1.6598204E-05
  1.3989813E-05
  1.1399168E-05
  8.8673314E-06
  6.4312808E-06
  4.1220046E-06
  1.9661488E-06
 -1.0681788E-08
 -1.7840163E-06
 -3.3339268E-06
 -4.6474679E-06
 -5.7189363E-06
 -6.5498061E-06
 -7.1481968E-06
 -7.5268931E-06
 -7.7018494E-06
 -7.6928563E-06
 -7.5239759E-06
 -7.2221528E-06
 -6.8173413E-06
 -6.3454954E-06
 -5.8484402E-06
 -5.3667372E-06
 -4.9325276E-06
 -4.5704292E-06
 -4.3025552E-06
 -4.1485700E-06
 -4.1214248E-06
 -4.2261167E-06
 -4.4618832E-06
 -4.8224806E-06
 -5.2948262E-06
 -5.8604451E-06
 -6.4980372E-06
 -7.1820346E-06
 -7.8792636E-06
 -8.5499623E-06
 -9.1520069E-06
 -9.6426111E-06
 -9.9787139E-06
 -1.0121406E-05
 -1.0041974E-05
 -9.7223456E-06
 -9.1510356E-06
 -8.3221876E-06
 -7.2388730E-06
 -5.9154836E-06
 -4.3785808E-06
 -2.6687517E-06
 -8.4003022E-07
  1.0478610E-06
  2.9389737E-06
  4.7828826E-06
  6.5309709E-06
  8.1371581E-06
  9.5634296E-06
  1.0781778E-05
  1.1771581E-05
  1.2519592E-05
  1.3023275E-05
  1.3290728E-05
  1.3336153E-05
  1.3176542E-05
  1.2830564E-05
  1.2316294E-05
  1.1649878E-05
  1.0848889E-05
  9.9351828E-06
  8.9302421E-06
  7.8487110E-06
  6.7004285E-06
  5.4973830E-06
  4.2538068E-06
  2.9802040E-06
  1.6820150E-06
  3.6322535E-07
 -9.7399175E-07
 -2.3326347E-06
 -3.7179066E-06
 -5.1294423E-06
 -6.5593267E-06
 -7.9956735E-06
 -9.4220322E-06
 -1.0813321E-05
 -1.2137809E-05
 -1.3363197E-05
 -1.4455750E-05
 -1.5374353E-05
 -1.6072448E-05
 -1.6508086E-05
 -1.6649217E-05
 -1.6471575E-05
 -1.5958685E-05
 -1.5105036E-05
 -1.3914299E-05
 -1.2395155E-05
 -1.0564880E-05
 -8.4564163E-06
 -6.1153069E-06
 -3.5894163E-06
 -9.2678511E-07
  1.8192253E-06
  4.5919387E-06
  7.3389465E-06
  1.0009767E-05
  1.2545614E-05
  1.4879601E-05
  1.6948088E-05
  1.8695006E-05
  2.0066549E-05
  2.1012627E-05
  2.1496555E-05
  2.1496235E-05
  2.0996047E-05
  1.9987661E-05
  1.8480710E-05
  1.6503207E-05
  1.4089406E-05
  1.1277014E-05
  8.1192929E-06
  4.6910254E-06
  1.0796402E-06
 -2.6217028E-06
 -6.3119328E-06
 -9.8850724E-06
 -1.3241238E-05
 -1.6289123E-05
 -1.8938623E-05
 -2.1102633E-05
 -2.2709501E-05
 -2.3705865E-05
 -2.4049177E-05
 -2.3712537E-05
 -2.2701846E-05
  1.0162408E-10
  4.9181287E-10
  1.2131594E-09
  2.1688498E-09
  3.2487946E-09
  4.3346948E-09
  5.2942211E-09
  5.9915761E-09
  6.3082779E-09
  6.1497816E-09
  5.4466316E-09
  4.1689412E-09
  2.3357405E-09
 -5.5155880E-13
 -2.7654075E-09
 -5.8422449E-09
 -9.0586703E-09
 -1.2219607E-08
 -1.5149881E-08
 -1.7691068E-08
 -1.9678367E-08
 -2.0954214E-08
 -2.1400380E-08
 -2.0936854E-08
 -1.9507453E-08
 -1.7102174E-08
 -1.3788110E-08
 -9.6887458E-09
 -4.9396034E-09
  3.0767922E-10
  5.8508629E-09
  1.1447519E-08
  1.6862243E-08
  2.1878410E-08
  2.6276922E-08
  2.9848103E-08
  3.2432975E-08
  3.3928512E-08
  3.4259450E-08
  3.3380157E-08
  3.1306104E-08
  2.8118954E-08
  2.3948060E-08
  1.8969278E-08
  1.3393755E-08
  7.4024005E-09
  1.0876979E-09
 -5.5092650E-09
 -1.2320237E-08
 -1.9250068E-08
 -2.6235398E-08
 -3.3245115E-08
 -4.0228375E-08
 -4.7118128E-08
 -5.3882506E-08
 -6.0509564E-08
 -6.6924372E-08
 -7.2957960E-08
 -7.8391693E-08
 -8.2983632E-08
 -8.6460545E-08
 -8.8546329E-08
 -8.9006924E-08
 -8.7625338E-08
 -8.4149690E-08
 -7.8333471E-08
 -7.0027539E-08
 -5.9176642E-08
 -4.5742446E-08
 -2.9711202E-08
 -1.1181378E-08
  9.6249710E-09
  3.2428048E-08
  5.6876097E-08
  8.2451834E-08
  1.0847103E-07
  1.3418898E-07
  1.5884669E-07
  1.8163107E-07
  2.0170127E-07
  2.1829028E-07
  2.3072396E-07
  2.3836412E-07
  2.4065301E-07
  2.3724851E-07
  2.2804862E-07
  2.1310150E-07
  1.9260762E-07
  1.6701640E-07
  1.3700044E-07
  1.0330932E-07
  6.6741705E-08
  2.8241459E-08
 -1.1135036E-08
 -5.0387825E-08
 -8.8607003E-08
 -1.2485540E-07
 -1.5818750E-07
 -1.8782566E-07
 -2.1318945E-07
 -2.3375080E-07
 -2.4903537E-07
 -2.5879979E-07
 -2.6304230E-07
 -2.6181385E-07
 -2.5519884E-07
 -2.4350524E-07
 -2.2726974E-07
 -2.0702977E-07
 -1.8328566E-07
 -1.5670861E-07
 -1.2814060E-07
 -9.8323795E-08
 -6.7852582E-08
 -3.7423099E-08
 -7.8475040E-09
  2.0253307E-08
  4.6499711E-08
  7.0444734E-08
  9.1535711E-08
  1.0946450E-07
  1.2422161E-07
  1.3571918E-07
  1.4373272E-07
  1.4831433E-07
  1.4984757E-07
  1.4856846E-07
  1.4447721E-07
  1.3784965E-07
  1.2931579E-07
  1.1925799E-07
  1.0769119E-07
  9.4923664E-08
  8.1684632E-08
  6.8358339E-08
  5.4817257E-08
  4.1283613E-08
  2.8504797E-08
  1.6740845E-08
  5.5709428E-09
 -4.9024216E-09
 -1.3860262E-08
 -2.1225446E-08
 -2.7763569E-08
 -3.3227586E-08
 -3.6676568E-08
 -3.9068787E-08
 -3.9899021E-08
 -2.4533676E-08
  4.4494843E-08
  2.1670762E-07
  5.2984740E-07
  9.9686235E-07
  1.6139596E-06
  2.3741370E-06
  3.2691096E-06
  4.2832730E-06
  5.3917956E-06
  6.5613931E-06
  7.7442483E-06
  8.8680845E-06
  9.8368337E-06
  1.0546652E-05
  1.0905445E-05
  1.0843004E-05
  1.0310089E-05
  9.2724113E-06
  7.7069672E-06
  5.6075623E-06
  2.9988082E-06
 -5.5247710E-08
 -3.4613363E-06
 -7.1178606E-06
 -1.0923016E-05
 -1.4764113E-05
 -1.8510116E-05
 -2.2024949E-05
 -2.5187099E-05
 -2.7891092E-05
 -3.0034933E-05
 -3.1519441E-05
 -3.2265430E-05
 -3.2225002E-05
 -3.1371936E-05
 -2.9689356E-05
 -2.7177399E-05
 -2.3871868E-05
 -1.9846737E-05
 -1.5196421E-05
 -1.0021402E-05
 -4.4326989E-06
  1.4373245E-06
  7.4354889E-06
  1.3397718E-05
  1.9156465E-05
  2.4545172E-05
  2.9407567E-05
  3.3610027E-05
  3.7046542E-05
  3.9634611E-05
  4.1312258E-05
  4.2041931E-05
  4.1814899E-05
  4.0649556E-05
  3.8586782E-05
  3.5688136E-05
  3.2035965E-05
  2.7731559E-05
  2.2892036E-05
  1.7648070E-05
  1.2140259E-05
  6.5114618E-06
  8.9879813E-07
 -4.5685779E-06
 -9.7668999E-06
 -1.4577676E-05
 -1.8893343E-05
 -2.2623910E-05
 -2.5699648E-05
 -2.8071865E-05
 -2.9716124E-05
 -3.0635158E-05
 -3.0853902E-05
 -3.0407420E-05
 -2.9334724E-05
 -2.7686172E-05
 -2.5531655E-05
 -2.2952969E-05
 -2.0029211E-05
 -1.6838190E-05
 -1.3465258E-05
 -9.9791723E-06
 -6.3737571E-06
 -2.5485097E-06
  1.6129193E-06
  6.1266819E-06
  1.0879895E-05
  1.5711712E-05
  2.0491145E-05
  2.5106345E-05
  2.9422185E-05
  3.3291039E-05
  3.6579291E-05
  3.9122049E-05
  4.0646428E-05
  4.0799514E-05
  3.9294508E-05
  3.6017504E-05
  3.0988565E-05
  2.4272038E-05
  1.5973776E-05
  6.2985418E-06
 -4.4515155E-06
 -1.5939402E-05
 -2.7810876E-05
 -3.9651408E-05
 -5.0993483E-05
 -6.1418425E-05
 -7.0634742E-05
 -7.8424084E-05
 -8.4522362E-05
 -8.8584442E-05
 -9.0260466E-05
 -8.9282679E-05
 -8.5491563E-05
 -7.8829820E-05
 -6.9346526E-05
 -5.7198376E-05
 -4.2622247E-05
 -2.5896545E-05
 -7.3298834E-06
  1.2711728E-05
  3.3761404E-05
  5.5225319E-05
  7.6401222E-05
  9.6543612E-05
  1.1494170E-04
  1.3096747E-04
  1.4408624E-04
  1.5385756E-04
  1.5994518E-04
  1.6212628E-04
  1.6029151E-04
  1.5444601E-04
  1.4471651E-04
  1.3134858E-04
  1.1468345E-04
  9.5130599E-05
  7.3154915E-05
  4.9272465E-05
  2.4039487E-05
 -1.9633299E-06
 -2.8142049E-05
 -5.3901760E-05
 -7.8669524E-05
 -1.0191780E-04
 -1.2317031E-04
 -1.4199350E-04
 -1.5799399E-04
 -1.7082795E-04
 -1.8021198E-04
 -1.8593199E-04
 -1.8785831E-04
 -1.8596261E-04
 -1.8031771E-04
 -1.7107744E-04
 -1.5845796E-04
 -1.4273863E-04
 -1.2427219E-04
 -1.0348712E-04
 -8.0881109E-05
 -5.7011581E-05
 -3.2477947E-05
 -7.8890153E-06
  1.6171198E-05
  3.9158636E-05
  6.0566086E-05
  7.9923899E-05
  9.6818672E-05
  1.1092077E-04
  1.2200332E-04
  1.2994543E-04
  1.3472349E-04
  1.3639792E-04
  1.3510208E-04
  1.3103517E-04
  1.2445517E-04
  1.1566943E-04
  1.0502743E-04
  9.2916162E-05
  7.9747224E-05
  6.5928842E-05
  5.1837953E-05
  3.7813159E-05
  2.4163619E-05
  1.1168737E-05
 -9.3708331E-07
 -1.1970235E-05
 -2.1779922E-05
 -3.0229445E-05
 -3.7205027E-05
 -4.2642692E-05
 -4.6538877E-05
 -4.8933351E-05
 -4.9886679E-05
 -4.9473198E-05
 -4.7785154E-05
 -4.4933884E-05
 -4.1046300E-05
 -3.6264624E-05
 -3.0751959E-05
 -2.4695946E-05
 -1.8300820E-05
 -1.1768037E-05
 -5.2799023E-06
  9.9875706E-07
  6.9063599E-06
  1.2281880E-05
  1.6984379E-05
  2.0913891E-05
  2.4009485E-05
  2.6232361E-05
  2.7560125E-05
  2.7995447E-05
  2.7568054E-05
  2.6323803E-05
  2.4319914E-05
  2.1634925E-05
  1.8373519E-05
  1.4651207E-05
  1.0576316E-05
  6.2522040E-06
  1.7913935E-06
 -2.6840498E-06
 -7.0586475E-06
 -1.1234464E-05
 -1.5125739E-05
 -1.8650429E-05
 -2.1732772E-05
 -2.4312889E-05
 -2.6352067E-05
 -2.7831526E-05
 -2.8750357E-05
 -2.9125764E-05
 -2.8993551E-05
 -2.8405831E-05
 -2.7425438E-05
 -2.6119758E-05
 -2.4557523E-05
 -2.2808597E-05
 -2.0943322E-05
 -1.9029596E-05
 -1.7129829E-05
 -1.5298916E-05
 -1.3581210E-05
 -1.2006347E-05
 -1.0587923E-05
 -9.3266790E-06
 -8.2139159E-06
 -7.2319872E-06
 -6.3548168E-06
 -5.5512487E-06
 -4.7882104E-06
 -4.0307018E-06
 -3.2417524E-06
 -2.3862963E-06
 -1.4368306E-06
 -3.7644440E-07
  8.0117013E-07
  2.0932121E-06
  3.4909735E-06
  4.9835626E-06
  6.5582863E-06
  8.1975631E-06
  9.8780192E-06
  1.1574252E-05
  1.3262036E-05
  1.4917306E-05
  1.6515312E-05
  1.8033526E-05
  1.9453457E-05
  2.0756719E-05
  2.1920092E-05
  2.2916412E-05
  2.3719396E-05
  2.4306182E-05
  2.4656987E-05
  2.4754938E-05
  2.4585879E-05
  2.4137269E-05
  2.3398728E-05
  2.2365304E-05
  2.1039161E-05
  1.9427156E-05
  1.7538616E-05
  1.5386586E-05
  1.2988732E-05
  1.0365309E-05
  7.5389744E-06
  4.5393635E-06
  1.4064381E-06
 -1.8122269E-06
 -5.0650688E-06
 -8.2957467E-06
 -1.1442139E-05
 -1.4439918E-05
 -1.7226172E-05
 -1.9738358E-05
 -2.1913969E-05
 -2.3696557E-05
 -2.5042362E-05
 -2.5919919E-05
 -2.6306399E-05
 -2.6188378E-05
 -2.5565243E-05
 -2.4449506E-05
 -2.2865721E-05
 -2.0851683E-05
 -1.8458088E-05
 -1.5742753E-05
 -1.2765122E-05
 -9.5871410E-06
 -6.2759964E-06
 -2.9026132E-06
  4.6035211E-07
  3.7364539E-06
  6.8448994E-06
  9.7068405E-06
  1.2251952E-05
  1.4418184E-05
  1.6150203E-05
  1.7403483E-05
  1.8148687E-05
  1.8369854E-05
  1.8062326E-05
  1.7236538E-05
  1.5920014E-05
  1.4150794E-05
  1.1972375E-05
  9.4405004E-06
  6.6317280E-06
  3.6388037E-06
  5.5834653E-07
 -2.5138174E-06
 -5.4805832E-06
 -8.2462593E-06
 -1.0723166E-05
 -1.2832947E-05
 -1.4504577E-05
 -1.5677564E-05
 -1.6308044E-05
 -1.6370843E-05
 -1.5860982E-05
 -1.4799118E-05
 -1.3232343E-05
 -1.1223385E-05
 -8.8398983E-06
 -6.1564178E-06
 -3.2596290E-06
 -2.4247356E-07
  2.8062175E-06
  5.8024093E-06
  8.6630498E-06
  1.1310421E-05
  1.3679273E-05
  1.5715341E-05
  1.7372091E-05
  1.8616422E-05
  1.9433186E-05
  1.9815721E-05
  1.9755271E-05
  1.9247724E-05
 -4.7656241E-12
 -5.2315888E-11
 -2.2833106E-10
 -6.2692684E-10
 -1.3150878E-09
 -2.3214253E-09
 -3.6300625E-09
 -5.1821543E-09
 -6.8791772E-09
 -8.5860359E-09
 -1.0139988E-08
 -1.1370997E-08
 -1.2127094E-08
 -1.2287844E-08
 -1.1759250E-08
 -1.0468032E-08
 -8.3755314E-09
 -5.5012510E-09
 -1.9280924E-09
  2.2125175E-09
  6.7498753E-09
  1.1471781E-08
  1.6136806E-08
  2.0508828E-08
  2.4380540E-08
  2.7563566E-08
  2.9872954E-08
  3.1139756E-08
  3.1239850E-08
  3.0109153E-08
  2.7747355E-08
  2.4227225E-08
  1.9699012E-08
  1.4369309E-08
  8.4662783E-09
  2.2203146E-09
 -4.1377972E-09
 -1.0378972E-08
 -1.6279815E-08
 -2.1621641E-08
 -2.6195742E-08
 -2.9825728E-08
 -3.2389231E-08
 -3.3820402E-08
 -3.4110183E-08
 -3.3324874E-08
 -3.1620715E-08
 -2.9222029E-08
 -2.6381315E-08
 -2.3365876E-08
 -2.0469013E-08
 -1.8003428E-08
 -1.6267162E-08
 -1.5516431E-08
 -1.5961284E-08
 -1.7758179E-08
 -2.0979616E-08
 -2.5577064E-08
 -3.1363172E-08
 -3.8022549E-08
 -4.5145001E-08
 -5.2262589E-08
 -5.8868245E-08
 -6.4418913E-08
 -6.8355405E-08
 -7.0150662E-08
 -6.9350271E-08
 -6.5576394E-08
 -5.8523092E-08
 -4.7981153E-08
 -3.3877086E-08
 -1.6289860E-08
  4.5474273E-09
  2.8234027E-08
  5.4188856E-08
  8.1668993E-08
  1.0981048E-07
  1.3766353E-07
  1.6422717E-07
  1.8849786E-07
  2.0951184E-07
  2.2636191E-07
  2.3821929E-07
  2.4439160E-07
  2.4438555E-07
  2.3793059E-07
  2.2498088E-07
  2.0572980E-07
  1.8061495E-07
  1.5027928E-07
  1.1551933E-07
  7.7264517E-08
  3.6563797E-08
 -5.4624607E-09
 -4.7679208E-08
 -8.8959311E-08
 -1.2820001E-07
 -1.6437542E-07
 -1.9658980E-07
 -2.2408319E-07
 -2.4622466E-07
 -2.6254452E-07
 -2.7276752E-07
 -2.7679266E-07
 -2.7466118E-07
 -2.6657230E-07
 -2.5290353E-07
 -2.3417212E-07
 -2.1098329E-07
 -1.8403060E-07
 -1.5410291E-07
 -1.2203319E-07
 -8.8642636E-08
 -5.4747673E-08
 -2.1169512E-08
  1.1322022E-08
  4.2058126E-08
  7.0440102E-08
  9.5912476E-08
  1.1802143E-07
  1.3646168E-07
  1.5102331E-07
  1.6155106E-07
  1.6801255E-07
  1.7054246E-07
  1.6935104E-07
  1.6465387E-07
  1.5675528E-07
  1.4610870E-07
  1.3320040E-07
  1.1845427E-07
  1.0233336E-07
  8.5413667E-08
  6.8233014E-08
  5.1175796E-08
  3.4617948E-08
  1.9027468E-08
  4.7664273E-09
 -8.0389437E-09
 -1.9268272E-08
 -2.8666591E-08
 -3.6135205E-08
 -4.1891731E-08
 -4.6089355E-08
 -4.8611803E-08
 -4.9547218E-08
 -4.9410538E-08
 -4.8493785E-08
 -4.6601894E-08
 -4.3940005E-08
 -4.1325961E-08
 -3.8774925E-08
 -3.5483485E-08
 -3.2517171E-08
 -3.1403282E-08
 -2.2153422E-08
  3.0163438E-08
  1.8085029E-07
  4.8008815E-07
  9.5023779E-07
  1.5881109E-06
  2.3833247E-06
  3.3267515E-06
  4.4033864E-06
  5.5874384E-06
  6.8468917E-06
  8.1413828E-06
  9.4053030E-06
  1.0537784E-05
  1.1421314E-05
  1.1954357E-05
  1.2064709E-05
  1.1698397E-05
  1.0810005E-05
  9.3689468E-06
  7.3677556E-06
  4.8211414E-06
  1.7671168E-06
 -1.7224236E-06
 -5.5396058E-06
 -9.5613550E-06
 -1.3672365E-05
 -1.7761226E-05
 -2.1699962E-05
 -2.5344169E-05
 -2.8559736E-05
 -3.1240888E-05
 -3.3299002E-05
 -3.4647928E-05
 -3.5213656E-05
 -3.4952758E-05
 -3.3848926E-05
 -3.1894968E-05
 -2.9093560E-05
 -2.5479374E-05
 -2.1128679E-05
 -1.6140606E-05
 -1.0617003E-05
 -4.6667101E-06
  1.5793557E-06
  7.9687361E-06
  1.4340982E-05
  2.0533718E-05
  2.6380481E-05
  3.1717340E-05
  3.6399604E-05
  4.0310544E-05
  4.3355747E-05
  4.5458451E-05
  4.6566201E-05
  4.6658170E-05
  4.5741584E-05
  4.3843633E-05
  4.1010451E-05
  3.7311405E-05
  3.2839598E-05
  2.7708011E-05
  2.2046665E-05
  1.5999998E-05
  9.7199209E-06
  3.3568540E-06
 -2.9440612E-06
 -9.0408575E-06
 -1.4793790E-05
 -2.0070383E-05
 -2.4753681E-05
 -2.8748285E-05
 -3.1982861E-05
 -3.4411827E-05
 -3.6017147E-05
 -3.6805664E-05
 -3.6799211E-05
 -3.6026646E-05
 -3.4530392E-05
 -3.2379481E-05
 -2.9664239E-05
 -2.6472386E-05
 -2.2883161E-05
 -1.8991261E-05
 -1.4903952E-05
 -1.0666774E-05
 -6.1935589E-06
 -1.3284116E-06
  3.9817842E-06
  9.5971600E-06
  1.5287875E-05
  2.0885802E-05
  2.6287635E-05
  3.1353426E-05
  3.5899655E-05
  3.9796898E-05
  4.2964639E-05
  4.5205379E-05
  4.6123962E-05
  4.5314697E-05
  4.2612483E-05
  3.8094757E-05
  3.1882748E-05
  2.4061916E-05
  1.4802081E-05
  4.4199751E-06
 -6.7496221E-06
 -1.8450592E-05
 -3.0383388E-05
 -4.2062937E-05
 -5.2930685E-05
 -6.2603212E-05
 -7.0912181E-05
 -7.7703939E-05
 -8.2716288E-05
 -8.5687025E-05
 -8.6472894E-05
 -8.4985979E-05
 -8.1097372E-05
 -7.4715477E-05
 -6.5934742E-05
 -5.5012060E-05
 -4.2193613E-05
 -2.7638001E-05
 -1.1513450E-05
  5.9074027E-06
  2.4271132E-05
  4.3183391E-05
  6.2170613E-05
  8.0651509E-05
  9.8017787E-05
  1.1374627E-04
  1.2741180E-04
  1.3862646E-04
  1.4702779E-04
  1.5233310E-04
  1.5436871E-04
  1.5304274E-04
  1.4832684E-04
  1.4027816E-04
  1.2904992E-04
  1.1486068E-04
  9.7970187E-05
  7.8699399E-05
  5.7454497E-05
  3.4704361E-05
  1.0930984E-05
 -1.3393072E-05
 -3.7791848E-05
 -6.1775230E-05
 -8.4853382E-05
 -1.0656215E-04
 -1.2647703E-04
 -1.4421233E-04
 -1.5942019E-04
 -1.7180493E-04
 -1.8114736E-04
 -1.8731132E-04
 -1.9021712E-04
 -1.8980984E-04
 -1.8606351E-04
 -1.7901538E-04
 -1.6878231E-04
 -1.5553957E-04
 -1.3949911E-04
 -1.2092032E-04
 -1.0013115E-04
 -7.7522680E-05
 -5.3523727E-05
 -2.8589544E-05
 -3.2099379E-06
  2.2088425E-05
  4.6757021E-05
  7.0245551E-05
  9.2020695E-05
  1.1159039E-04
  1.2853084E-04
  1.4250138E-04
  1.5324478E-04
  1.6058730E-04
  1.6444433E-04
  1.6482179E-04
  1.6180950E-04
  1.5557661E-04
  1.4637253E-04
  1.3452116E-04
  1.2040060E-04
  1.0441968E-04
  8.7005385E-05
  6.8598041E-05
  4.9642586E-05
  3.0572897E-05
  1.1797823E-05
 -6.3042480E-06
 -2.3384757E-05
 -3.9126393E-05
 -5.3250806E-05
 -6.5527805E-05
 -7.5778400E-05
 -8.3873034E-05
 -8.9733403E-05
 -9.3336785E-05
 -9.4709525E-05
 -9.3908202E-05
 -9.1010159E-05
 -8.6129017E-05
 -7.9435391E-05
 -7.1152026E-05
 -6.1527287E-05
 -5.0819457E-05
 -3.9301616E-05
 -2.7262082E-05
 -1.4986508E-05
 -2.7434198E-06
  9.2079981E-06
  2.0606361E-05
  3.1199055E-05
  4.0766434E-05
  4.9130304E-05
  5.6144068E-05
  6.1688013E-05
  6.5678243E-05
  6.8072768E-05
  6.8865513E-05
  6.8081521E-05
  6.5783483E-05
  6.2076950E-05
  5.7100260E-05
  5.1007057E-05
  4.3959684E-05
  3.6135232E-05
  2.7730002E-05
  1.8954259E-05
  1.0023661E-05
  1.1544544E-06
 -7.4405611E-06
 -1.5561000E-05
 -2.3030245E-05
 -2.9701299E-05
 -3.5455196E-05
 -4.0198593E-05
 -4.3866163E-05
 -4.6425397E-05
 -4.7878282E-05
 -4.8259524E-05
 -4.7634738E-05
 -4.6098216E-05
 -4.3766591E-05
 -4.0769264E-05
 -3.7241658E-05
 -3.3323311E-05
 -2.9155311E-05
 -2.4873350E-05
 -2.0600875E-05
 -1.6447513E-05
 -1.2509858E-05
 -8.8685565E-06
 -5.5828405E-06
 -2.6894331E-06
 -2.0806829E-07
  1.8520287E-06
  3.4904701E-06
  4.7181911E-06
  5.5590567E-06
  6.0472003E-06
  6.2215622E-06
  6.1223082E-06
  5.7916773E-06
  5.2759797E-06
  4.6233249E-06
  3.8771768E-06
  3.0718311E-06
  2.2336017E-06
  1.3844988E-06
  5.4404404E-07
 -2.7004671E-07
 -1.0396355E-06
 -1.7434211E-06
 -2.3566545E-06
 -2.8531542E-06
 -3.2069261E-06
 -3.3922263E-06
 -3.3828526E-06
 -3.1515174E-06
 -2.6705518E-06
 -1.9156869E-06
 -8.7222679E-07
  4.6051741E-07
  2.0696054E-06
  3.9318866E-06
  6.0166317E-06
  8.2859842E-06
  1.0694248E-05
  1.3187371E-05
  1.5704121E-05
  1.8179901E-05
  2.0551517E-05
  2.2759734E-05
  2.4749190E-05
  2.6468377E-05
  2.7870352E-05
  2.8911943E-05
  2.9551356E-05
  2.9747678E-05
  2.9463892E-05
  2.8670513E-05
  2.7347513E-05
  2.5485828E-05
  2.3089242E-05
  2.0174994E-05
  1.6772836E-05
  1.2924451E-05
  8.6829932E-06
  4.1107860E-06
 -7.2257808E-07
 -5.7368698E-06
 -1.0834818E-05
 -1.5901962E-05
 -2.0815700E-05
 -2.5455065E-05
 -2.9703935E-05
 -3.3451142E-05
 -3.6593177E-05
 -3.9037717E-05
 -4.0704563E-05
 -4.1526815E-05
 -4.1456158E-05
 -4.0469644E-05
 -3.8573653E-05
 -3.5805831E-05
 -3.2236348E-05
 -2.7964987E-05
 -2.3112214E-05
 -1.7809638E-05
 -1.2195129E-05
 -6.4101405E-06
 -5.9531158E-07
  5.1134734E-06
  1.0585768E-05
  1.5697631E-05
  2.0337033E-05
  2.4410627E-05
  2.7847693E-05
  3.0602154E-05
  3.2652788E-05
  3.3996985E-05
  3.4639059E-05
  3.4584897E-05
  3.3849617E-05
  3.2467244E-05
  3.0488358E-05
  2.7969063E-05
  2.4964349E-05
  2.1527601E-05
  1.7708582E-05
  1.3550720E-05
  9.0966969E-06
 -2.3513050E-10
 -1.1097634E-09
 -2.6571758E-09
 -4.6012314E-09
 -6.6637416E-09
 -8.5757232E-09
 -1.0090840E-08
 -1.1004601E-08
 -1.1168073E-08
 -1.0485236E-08
 -8.9049967E-09
 -6.4252292E-09
 -3.1020280E-09
  9.5530295E-10
  5.5997371E-09
  1.0652609E-08
  1.5903073E-08
  2.1121693E-08
  2.6084590E-08
  3.0582378E-08
  3.4412771E-08
  3.7384204E-08
  3.9336548E-08
  4.0153349E-08
  3.9755982E-08
  3.8101611E-08
  3.5193832E-08
  3.1085428E-08
  2.5865702E-08
  1.9654104E-08
  1.2608321E-08
  4.9245852E-09
 -3.1796512E-09
 -1.1479428E-08
 -1.9742322E-08
 -2.7734085E-08
 -3.5236752E-08
 -4.2057145E-08
 -4.8019174E-08
 -5.2964683E-08
 -5.6770645E-08
 -5.9356058E-08
 -6.0670487E-08
 -6.0696934E-08
 -5.9483611E-08
 -5.7167959E-08
 -5.3961152E-08
 -5.0113307E-08
 -4.5891728E-08
 -4.1570768E-08
 -3.7420250E-08
 -3.3697109E-08
 -3.0642440E-08
 -2.8470497E-08
 -2.7348204E-08
 -2.7379842E-08
 -2.8592515E-08
 -3.0905490E-08
 -3.4104435E-08
 -3.7864105E-08
 -4.1807464E-08
 -4.5537160E-08
 -4.8622532E-08
 -5.0597237E-08
 -5.0997265E-08
 -4.9399027E-08
 -4.5428749E-08
 -3.8772029E-08
 -2.9199057E-08
 -1.6572528E-08
 -8.3409191E-10
  1.7978717E-08
  3.9672880E-08
  6.3863880E-08
  8.9999915E-08
  1.1739475E-07
  1.4523300E-07
  1.7259465E-07
  1.9852729E-07
  2.2210268E-07
  2.4240939E-07
  2.5853996E-07
  2.6964005E-07
  2.7498700E-07
  2.7403706E-07
  2.6645566E-07
  2.5215735E-07
  2.3131798E-07
  2.0433029E-07
  1.7175839E-07
  1.3433980E-07
  9.2985843E-08
  4.8728467E-08
  2.6606131E-09
 -4.4074362E-08
 -9.0290243E-08
 -1.3482141E-07
 -1.7659542E-07
 -2.1464569E-07
 -2.4809938E-07
 -2.7620888E-07
 -2.9839941E-07
 -3.1427169E-07
 -3.2358358E-07
 -3.2626488E-07
 -3.2243722E-07
 -3.1239054E-07
 -2.9654692E-07
 -2.7545573E-07
 -2.4978451E-07
 -2.2026819E-07
 -1.8766895E-07
 -1.5278935E-07
 -1.1647504E-07
 -7.9553885E-08
 -4.2782162E-08
 -6.8629120E-09
  2.7531943E-08
  5.9805707E-08
  8.9476409E-08
  1.1613776E-07
  1.3941957E-07
  1.5903353E-07
  1.7482577E-07
  1.8673884E-07
  1.9475713E-07
  1.9893733E-07
  1.9945124E-07
  1.9653682E-07
  1.9043527E-07
  1.8142629E-07
  1.6988184E-07
  1.5621613E-07
  1.4080956E-07
  1.2403611E-07
  1.0631771E-07
  8.8073129E-08
  6.9642873E-08
  5.1329920E-08
  3.3468289E-08
  1.6369661E-08
  2.4430591E-10
 -1.4736294E-08
 -2.8338091E-08
 -4.0320295E-08
 -5.0556729E-08
 -5.9008538E-08
 -6.5622984E-08
 -7.0373602E-08
 -7.3366181E-08
 -7.4785696E-08
 -7.4764152E-08
 -7.3415762E-08
 -7.0967900E-08
 -6.7727349E-08
 -6.3945009E-08
 -5.9842542E-08
 -5.5727362E-08
 -5.1915844E-08
 -4.8557379E-08
 -4.5684882E-08
 -4.3404746E-08
 -4.1856691E-08
 -4.1008956E-08
 -4.0688381E-08
 -4.0797936E-08
 -4.1295870E-08
 -4.1973728E-08
 -4.2493362E-08
 -4.2655309E-08
 -4.2394799E-08
 -4.1516394E-08
 -3.9711221E-08
 -3.6854985E-08
 -3.2996205E-08
 -2.8043111E-08
 -2.1808770E-08
 -1.4387078E-08
 -6.0966681E-09
  2.9573171E-09
  1.2818904E-08
  2.3238407E-08
  3.3877875E-08
  4.4743487E-08
  5.5550586E-08
  6.5803469E-08
  7.9754308E-08
  1.1499379E-07
  2.0509354E-07
  3.8934809E-07
  6.9707818E-07
  1.1414791E-06
  1.7262536E-06
  2.4524788E-06
  3.3158935E-06
  4.3012114E-06
  5.3839512E-06
  6.5351719E-06
  7.7157019E-06
  8.8614406E-06
  9.8793025E-06
  1.0664819E-05
  1.1125871E-05
  1.1189731E-05
  1.0793723E-05
  9.8807432E-06
  8.4106377E-06
  6.3734396E-06
  3.7871441E-06
  6.8450572E-07
 -2.8917689E-06
 -6.8780246E-06
 -1.1175736E-05
 -1.5649279E-05
 -2.0134874E-05
 -2.4450932E-05
 -2.8406292E-05
 -3.1811178E-05
 -3.4492768E-05
 -3.6308265E-05
 -3.7147751E-05
 -3.6929156E-05
 -3.5596084E-05
 -3.3125420E-05
 -2.9540312E-05
 -2.4917994E-05
 -1.9386909E-05
 -1.3116016E-05
 -6.3018233E-06
  8.4372823E-07
  8.1035232E-06
  1.5262824E-05
  2.2114727E-05
  2.8465985E-05
  3.4144170E-05
  3.9003557E-05
  4.2927033E-05
  4.5825484E-05
  4.7637845E-05
  4.8332280E-05
  4.7906422E-05
  4.6386078E-05
  4.3823518E-05
  4.0295530E-05
  3.5900703E-05
  3.0756415E-05
  2.4996025E-05
  1.8765004E-05
  1.2215623E-05
  5.5026467E-06
 -1.2186920E-06
 -7.7958384E-06
 -1.4085511E-05
 -1.9958818E-05
 -2.5299463E-05
 -2.9999414E-05
 -3.3960991E-05
 -3.7104393E-05
 -3.9370800E-05
 -4.0718947E-05
 -4.1123894E-05
 -4.0581999E-05
 -3.9114144E-05
 -3.6762100E-05
 -3.3585427E-05
 -2.9665360E-05
 -2.5108919E-05
 -2.0044879E-05
 -1.4616222E-05
 -8.9777623E-06
 -3.2953512E-06
  2.2639792E-06
  7.5511280E-06
  1.2452304E-05
  1.6895759E-05
  2.0846768E-05
  2.4295552E-05
  2.7248234E-05
  2.9728326E-05
  3.1778189E-05
  3.3440192E-05
  3.4723857E-05
  3.5597310E-05
  3.6018093E-05
  3.5958506E-05
  3.5380119E-05
  3.4189521E-05
  3.2246997E-05
  2.9427127E-05
  2.5650546E-05
  2.0851061E-05
  1.4948106E-05
  7.8903613E-06
 -2.7613623E-07
 -9.4025954E-06
 -1.9284524E-05
 -2.9674120E-05
 -4.0236846E-05
 -5.0526935E-05
 -6.0028717E-05
 -6.8216264E-05
 -7.4581250E-05
 -7.8656230E-05
 -8.0071390E-05
 -7.8609140E-05
 -7.4201489E-05
 -6.6893197E-05
 -5.6839686E-05
 -4.4343622E-05
 -2.9867439E-05
 -1.3999419E-05
  2.5795289E-06
  1.9105248E-05
  3.4764937E-05
  4.8793387E-05
  6.0579114E-05
  6.9703950E-05
  7.5917502E-05
  7.9109588E-05
  7.9309117E-05
  7.6680211E-05
  7.1496630E-05
  6.4118867E-05
  5.4993980E-05
  4.4655040E-05
  3.3689124E-05
  2.2681241E-05
  1.2168028E-05
  2.6179296E-06
 -5.5755540E-06
 -1.2107512E-05
 -1.6785572E-05
 -1.9547650E-05
 -2.0453212E-05
 -1.9649369E-05
 -1.7340144E-05
 -1.3781073E-05
 -9.2824976E-06
 -4.1903586E-06
  1.1478105E-06
  6.3927346E-06
  1.1196817E-05
  1.5211559E-05
  1.8144128E-05
  1.9811592E-05
  2.0134550E-05
  1.9092968E-05
  1.6710615E-05
  1.3073957E-05
  8.3312716E-06
  2.6578382E-06
 -3.7614841E-06
 -1.0709041E-05
 -1.7922717E-05
 -2.5137131E-05
 -3.2133546E-05
 -3.8736307E-05
 -4.4774046E-05
 -5.0070950E-05
 -5.4475579E-05
 -5.7874968E-05
 -6.0175473E-05
 -6.1291401E-05
 -6.1165403E-05
 -5.9786737E-05
 -5.7175497E-05
 -5.3354775E-05
 -4.8348113E-05
 -4.2200430E-05
 -3.4995748E-05
 -2.6862828E-05
 -1.7975839E-05
 -8.5491156E-06
  1.1777574E-06
  1.0955042E-05
  2.0527708E-05
  2.9637005E-05
  3.8029997E-05
  4.5472858E-05
  5.1758903E-05
  5.6715919E-05
  6.0219700E-05
  6.2205560E-05
  6.2666397E-05
  6.1643019E-05
  5.9219310E-05
  5.5520493E-05
  5.0705639E-05
  4.4958026E-05
  3.8482420E-05
  3.1503903E-05
  2.4255911E-05
  1.6960785E-05
  9.8174041E-06
  2.9988332E-06
 -3.3497281E-06
 -9.1166403E-06
 -1.4229289E-05
 -1.8659701E-05
 -2.2430861E-05
 -2.5613008E-05
 -2.8301169E-05
 -3.0588657E-05
 -3.2559772E-05
 -3.4297747E-05
 -3.5881290E-05
 -3.7362981E-05
 -3.8753544E-05
 -4.0025279E-05
 -4.1113875E-05
 -4.1900392E-05
 -4.2194573E-05
 -4.1752894E-05
 -4.0324489E-05
 -3.7682505E-05
 -3.3620403E-05
 -2.7941889E-05
 -2.0482337E-05
 -1.1159811E-05
 -2.0832886E-08
  1.2742770E-05
  2.6800324E-05
  4.1700478E-05
  5.6901932E-05
  7.1814909E-05
  8.5833497E-05
  9.8342469E-05
  1.0871493E-04
  1.1633500E-04
  1.2065334E-04
  1.2124781E-04
  1.1786525E-04
  1.1044722E-04
  9.9143159E-05
  8.4295782E-05
  6.6393419E-05
  4.6019690E-05
  2.3833905E-05
  5.7202487E-07
 -2.2970737E-05
 -4.5986115E-05
 -6.7700275E-05
 -8.7402943E-05
 -1.0446979E-04
 -1.1839066E-04
 -1.2879298E-04
 -1.3544581E-04
 -1.3825172E-04
 -1.3724051E-04
 -1.3256406E-04
 -1.2448344E-04
 -1.1334893E-04
 -9.9582932E-05
 -8.3669096E-05
 -6.6141329E-05
 -4.7565365E-05
 -2.8512426E-05
 -9.5324031E-06
  8.8631914E-06
  2.6205911E-05
  4.2072650E-05
  5.6095021E-05
  6.7970963E-05
  7.7468867E-05
  8.4428488E-05
  8.8769819E-05
  9.0503745E-05
  8.9725167E-05
  8.6586784E-05
  8.1276979E-05
  7.4017749E-05
  6.5070570E-05
  5.4732169E-05
  4.3321939E-05
  3.1172163E-05
  1.8619699E-05
  5.9912982E-06
 -6.4129053E-06
 -1.8324652E-05
 -2.9499999E-05
 -3.9712155E-05
 -4.8755268E-05
 -5.6455752E-05
 -6.2680629E-05
 -6.7338042E-05
 -7.0374372E-05
 -7.1774375E-05
 -7.1562637E-05
 -6.9797876E-05
 -6.6560038E-05
 -6.1943334E-05
 -5.6063815E-05
 -4.9069171E-05
 -4.1133339E-05
 -3.2440275E-05
 -2.3176104E-05
 -1.3532579E-05
 -3.7053851E-06
  6.1182050E-06
  1.5765952E-05
  2.5071702E-05
  3.3865548E-05
  4.1979227E-05
  4.9260023E-05
  5.5577206E-05
  6.0820556E-05
  6.4901746E-05
  6.7760411E-05
  6.9367248E-05
  6.9721515E-05
  6.8847919E-05
  6.6796361E-05
  5.8300441E-11
  2.9565317E-10
  7.7222884E-10
  1.4628009E-09
  2.3116591E-09
  3.2599932E-09
  4.2632156E-09
  5.2815166E-09
  6.2704095E-09
  7.1925315E-09
  8.0280929E-09
  8.7606873E-09
  9.3605239E-09
  9.7946815E-09
  1.0047557E-08
  1.0117532E-08
  9.9980095E-09
  9.6754018E-09
  9.1424406E-09
  8.3993230E-09
  7.4429165E-09
  6.2686842E-09
  4.8851705E-09
  3.3165017E-09
  1.5895334E-09
 -2.7344060E-10
 -2.2505364E-09
 -4.3179593E-09
 -6.4510539E-09
 -8.6195344E-09
 -1.0782875E-08
 -1.2897439E-08
 -1.4925458E-08
 -1.6830569E-08
 -1.8570237E-08
 -2.0101760E-08
 -2.1390198E-08
 -2.2400448E-08
 -2.3088363E-08
 -2.3413056E-08
 -2.3354167E-08
 -2.2905587E-08
 -2.2059872E-08
 -2.0819318E-08
 -1.9228686E-08
 -1.7391525E-08
 -1.5459207E-08
 -1.3613734E-08
 -1.2052599E-08
 -1.0969228E-08
 -1.0537985E-08
 -1.0914736E-08
 -1.2236590E-08
 -1.4604495E-08
 -1.8067501E-08
 -2.2624857E-08
 -2.8217372E-08
 -3.4686330E-08
 -4.1744183E-08
 -4.9007088E-08
 -5.6056329E-08
 -6.2459904E-08
 -6.7759188E-08
 -7.1479739E-08
 -7.3172224E-08
 -7.2436478E-08
 -6.8922361E-08
 -6.2345421E-08
 -5.2517528E-08
 -3.9356351E-08
 -2.2880098E-08
 -3.2280028E-09
  1.9302691E-08
  4.4251131E-08
  7.1016203E-08
  9.8866593E-08
  1.2694713E-07
  1.5432897E-07
  1.8008740E-07
  2.0333881E-07
  2.2323238E-07
  2.3896058E-07
  2.4980943E-07
  2.5520421E-07
  2.5473597E-07
  2.4819821E-07
  2.3562312E-07
  2.1726964E-07
  1.9357431E-07
  1.6512389E-07
  1.3264903E-07
  9.6987790E-08
  5.9029333E-08
  1.9698049E-08
 -2.0035472E-08
 -5.9188984E-08
 -9.6841035E-08
 -1.3215983E-07
 -1.6438423E-07
 -1.9283610E-07
 -2.1697110E-07
 -2.3638977E-07
 -2.5079996E-07
 -2.6001402E-07
 -2.6399431E-07
 -2.6286142E-07
 -2.5684332E-07
 -2.4624822E-07
 -2.3148849E-07
 -2.1308117E-07
 -1.9159921E-07
 -1.6764339E-07
 -1.4185657E-07
 -1.1491247E-07
 -8.7464244E-08
 -6.0121096E-08
 -3.3459784E-08
 -8.0020683E-09
  1.5832793E-08
  3.7716347E-08
  5.7358271E-08
  7.4520855E-08
  8.9087663E-08
  1.0105911E-07
  1.1047530E-07
  1.1740293E-07
  1.2199584E-07
  1.2448497E-07
  1.2508187E-07
  1.2395333E-07
  1.2129834E-07
  1.1736572E-07
  1.1236793E-07
  1.0645202E-07
  9.9778013E-08
  9.2541001E-08
  8.4882807E-08
  7.6864218E-08
  6.8559601E-08
  6.0095672E-08
  5.1563084E-08
  4.2982240E-08
  3.4399104E-08
  2.5921835E-08
  1.7618568E-08
  9.4793151E-09
  1.5308395E-09
 -6.1139538E-09
 -1.3375504E-08
 -2.0262700E-08
 -2.6740386E-08
 -3.2654263E-08
 -3.7861966E-08
 -4.2325286E-08
 -4.5998338E-08
 -4.8756000E-08
 -5.0532559E-08
 -5.1409859E-08
 -5.1470685E-08
 -5.0697103E-08
 -4.9121084E-08
 -4.6933547E-08
 -4.4324054E-08
 -4.1362682E-08
 -3.8170526E-08
 -3.5035804E-08
 -3.2196436E-08
 -2.9666502E-08
 -2.7436757E-08
 -2.5656513E-08
 -2.4427672E-08
 -2.3617506E-08
 -2.3077304E-08
 -2.2828820E-08
 -2.2836991E-08
 -2.2860771E-08
 -2.2690127E-08
 -2.2165771E-08
 -2.0968807E-08
 -1.9172678E-08
 -1.7467341E-08
 -1.2984405E-08
  9.8516129E-09
  8.4934996E-08
  2.5667310E-07
  5.6215833E-07
  1.0196436E-06
  1.6330110E-06
  2.4023448E-06
  3.3250576E-06
  4.3882851E-06
  5.5665423E-06
  6.8279592E-06
  8.1345797E-06
  9.4278694E-06
  1.0615320E-05
  1.1580728E-05
  1.2214468E-05
  1.2434433E-05
  1.2179606E-05
  1.1392909E-05
  1.0021316E-05
  8.0348964E-06
  5.4397851E-06
  2.2691192E-06
 -1.4334937E-06
 -5.6138942E-06
 -1.0189498E-05
 -1.5035150E-05
 -1.9987659E-05
 -2.4860776E-05
 -2.9455217E-05
 -3.3563414E-05
 -3.6980528E-05
 -3.9524188E-05
 -4.1049756E-05
 -4.1450057E-05
 -4.0646682E-05
 -3.8589555E-05
 -3.5269986E-05
 -3.0735890E-05
 -2.5096419E-05
 -1.8514558E-05
 -1.1194015E-05
 -3.3648066E-06
  4.7307622E-06
  1.2849136E-05
  2.0751897E-05
  2.8210703E-05
  3.5015237E-05
  4.0982857E-05
  4.5964178E-05
  4.9842700E-05
  5.2532814E-05
  5.3979915E-05
  5.4161730E-05
  5.3088828E-05
  5.0804203E-05
  4.7381938E-05
  4.2923948E-05
  3.7555394E-05
  3.1420750E-05
  2.4680252E-05
  1.7504575E-05
  1.0068821E-05
  2.5492409E-06
 -4.8785178E-06
 -1.2045048E-05
 -1.8796180E-05
 -2.4997225E-05
 -3.0529314E-05
 -3.5285993E-05
 -3.9177066E-05
 -4.2134361E-05
 -4.4111352E-05
 -4.5079469E-05
 -4.5028697E-05
 -4.3971155E-05
 -4.1941246E-05
 -3.8993661E-05
 -3.5204946E-05
 -3.0676256E-05
 -2.5530251E-05
 -1.9905034E-05
 -1.3953708E-05
 -7.8463017E-06
 -1.7607908E-06
  4.1385401E-06
  9.7210768E-06
  1.4897725E-05
  1.9619987E-05
  2.3874440E-05
  2.7670498E-05
  3.1023628E-05
  3.3942284E-05
  3.6420217E-05
  3.8430459E-05
  3.9927345E-05
  4.0863557E-05
  4.1202748E-05
  4.0897994E-05
  3.9850456E-05
  3.7905658E-05
  3.4906501E-05
  3.0744617E-05
  2.5357265E-05
  1.8705401E-05
  1.0797041E-05
  1.7349084E-06
 -8.2905972E-06
 -1.9062834E-05
 -3.0358184E-05
 -4.1878695E-05
 -5.3185402E-05
 -6.3726009E-05
 -7.2922769E-05
 -8.0226302E-05
 -8.5131091E-05
 -8.7221561E-05
 -8.6248903E-05
 -8.2153027E-05
 -7.5001299E-05
 -6.4934102E-05
 -5.2194482E-05
 -3.7193618E-05
 -2.0519266E-05
 -2.8854920E-06
  1.4910789E-05
  3.2018306E-05
  4.7601261E-05
  6.0955965E-05
  7.1593080E-05
  7.9228208E-05
  8.3728257E-05
  8.5091197E-05
  8.3460385E-05
  7.9119061E-05
  7.2452640E-05
  6.3920917E-05
  5.4058401E-05
  4.3464424E-05
  3.2750013E-05
  2.2465585E-05
  1.3056551E-05
  4.8589391E-06
 -1.8870705E-06
 -7.0254946E-06
 -1.0480962E-05
 -1.2265241E-05
 -1.2487100E-05
 -1.1346287E-05
 -9.1037100E-06
 -6.0488428E-06
 -2.4852943E-06
  1.2783207E-06
  4.9538858E-06
  8.2987463E-06
  1.1104126E-05
  1.3159066E-05
  1.4248988E-05
  1.4208835E-05
  1.2971969E-05
  1.0557405E-05
  7.0213482E-06
  2.4387009E-06
 -3.0797405E-06
 -9.3868930E-06
 -1.6332362E-05
 -2.3779576E-05
 -3.1573589E-05
 -3.9500068E-05
 -4.7291618E-05
 -5.4672415E-05
 -6.1386840E-05
 -6.7194051E-05
 -7.1862523E-05
 -7.5187883E-05
 -7.7011347E-05
 -7.7211407E-05
 -7.5682838E-05
 -7.2338851E-05
 -6.7142464E-05
 -6.0137063E-05
 -5.1451381E-05
 -4.1286450E-05
 -2.9904364E-05
 -1.7621245E-05
 -4.7922586E-06
  8.2126398E-06
  2.1027599E-05
  3.3295721E-05
  4.4670283E-05
  5.4826556E-05
  6.3482046E-05
  7.0412629E-05
  7.5460004E-05
  7.8535879E-05
  7.9624246E-05
  7.8776749E-05
  7.6101591E-05
  7.1754213E-05
  6.5934044E-05
  5.8881218E-05
  5.0867555E-05
  4.2183048E-05
  3.3120774E-05
  2.3960507E-05
  1.4955145E-05
  6.3265670E-06
 -1.7330794E-06
 -9.0697122E-06
 -1.5588043E-05
 -2.1262760E-05
 -2.6120182E-05
 -3.0204536E-05
 -3.3562625E-05
 -3.6253692E-05
 -3.8354443E-05
 -3.9937979E-05
 -4.1047904E-05
 -4.1699212E-05
 -4.1896288E-05
 -4.1628206E-05
 -4.0834821E-05
 -3.9389255E-05
 -3.7132391E-05
 -3.3929449E-05
 -2.9691015E-05
 -2.4351899E-05
 -1.7855804E-05
 -1.0175054E-05
 -1.3401459E-06
  8.5491210E-06
  1.9316622E-05
  3.0686762E-05
  4.2269879E-05
  5.3594915E-05
  6.4175067E-05
  7.3550516E-05
  8.1288672E-05
  8.6980726E-05
  9.0265676E-05
  9.0861780E-05
  8.8578701E-05
  8.3326260E-05
  7.5146847E-05
  6.4253654E-05
  5.1028532E-05
  3.5970956E-05
  1.9639865E-05
  2.6239250E-06
 -1.4469413E-05
 -3.1034291E-05
 -4.6501125E-05
 -6.0367413E-05
 -7.2212511E-05
 -8.1703052E-05
 -8.8600900E-05
 -9.2775263E-05
 -9.4210016E-05
 -9.2998955E-05
 -8.9330118E-05
 -8.3466039E-05
 -7.5723845E-05
 -6.6455701E-05
 -5.6032208E-05
 -4.4833021E-05
 -3.3242126E-05
 -2.1639189E-05
 -1.0383666E-05
  2.0200059E-07
  9.8439614E-06
  1.8323773E-05
  2.5481024E-05
  3.1208976E-05
  3.5445271E-05
  3.8166716E-05
  3.9391820E-05
  3.9183502E-05
  3.7646118E-05
  3.4921944E-05
  3.1190437E-05
  2.6661684E-05
  2.1557677E-05
  1.6092705E-05
  1.0468397E-05
  4.8799648E-06
 -4.8347283E-07
 -5.4495267E-06
 -9.8718083E-06
 -1.3629431E-05
 -1.6624988E-05
 -1.8791934E-05
 -2.0107649E-05
 -2.0597819E-05
 -2.0325262E-05
 -1.9372499E-05
 -1.7832799E-05
 -1.5812244E-05
 -1.3431072E-05
 -1.0815876E-05
 -8.0901036E-06
 -5.3726881E-06
 -2.7780779E-06
 -4.0449277E-07
  1.6832588E-06
  3.4553518E-06
  4.9010964E-06
  6.0194825E-06
  6.8285917E-06
  7.3746160E-06
  7.7218228E-06
  7.9367946E-06
  8.0889795E-06
  8.2603265E-06
  8.5400170E-06
  9.0044432E-06
  9.7065094E-06
  1.0683080E-05
  1.1962301E-05
  1.3556647E-05
  1.5452240E-05
  1.7609816E-05
  1.9974255E-05
  2.2478627E-05
  2.5038644E-05
  2.7547165E-05
  2.9878458E-05
  3.1900789E-05
  3.3487420E-05
  3.4520421E-05
  3.4893372E-05
