 -2.2789537E-10
 -9.2960339E-10
 -1.6470945E-09
 -1.8523334E-09
 -1.9840514E-09
 -2.5809110E-09
 -3.1613996E-09
 -3.1241216E-09
 -2.9397929E-09
 -3.2263789E-09
 -3.4887477E-09
 -3.0711182E-09
 -2.4855902E-09
 -2.4213198E-09
 -2.3327031E-09
 -1.4653987E-09
 -3.6272074E-10
  1.8151125E-10
  7.1258188E-10
  2.0362767E-09
  3.5435270E-09
  4.3339767E-09
  4.9942459E-09
  6.4292669E-09
  7.9679783E-09
  8.5732150E-09
  8.8595424E-09
  9.8435766E-09
  1.0798984E-08
  1.0556966E-08
  9.8016901E-09
  9.7297193E-09
  9.5992814E-09
  8.1123552E-09
  6.0309251E-09
  4.7523070E-09
  3.5181653E-09
  8.8905550E-10
 -2.2734123E-09
 -4.3375930E-09
 -6.0958478E-09
 -9.1707646E-09
 -1.2584836E-08
 -1.4427519E-08
 -1.5564318E-08
 -1.7909795E-08
 -2.0420305E-08
 -2.0891010E-08
 -2.0301776E-08
 -2.0957568E-08
 -2.1791902E-08
 -2.0317444E-08
 -1.7672901E-08
 -1.6488983E-08
 -1.5531560E-08
 -1.2302701E-08
 -8.5231431E-09
 -6.0002598E-09
 -2.1915998E-09
 -6.6179822E-09
 -6.9497005E-08
 -2.8539324E-07
 -7.5962561E-07
 -1.5726030E-06
 -2.7772433E-06
 -4.4192366E-06
 -6.5463546E-06
 -9.1980892E-06
 -1.2395861E-05
 -1.6146016E-05
 -2.0439702E-05
 -2.5228752E-05
 -3.0388081E-05
 -3.5706715E-05
 -4.0931118E-05
 -4.5822791E-05
 -5.0167750E-05
 -5.3738062E-05
 -5.6275108E-05
 -5.7530167E-05
 -5.7304569E-05
 -5.5430319E-05
 -5.1732972E-05
 -4.6057870E-05
 -3.8348167E-05
 -2.8686445E-05
 -1.7269816E-05
 -4.3756845E-06
  9.6432195E-06
  2.4361554E-05
  3.9304316E-05
  5.3971344E-05
  6.7852015E-05
  8.0439364E-05
  9.1235619E-05
  9.9746940E-05
  1.0551525E-04
  1.0821155E-04
  1.0770298E-04
  1.0400169E-04
  9.7166725E-05
  8.7298897E-05
  7.4611475E-05
  5.9474056E-05
  4.2489693E-05
  2.4709818E-05
  7.7731311E-06
 -6.4002106E-06
 -1.6233553E-05
 -2.0789346E-05
 -1.9458261E-05
 -1.1606327E-05
  3.2563948E-06
  2.5100744E-05
  5.3416923E-05
  8.7481858E-05
  1.2615183E-04
  1.6725273E-04
  2.0750253E-04
  2.4333803E-04
  2.7178507E-04
  2.9048172E-04
  2.9713122E-04
  2.8926649E-04
  2.6459128E-04
  2.2152381E-04
  1.5970480E-04
  8.0443104E-05
 -1.3169643E-05
 -1.1676267E-04
 -2.2550003E-04
 -3.3455892E-04
 -4.3916103E-04
 -5.3460186E-04
 -6.1644136E-04
 -6.8056164E-04
 -7.2310038E-04
 -7.4077805E-04
 -7.3175016E-04
 -6.9626037E-04
 -6.3641381E-04
 -5.5537123E-04
 -4.5677554E-04
 -3.4465303E-04
 -2.2337740E-04
 -9.7422133E-05
  2.8919560E-05
  1.5165421E-04
  2.6712663E-04
  3.7209358E-04
  4.6379823E-04
  5.4000731E-04
  5.9905899E-04
  6.3992367E-04
  6.6220295E-04
  6.6606101E-04
  6.5216975E-04
  6.2168110E-04
  5.7616562E-04
  5.1752391E-04
  4.4794660E-04
  3.6990427E-04
  2.8606298E-04
  1.9911953E-04
  1.1167224E-04
  2.6174821E-05
 -5.5102333E-05
 -1.3014424E-04
 -1.9723934E-04
 -2.5498401E-04
 -3.0231281E-04
 -3.3857141E-04
 -3.6354267E-04
 -3.7737901E-04
 -3.8052248E-04
 -3.7368288E-04
 -3.5782336E-04
 -3.3409050E-04
 -3.0372891E-04
 -2.6804730E-04
 -2.2841283E-04
 -1.8621387E-04
 -1.4279986E-04
 -9.9448618E-05
 -5.7355181E-05
 -1.7597136E-05
  1.8922387E-05
  5.1506075E-05
  7.9649726E-05
  1.0301561E-04
  1.2141882E-04
  1.3482221E-04
  1.4332778E-04
  1.4716577E-04
  1.4668683E-04
  1.4235447E-04
  1.3472725E-04
  1.2442302E-04
  1.1207411E-04
  9.8294811E-05
  8.3670195E-05
  6.8750669E-05
  5.4038850E-05
  3.9979350E-05
  2.6961257E-05
  1.5316196E-05
  5.2962696E-06
 -2.9476014E-06
 -9.3598046E-06
 -1.3958724E-05
 -1.6828613E-05
 -1.8118708E-05
 -1.8024872E-05
 -1.6762646E-05
 -1.4561809E-05
 -1.1678070E-05
 -8.3889245E-06
 -4.9689606E-06
 -1.6713911E-06
  1.2766220E-06
  3.6831227E-06
  5.4062152E-06
  6.3550992E-06
  6.4774476E-06
  5.7540892E-06
  4.2028769E-06
  1.8744477E-06
 -1.1582711E-06
 -4.7988260E-06
 -8.9193099E-06
 -1.3367871E-05
 -1.7988006E-05
 -2.2625240E-05
 -2.7121385E-05
 -3.1318676E-05
 -3.5073237E-05
 -3.8255959E-05
 -4.0742118E-05
 -4.2414005E-05
 -4.3178188E-05
 -4.2974341E-05
 -4.1770832E-05
 -3.9564849E-05
 -3.6389061E-05
 -3.2309130E-05
 -2.7413382E-05
 -2.1811509E-05
 -1.5640167E-05
 -9.0588619E-06
 -2.2393679E-06
  4.6363530E-06
  1.1376806E-05
  1.7796303E-05
  2.3733326E-05
  2.9049937E-05
  3.3622520E-05
  3.7348469E-05
  4.0160419E-05
  4.2022806E-05
  4.2918604E-05
  4.2852575E-05
  4.1863736E-05
  4.0019699E-05
  3.7399197E-05
  3.4090903E-05
  3.0203963E-05
  2.5862864E-05
  2.1190534E-05
  1.6306203E-05
  1.1334243E-05
  6.3986881E-06
  1.6085723E-06
 -2.9410919E-06
 -7.1594677E-06
 -1.0966313E-05
 -1.4305909E-05
 -1.7141996E-05
 -1.9444016E-05
 -2.1193084E-05
 -2.2396338E-05
 -2.3078785E-05
 -2.3264354E-05
 -2.2980141E-05
 -2.2273278E-05
 -2.1204389E-05
 -1.9826413E-05
 -1.8186072E-05
 -1.6341095E-05
 -1.4356168E-05
 -1.2283515E-05
 -1.0164717E-05
 -8.0479012E-06
 -5.9839040E-06
 -4.0076243E-06
 -2.1411652E-06
 -4.1179828E-07
  1.1522825E-06
  2.5404402E-06
  3.7542122E-06
  4.7872090E-06
  5.6303061E-06
  6.2924200E-06
  6.7945657E-06
  7.1467325E-06
  7.3519782E-06
  7.4287941E-06
  7.4056320E-06
  7.2961293E-06
  7.1031709E-06
  6.8441213E-06
  6.5469840E-06
  6.2234612E-06
  5.8704895E-06
  5.4963075E-06
  5.1194479E-06
  4.7434264E-06
  4.3583841E-06
  3.9669317E-06
  3.5826579E-06
  3.2042415E-06
  2.8172840E-06
  2.4207063E-06
  2.0250570E-06
  1.6266824E-06
  1.2113735E-06
  7.8207654E-07
  3.5468383E-07
 -7.1816032E-08
 -5.1147219E-07
 -9.5946325E-07
 -1.3945669E-06
 -1.8119483E-06
 -2.2218310E-06
 -2.6165710E-06
 -2.9720277E-06
 -3.2818580E-06
 -3.5573576E-06
 -3.7929951E-06
 -3.9661736E-06
 -4.0721361E-06
 -4.1247768E-06
 -4.1220655E-06
 -4.0461582E-06
 -3.8990611E-06
 -3.7020595E-06
 -3.4584343E-06
 -3.1537556E-06
 -2.7944006E-06
 -2.4072879E-06
 -1.9995439E-06
 -1.5578671E-06
 -1.0899829E-06
 -6.2590561E-07
 -1.7525031E-07
  2.7507531E-07
  7.1792454E-07
  1.1238847E-06
  1.4856754E-06
  1.8205415E-06
  2.1245162E-06
  2.3696566E-06
  2.5512700E-06
  2.6913101E-06
  2.7899355E-06
  2.8218954E-06
  2.7868696E-06
  2.7140550E-06
  2.6102480E-06
  2.4537696E-06
  2.2465993E-06
  2.0203365E-06
  1.7830068E-06
  1.5136487E-06
  1.2175456E-06
  9.3109418E-07
  6.6295229E-07
  3.8762636E-07
  1.0680185E-07
 -1.4283468E-07
 -3.5357095E-07
 -5.5653834E-07
 -7.5540169E-07
 -9.1373965E-07
 -1.0226813E-06
 -1.1163379E-06
 -1.2041680E-06
 -1.2539001E-06
 -1.2587320E-06
 -1.2543330E-06
 -1.2508389E-06
 -1.2161747E-06
 -1.1455946E-06
 -1.0776248E-06
 -1.0214833E-06
 -9.4097391E-07
 -8.3076287E-07
 -7.3373940E-07
 -6.6098261E-07
 -5.7200657E-07
 -4.5767752E-07
 -3.6235656E-07
 -2.9827260E-07
 -2.2077336E-07
 -1.1654578E-07
 -3.1708595E-08
  1.7622767E-08
  7.5889922E-08
  1.5801996E-07
  2.1826627E-07
  2.4265631E-07
  2.8078523E-07
  3.4896419E-07
  3.9513648E-07
  3.9893686E-07
  4.1129672E-07
  4.5387046E-07
  4.7698018E-07
  4.6061575E-07
  4.5692079E-07
  4.8659547E-07
  4.9526761E-07
  4.6036502E-07
  4.3680581E-07
  4.4753489E-07
  4.3668882E-07
  3.8258483E-07
  3.4533033E-07
  3.4821795E-07
  3.2736949E-07
  2.5620531E-07
  2.0066807E-07
  1.9064419E-07
  1.5998350E-07
  7.8384119E-08
  1.5508036E-08
  5.4940585E-09
 -2.1581050E-08
 -1.0090343E-07
 -1.6012471E-07
 -1.6144563E-07
 -1.7830536E-07
 -2.4924699E-07
 -2.9660760E-07
 -2.7676157E-07
 -2.6723941E-07
 -3.1421507E-07
 -3.4087532E-07
 -3.0165469E-07
 -2.7590596E-07
 -3.0945614E-07
 -3.1877917E-07
 -2.5591569E-07
 -2.0855606E-07
 -2.2888270E-07
 -2.2861286E-07
 -1.5619975E-07
 -1.0607545E-07
 -1.3356150E-07
 -1.4023993E-07
 -6.9209761E-08
 -2.9486174E-08
 -9.2477521E-08
 -1.5476783E-07
 -1.4430917E-07
 -1.6639071E-07
 -2.9400900E-07
 -4.1488079E-07
 -4.4694440E-07
 -4.9979997E-07
 -6.5294284E-07
 -7.8419066E-07
 -7.9618667E-07
 -7.9787031E-07
 -8.7477866E-07
 -9.0090094E-07
 -7.7537135E-07
 -6.1972003E-07
 -5.3444472E-07
 -3.9222743E-07
 -8.8638558E-08
  2.4015594E-07
  4.7397984E-07
  7.3623971E-07
  1.1316772E-06
  1.5120515E-06
  1.7494089E-06
  1.9803472E-06
  2.3200539E-06
  2.6047101E-06
  2.6900616E-06
  2.7258000E-06
  2.8480151E-06
  2.8906156E-06
  2.7043241E-06
  2.4606190E-06
  2.3188752E-06
  2.1026681E-06
  1.6445549E-06
  1.1314048E-06
  7.5086336E-07
  3.2737023E-07
 -3.1237010E-07
 -9.5541168E-07
 -1.3837764E-06
 -1.7864561E-06
 -2.3694874E-06
 -2.9182788E-06
 -3.1948325E-06
 -3.3978920E-06
 -3.7553330E-06
 -4.0418581E-06
 -4.0025006E-06
 -6.3874454E-11
 -3.6734488E-10
 -8.8321378E-10
 -1.2339628E-09
 -1.3321131E-09
 -1.5898576E-09
 -2.1048070E-09
 -2.4081532E-09
 -2.3308087E-09
 -2.3153131E-09
 -2.5292592E-09
 -2.5134206E-09
 -2.0871556E-09
 -1.7233031E-09
 -1.6062150E-09
 -1.2282746E-09
 -3.7677550E-10
  4.2184400E-10
  9.2595254E-10
  1.6574759E-09
  2.8343532E-09
  3.8591947E-09
  4.4460582E-09
  5.1812394E-09
  6.3396444E-09
  7.2652582E-09
  7.6037443E-09
  7.9762108E-09
  8.6933607E-09
  9.0318055E-09
  8.5937923E-09
  8.1038642E-09
  7.9808302E-09
  7.4606188E-09
  6.0902545E-09
  4.6867230E-09
  3.7679655E-09
  2.5005065E-09
  3.5006487E-10
 -1.7530970E-09
 -3.1399612E-09
 -4.6904955E-09
 -7.0391564E-09
 -9.1709786E-09
 -1.0307978E-08
 -1.1451057E-08
 -1.3386034E-08
 -1.4970588E-08
 -1.5244435E-08
 -1.5353752E-08
 -1.6318239E-08
 -1.6847078E-08
 -1.5717726E-08
 -1.4310107E-08
 -1.4038076E-08
 -1.3295588E-08
 -1.0547505E-08
 -9.4700949E-09
 -1.7647034E-08
 -4.0087969E-08
 -7.5283765E-08
 -1.1502880E-07
 -1.4431870E-07
 -1.4272514E-07
 -9.0457888E-08
  2.5593607E-08
  2.1344887E-07
  4.8357384E-07
  8.5392531E-07
  1.3488007E-06
  1.9933073E-06
  2.8051886E-06
  3.7872378E-06
  4.9257083E-06
  6.1942742E-06
  7.5568032E-06
  8.9686491E-06
  1.0382737E-05
  1.1755774E-05
  1.3041246E-05
  1.4174926E-05
  1.5077399E-05
  1.5675656E-05
  1.5913174E-05
  1.5735885E-05
  1.5084336E-05
  1.3912655E-05
  1.2206619E-05
  9.9755671E-06
  7.2420571E-06
  4.0522600E-06
  4.7878530E-07
 -3.4051284E-06
 -7.5365529E-06
 -1.1828379E-05
 -1.6150600E-05
 -2.0379228E-05
 -2.4434648E-05
 -2.8226803E-05
 -3.1620089E-05
 -3.4594887E-05
 -3.7502534E-05
 -4.1064759E-05
 -4.6009496E-05
 -5.2700416E-05
 -6.1131199E-05
 -7.1175513E-05
 -8.2709055E-05
 -9.5514195E-05
 -1.0922106E-04
 -1.2339247E-04
 -1.3752471E-04
 -1.5082015E-04
 -1.6199055E-04
 -1.6941762E-04
 -1.7157360E-04
 -1.6728688E-04
 -1.5567722E-04
 -1.3603152E-04
 -1.0792066E-04
 -7.1454473E-05
 -2.7326838E-05
  2.3429737E-05
  7.9654448E-05
  1.3996317E-04
  2.0255195E-04
  2.6530775E-04
  3.2620531E-04
  3.8348717E-04
  4.3535663E-04
  4.7961401E-04
  5.1382033E-04
  5.3588755E-04
  5.4443523E-04
  5.3862348E-04
  5.1790441E-04
  4.8213720E-04
  4.3185471E-04
  3.6820595E-04
  2.9260482E-04
  2.0657259E-04
  1.1198164E-04
  1.1355834E-05
 -9.2162896E-05
 -1.9515182E-04
 -2.9426068E-04
 -3.8641726E-04
 -4.6891710E-04
 -5.3946674E-04
 -5.9621490E-04
 -6.3778879E-04
 -6.6332589E-04
 -6.7247450E-04
 -6.6537387E-04
 -6.4264954E-04
 -6.0540484E-04
 -5.5515073E-04
 -4.9369567E-04
 -4.2307971E-04
 -3.4554806E-04
 -2.6346257E-04
 -1.7913547E-04
 -9.4716641E-05
 -1.2211574E-05
  6.6479523E-05
  1.3962420E-04
  2.0576446E-04
  2.6374252E-04
  3.1266600E-04
  3.5192590E-04
  3.8126353E-04
  4.0076775E-04
  4.1077464E-04
  4.1177697E-04
  4.0441172E-04
  3.8946373E-04
  3.6782486E-04
  3.4045201E-04
  3.0837770E-04
  2.7272801E-04
  2.3467504E-04
  1.9534351E-04
  1.5575402E-04
  1.1682200E-04
  7.9357793E-05
  4.4039021E-05
  1.1393691E-05
 -1.8175473E-05
 -4.4359193E-05
 -6.6948844E-05
 -8.5869375E-05
 -1.0118684E-04
 -1.1307787E-04
 -1.2179717E-04
 -1.2766411E-04
 -1.3104385E-04
 -1.3230441E-04
 -1.3177846E-04
 -1.2976315E-04
 -1.2654062E-04
 -1.2237800E-04
 -1.1750738E-04
 -1.1211993E-04
 -1.0637832E-04
 -1.0041450E-04
 -9.4303978E-05
 -8.8052228E-05
 -8.1616963E-05
 -7.4943040E-05
 -6.7979992E-05
 -6.0685416E-05
 -5.3027994E-05
 -4.4986959E-05
 -3.6545127E-05
 -2.7690083E-05
 -1.8430444E-05
 -8.8101770E-06
  1.0913209E-06
  1.1161376E-05
  2.1250475E-05
  3.1178599E-05
  4.0758903E-05
  4.9815193E-05
  5.8174497E-05
  6.5654051E-05
  7.2069481E-05
  7.7257166E-05
  8.1086866E-05
  8.3462437E-05
  8.4322965E-05
  8.3644110E-05
  8.1433951E-05
  7.7730620E-05
  7.2608178E-05
  6.6178633E-05
  5.8580590E-05
  4.9969418E-05
  4.0524403E-05
  3.0459745E-05
  2.0018466E-05
  9.4545558E-06
 -9.7762859E-07
 -1.1027022E-05
 -2.0455735E-05
 -2.9053193E-05
 -3.6641592E-05
 -4.3072767E-05
 -4.8227274E-05
 -5.2018328E-05
 -5.4396955E-05
 -5.5359527E-05
 -5.4956363E-05
 -5.3290321E-05
 -5.0500927E-05
 -4.6747038E-05
 -4.2199539E-05
 -3.7037669E-05
 -3.1441286E-05
 -2.5585214E-05
 -1.9639896E-05
 -1.3768600E-05
 -8.1166818E-06
 -2.8053810E-06
  2.0635734E-06
  6.4061164E-06
  1.0164245E-05
  1.3309724E-05
  1.5833421E-05
  1.7735994E-05
  1.9033132E-05
  1.9762016E-05
  1.9974572E-05
  1.9727988E-05
  1.9085892E-05
  1.8121114E-05
  1.6908214E-05
  1.5514861E-05
  1.4003088E-05
  1.2431798E-05
  1.0851566E-05
  9.3014260E-06
  7.8148651E-06
  6.4226924E-06
  5.1455363E-06
  3.9905517E-06
  2.9606313E-06
  2.0598450E-06
  1.2853727E-06
  6.2318531E-07
  5.8602950E-08
 -4.1640865E-07
 -8.1211789E-07
 -1.1477464E-06
 -1.4414641E-06
 -1.7017985E-06
 -1.9365757E-06
 -2.1619396E-06
 -2.3939067E-06
 -2.6382236E-06
 -2.8961754E-06
 -3.1722873E-06
 -3.4678656E-06
 -3.7744878E-06
 -4.0820232E-06
 -4.3857926E-06
 -4.6788091E-06
 -4.9458326E-06
 -5.1729080E-06
 -5.3537483E-06
 -5.4791817E-06
 -5.5308960E-06
 -5.4947577E-06
 -5.3701960E-06
 -5.1576881E-06
 -4.8488523E-06
 -4.4398071E-06
 -3.9429015E-06
 -3.3733218E-06
 -2.7350243E-06
 -2.0323300E-06
 -1.2844032E-06
 -5.1446546E-07
  2.6552152E-07
  1.0457832E-06
  1.8040846E-06
  2.5145368E-06
  3.1629713E-06
  3.7407972E-06
  4.2327265E-06
  4.6240348E-06
  4.9114569E-06
  5.0943900E-06
  5.1648158E-06
  5.1185343E-06
  4.9660825E-06
  4.7197773E-06
  4.3813420E-06
  3.9557699E-06
  3.4648006E-06
  2.9313903E-06
  2.3629452E-06
  1.7654133E-06
  1.1608079E-06
  5.7325974E-07
  9.8091277E-09
 -5.2741444E-07
 -1.0224958E-06
 -1.4578223E-06
 -1.8327324E-06
 -2.1512210E-06
 -2.4032906E-06
 -2.5781203E-06
 -2.6836356E-06
 -2.7328026E-06
 -2.7224769E-06
 -2.6462815E-06
 -2.5159254E-06
 -2.3482096E-06
 -2.1432245E-06
 -1.8976157E-06
 -1.6271467E-06
 -1.3530814E-06
 -1.0779064E-06
 -7.9726601E-07
 -5.2340829E-07
 -2.7311796E-07
 -4.4964906E-08
  1.6737499E-07
  3.5218318E-07
  4.9473681E-07
  6.0191411E-07
  6.8690042E-07
  7.4385372E-07
  7.6383719E-07
  7.6032495E-07
  7.5057591E-07
  7.2694161E-07
  6.7611057E-07
  6.1129015E-07
  5.5429928E-07
  5.0128733E-07
  4.3865168E-07
  3.7717507E-07
  3.3572766E-07
  3.0590144E-07
  2.6867596E-07
  2.3223510E-07
  2.1680928E-07
  2.1582409E-07
  2.0946509E-07
  2.0300233E-07
  2.1310794E-07
  2.2971658E-07
  2.3111244E-07
  2.2371653E-07
  2.2678960E-07
  2.3131612E-07
  2.1537399E-07
  1.8627044E-07
  1.6476430E-07
  1.4193759E-07
  9.6062450E-08
  3.7575191E-08
 -8.8124281E-09
 -5.1837954E-08
 -1.1565186E-07
 -1.8923330E-07
 -2.4375566E-07
 -2.8558821E-07
 -3.4016412E-07
 -3.9781921E-07
 -4.2991917E-07
 -4.4477108E-07
 -4.7110123E-07
 -4.9907709E-07
 -4.9579836E-07
 -4.6707530E-07
 -4.4453566E-07
 -4.2358886E-07
 -3.7521360E-07
 -3.0735742E-07
 -2.5185051E-07
 -2.0200940E-07
 -1.2730041E-07
 -3.7727759E-08
  3.2302466E-08
  9.0805329E-08
  1.7008956E-07
  2.5611200E-07
  3.0839823E-07
  3.3666268E-07
  3.8195270E-07
  4.3517545E-07
  4.5389393E-07
  4.4694639E-07
  4.5821176E-07
  4.7751212E-07
  4.5567319E-07
  3.9956603E-07
  3.6180563E-07
  3.4285711E-07
  2.9601944E-07
  2.2381812E-07
  1.7369084E-07
  1.4194974E-07
  8.0176676E-08
 -5.4423595E-09
 -6.0886954E-08
 -8.7358195E-08
 -1.3548788E-07
 -2.0043649E-07
 -2.2909680E-07
 -2.2834772E-07
 -2.5517869E-07
 -3.0176327E-07
 -3.0590900E-07
 -2.7371084E-07
 -2.7092918E-07
 -2.9359518E-07
 -2.7429650E-07
 -2.1806446E-07
 -1.9889320E-07
 -2.1747516E-07
 -2.0145013E-07
 -1.5407748E-07
 -1.5746926E-07
 -2.1609291E-07
 -2.4641014E-07
 -2.3806892E-07
 -2.7202123E-07
 -3.5837144E-07
 -4.1304483E-07
 -4.1947629E-07
 -4.5409678E-07
 -5.2455414E-07
 -5.4400078E-07
 -4.9332522E-07
 -4.4476388E-07
 -3.9942969E-07
 -2.7305936E-07
 -6.8403125E-08
  1.1763862E-07
  2.8394788E-07
  5.3369473E-07
  8.6694268E-07
  1.1640410E-06
  1.4056109E-06
  1.6983527E-06
  2.0457073E-06
  2.3137864E-06
  2.4695714E-06
  2.6249186E-06
  2.7938927E-06
  2.8424438E-06
  2.7352089E-06
  2.5893332E-06
  2.4237447E-06
  2.1081905E-06
  1.6259378E-06
  1.1238726E-06
  6.3251321E-07
  1.1780230E-08
 -7.4920138E-07
 -1.4661061E-06
 -2.0751465E-06
 -2.7160704E-06
 -3.4123361E-06
 -3.9825691E-06
 -4.3694536E-06
 -4.7312478E-06
 -5.0988424E-06
 -5.2805849E-06
  3.1539914E-12
  6.4319113E-11
  2.0941009E-10
  2.9488842E-10
  2.4364405E-10
  2.3190190E-10
  3.6331838E-10
  4.6955750E-10
  4.4752826E-10
  4.7158416E-10
  6.4630662E-10
  7.8388196E-10
  7.6520884E-10
  7.7594303E-10
  9.3052110E-10
  1.0196229E-09
  9.0103858E-10
  7.7333218E-10
  7.7562301E-10
  6.9565737E-10
  3.8005954E-10
  4.5006165E-11
 -1.4349064E-10
 -3.9917536E-10
 -8.8800345E-10
 -1.3823590E-09
 -1.6979136E-09
 -2.0530995E-09
 -2.6171041E-09
 -3.1324001E-09
 -3.3827707E-09
 -3.5929018E-09
 -3.9485530E-09
 -4.1800012E-09
 -4.0610226E-09
 -3.8476728E-09
 -3.7578296E-09
 -3.5034655E-09
 -2.8317881E-09
 -2.0319120E-09
 -1.3866583E-09
 -6.3318328E-10
  4.8616677E-10
  1.6616193E-09
  2.5775875E-09
  3.5001158E-09
  4.7013149E-09
  5.8419949E-09
  6.5611143E-09
  7.1306387E-09
  7.8631803E-09
  8.4270955E-09
  8.4456699E-09
  8.2181888E-09
  8.1205949E-09
  7.8457205E-09
  6.9934618E-09
  5.8725065E-09
  4.9388293E-09
  3.9584251E-09
  2.5169835E-09
  8.7421403E-10
 -4.7798143E-10
 -1.6737312E-09
 -3.1272633E-09
 -4.6900346E-09
 -5.8662595E-09
 -6.6383121E-09
 -7.4649043E-09
 -8.4578495E-09
 -8.9832888E-09
 -8.6106287E-09
 -8.5199012E-09
 -9.4400230E-09
 -2.6332536E-09
  4.0505522E-08
  1.6630045E-07
  4.2007335E-07
  8.2860998E-07
  1.4029337E-06
  2.1534743E-06
  3.0933127E-06
  4.2264383E-06
  5.5422952E-06
  7.0236752E-06
  8.6475166E-06
  1.0368573E-05
  1.2109007E-05
  1.3773732E-05
  1.5273799E-05
  1.6530514E-05
  1.7465421E-05
  1.7999284E-05
  1.8061772E-05
  1.7597871E-05
  1.6571415E-05
  1.4973179E-05
  1.2823957E-05
  1.0162263E-05
  7.0328069E-06
  3.4944987E-06
 -3.6853680E-07
 -4.4585299E-06
 -8.6831787E-06
 -1.2949693E-05
 -1.7144859E-05
 -2.1140204E-05
 -2.4818153E-05
 -2.8076871E-05
 -3.0810668E-05
 -3.2909971E-05
 -3.4291712E-05
 -3.4915778E-05
 -3.4765420E-05
 -3.3827924E-05
 -3.2103319E-05
 -2.9618703E-05
 -2.6428188E-05
 -2.2614240E-05
 -1.8294992E-05
 -1.3613402E-05
 -8.7123281E-06
 -3.7333566E-06
  1.1661018E-06
  5.8272472E-06
  1.0126745E-05
  1.3968041E-05
  1.7240553E-05
  1.9844440E-05
  2.1756257E-05
  2.2951694E-05
  2.3153556E-05
  2.1702253E-05
  1.7811239E-05
  1.1004946E-05
  1.2828859E-06
 -1.1095524E-05
 -2.5857189E-05
 -4.2718875E-05
 -6.1274506E-05
 -8.0979589E-05
 -1.0117800E-04
 -1.2101242E-04
 -1.3928200E-04
 -1.5446183E-04
 -1.6494685E-04
 -1.6937320E-04
 -1.6683633E-04
 -1.5689826E-04
 -1.3939540E-04
 -1.1424786E-04
 -8.1543389E-05
 -4.1872234E-05
  3.5040357E-06
  5.2943207E-05
  1.0486798E-04
  1.5783132E-04
  2.1020646E-04
  2.6005256E-04
  3.0544068E-04
  3.4484954E-04
  3.7716946E-04
  4.0143973E-04
  4.1676825E-04
  4.2251241E-04
  4.1838706E-04
  4.0432849E-04
  3.8035103E-04
  3.4663809E-04
  3.0375386E-04
  2.5269651E-04
  1.9472558E-04
  1.3114704E-04
  6.3237560E-05
 -7.6734796E-06
 -8.0064645E-05
 -1.5214775E-04
 -2.2193143E-04
 -2.8739939E-04
 -3.4669373E-04
 -3.9820722E-04
 -4.4059381E-04
 -4.7277653E-04
 -4.9399195E-04
 -5.0383160E-04
 -5.0223595E-04
 -4.8945844E-04
 -4.6605000E-04
 -4.3286814E-04
 -3.9106054E-04
 -3.4199050E-04
 -2.8714145E-04
 -2.2805890E-04
 -1.6633130E-04
 -1.0356081E-04
 -4.1302861E-05
  1.8992432E-05
  7.6008233E-05
  1.2857895E-04
  1.7572603E-04
  2.1669504E-04
  2.5095802E-04
  2.7818274E-04
  2.9820422E-04
  3.1101814E-04
  3.1678422E-04
  3.1582415E-04
  3.0860998E-04
  2.9574218E-04
  2.7791632E-04
  2.5588676E-04
  2.3043802E-04
  2.0236510E-04
  1.7245769E-04
  1.4148779E-04
  1.1019947E-04
  7.9292295E-05
  4.9396396E-05
  2.1051535E-05
 -5.2984178E-06
 -2.9300918E-05
 -5.0690745E-05
 -6.9286383E-05
 -8.4983578E-05
 -9.7751574E-05
 -1.0763510E-04
 -1.1475112E-04
 -1.1926973E-04
 -1.2138656E-04
 -1.2130276E-04
 -1.1921900E-04
 -1.1534048E-04
 -1.0988701E-04
 -1.0309779E-04
 -9.5221571E-05
 -8.6498163E-05
 -7.7148296E-05
 -6.7374094E-05
 -5.7356927E-05
 -4.7253205E-05
 -3.7205715E-05
 -2.7367736E-05
 -1.7908151E-05
 -8.9846762E-06
 -7.1749491E-07
  6.8065178E-06
  1.3515911E-05
  1.9354567E-05
  2.4293578E-05
  2.8329301E-05
  3.1470961E-05
  3.3741358E-05
  3.5188554E-05
  3.5883575E-05
  3.5901314E-05
  3.5309218E-05
  3.4175373E-05
  3.2579905E-05
  3.0615247E-05
  2.8379924E-05
  2.5973255E-05
  2.3489773E-05
  2.1012387E-05
  1.8608263E-05
  1.6328766E-05
  1.4211835E-05
  1.2286894E-05
  1.0579679E-05
  9.1093780E-06
  7.8782205E-06
  6.8662303E-06
  6.0376810E-06
  5.3487047E-06
  4.7482426E-06
  4.1814264E-06
  3.6011188E-06
  2.9744942E-06
  2.2755521E-06
  1.4781333E-06
  5.6329714E-07
 -4.7123251E-07
 -1.6158529E-06
 -2.8587956E-06
 -4.1839830E-06
 -5.5638229E-06
 -6.9629355E-06
 -8.3473178E-06
 -9.6836802E-06
 -1.0933483E-05
 -1.2056043E-05
 -1.3016808E-05
 -1.3787578E-05
 -1.4342274E-05
 -1.4659862E-05
 -1.4729680E-05
 -1.4548347E-05
 -1.4114491E-05
 -1.3432478E-05
 -1.2518086E-05
 -1.1394302E-05
 -1.0084819E-05
 -8.6173304E-06
 -7.0284241E-06
 -5.3574704E-06
 -3.6385377E-06
 -1.9041117E-06
 -1.9153094E-07
  1.4624447E-06
  3.0298152E-06
  4.4868466E-06
  5.8059682E-06
  6.9605508E-06
  7.9342299E-06
  8.7177996E-06
  9.3011140E-06
  9.6767253E-06
  9.8480823E-06
  9.8258051E-06
  9.6191015E-06
  9.2385117E-06
  8.7028702E-06
  8.0350919E-06
  7.2548319E-06
  6.3830421E-06
  5.4486522E-06
  4.4815306E-06
  3.5029402E-06
  2.5310314E-06
  1.5897797E-06
  7.0234182E-07
 -1.1952307E-07
 -8.6955913E-07
 -1.5359699E-06
 -2.1068122E-06
 -2.5811628E-06
 -2.9638973E-06
 -3.2543273E-06
 -3.4511772E-06
 -3.5637090E-06
 -3.6060969E-06
 -3.5853027E-06
 -3.5058274E-06
 -3.3809067E-06
 -3.2263542E-06
 -3.0480828E-06
 -2.8480972E-06
 -2.6374703E-06
 -2.4300543E-06
 -2.2283014E-06
 -2.0287823E-06
 -1.8365456E-06
 -1.6598125E-06
 -1.4955035E-06
 -1.3348761E-06
 -1.1789527E-06
 -1.0334679E-06
 -8.9330888E-07
 -7.4769616E-07
 -5.9664421E-07
 -4.4666331E-07
 -2.9457635E-07
 -1.3193488E-07
  3.8592589E-08
  2.0784074E-07
  3.7713829E-07
  5.5385522E-07
  7.3393761E-07
  9.0606164E-07
  1.0693659E-06
  1.2296106E-06
  1.3815637E-06
  1.5131078E-06
  1.6231519E-06
  1.7174772E-06
  1.7908964E-06
  1.8321870E-06
  1.8425810E-06
  1.8302405E-06
  1.7909057E-06
  1.7141479E-06
  1.6044311E-06
  1.4751008E-06
  1.3258443E-06
  1.1478837E-06
  9.4733684E-07
  7.4064155E-07
  5.3040122E-07
  3.0907779E-07
  8.3313978E-08
 -1.2951247E-07
 -3.2628336E-07
 -5.1562358E-07
 -6.9329974E-07
 -8.4481360E-07
 -9.6979898E-07
 -1.0786173E-06
 -1.1673517E-06
 -1.2220763E-06
 -1.2454198E-06
 -1.2524237E-06
 -1.2427201E-06
 -1.2040771E-06
 -1.1406008E-06
 -1.0688660E-06
 -9.8865257E-07
 -8.8700108E-07
 -7.6894486E-07
 -6.5380067E-07
 -5.4309936E-07
 -4.2341276E-07
 -2.9867982E-07
 -1.8705464E-07
 -8.7606935E-08
  1.5965696E-08
  1.2010197E-07
  2.0482540E-07
  2.7090027E-07
  3.3725317E-07
  4.0247204E-07
  4.4673905E-07
  4.7165986E-07
  4.9872324E-07
  5.2748987E-07
  5.3588224E-07
  5.2357706E-07
  5.1346382E-07
  5.0764527E-07
  4.8475567E-07
  4.4418252E-07
  4.0910774E-07
  3.8152308E-07
  3.3894131E-07
  2.8058776E-07
  2.3127240E-07
  1.9409975E-07
  1.4597845E-07
  8.5774303E-08
  3.8971862E-08
  8.3290317E-09
 -3.0842635E-08
 -7.9847659E-08
 -1.1205448E-07
 -1.2609661E-07
 -1.5102169E-07
 -1.9059057E-07
 -2.1662962E-07
 -2.2626170E-07
 -2.4942659E-07
 -2.8975040E-07
 -3.1587666E-07
 -3.2231017E-07
 -3.3914409E-07
 -3.6950149E-07
 -3.7890476E-07
 -3.5984775E-07
 -3.4362657E-07
 -3.3393817E-07
 -2.9392811E-07
 -2.1446519E-07
 -1.2844734E-07
 -4.1650750E-08
  8.0788915E-08
  2.4191354E-07
  3.9926567E-07
  5.4204708E-07
  7.0739014E-07
  9.0001294E-07
  1.0733879E-06
  1.2126295E-06
  1.3551003E-06
  1.5039283E-06
  1.6047284E-06
  1.6362968E-06
  1.6393703E-06
  1.6254876E-06
  1.5454417E-06
  1.3816509E-06
  1.1822369E-06
  9.6722113E-07
  6.9185410E-07
  3.4155562E-07
 -2.8905049E-08
 -3.9026668E-07
 -7.7800922E-07
 -1.1960907E-06
 -1.5796126E-06
 -1.8978103E-06
 -2.1954895E-06
 -2.4873302E-06
 -2.7136380E-06
 -2.8477937E-06
 -2.9409848E-06
 -3.0110086E-06
 -2.9976900E-06
 -2.8815980E-06
 -2.7327224E-06
 -2.5853906E-06
 -2.3825357E-06
 -2.1019905E-06
 -1.8145140E-06
 -1.5535689E-06
 -1.2549957E-06
 -8.9328853E-07
 -5.4653447E-07
 -2.5467364E-07
  5.1349275E-08
  4.0438294E-07
  7.2616024E-07
  9.7742873E-07
  1.2374284E-06
  1.5476859E-06
  1.8255234E-06
  9.0922367E-11
  4.4458942E-10
  1.1246943E-09
  2.0854707E-09
  3.2469674E-09
  4.5076574E-09
  5.7823772E-09
  6.9942985E-09
  8.0438003E-09
  8.8283496E-09
  9.2870369E-09
  9.3893764E-09
  9.0942960E-09
  8.3638287E-09
  7.2053812E-09
  5.6542371E-09
  3.7250971E-09
  1.4298482E-09
 -1.1653216E-09
 -3.9502157E-09
 -6.8301964E-09
 -9.7265307E-09
 -1.2529363E-08
 -1.5109240E-08
 -1.7374575E-08
 -1.9266786E-08
 -2.0704901E-08
 -2.1591099E-08
 -2.1868299E-08
 -2.1519131E-08
 -2.0515937E-08
 -1.8832342E-08
 -1.6501428E-08
 -1.3604097E-08
 -1.0204703E-08
 -6.3572552E-09
 -2.1655158E-09
  2.2305962E-09
  6.7224422E-09
  1.1218351E-08
  1.5570590E-08
  1.9593690E-08
  2.3156026E-08
  2.6182185E-08
  2.8572330E-08
  3.0203108E-08
  3.1010238E-08
  3.0988751E-08
  3.0111252E-08
  2.8332902E-08
  2.5682926E-08
  2.2266361E-08
  1.8172628E-08
  1.3470881E-08
  8.2954532E-09
  2.8369733E-09
 -2.7593221E-09
 -8.3907263E-09
 -1.3890966E-08
 -1.9033992E-08
 -2.3653907E-08
 -2.7657551E-08
 -3.0916183E-08
 -3.3266083E-08
 -3.4633210E-08
 -3.5040873E-08
 -3.4481896E-08
 -3.2909501E-08
 -3.0371488E-08
 -2.7021454E-08
 -2.2977039E-08
 -1.8303853E-08
 -1.3159037E-08
 -7.7984730E-09
 -2.4063871E-09
  2.9350846E-09
  8.0752347E-09
  1.2748970E-08
  1.6732997E-08
  1.9881595E-08
  2.1972797E-08
  2.2704489E-08
  2.1901457E-08
  1.9555038E-08
  1.5617866E-08
  9.9614965E-09
  2.5962112E-09
 -6.2749526E-09
 -1.6478445E-08
 -2.7907552E-08
 -4.0247016E-08
 -5.2895054E-08
 -6.5261446E-08
 -7.6909764E-08
 -8.7313779E-08
 -9.5757137E-08
 -1.0162696E-07
 -1.0455915E-07
 -1.0416765E-07
 -9.9926922E-08
 -9.1496808E-08
 -7.8886657E-08
 -6.2148111E-08
 -4.1248455E-08
 -1.6461335E-08
  1.1451700E-08
  4.1667125E-08
  7.3541599E-08
  1.0620006E-07
  1.3832351E-07
  1.6867804E-07
  1.9644794E-07
  2.2073597E-07
  2.4025820E-07
  2.5398202E-07
  2.6157616E-07
  2.6279892E-07
  2.5707902E-07
  2.4427339E-07
  2.2514035E-07
  2.0042700E-07
  1.7037272E-07
  1.3578438E-07
  9.8175505E-08
  5.8182081E-08
  1.8099570E-08
 -7.4004340E-09
  1.8390715E-08
  1.4817751E-07
  4.3055627E-07
  8.9595528E-07
  1.5611163E-06
  2.4396561E-06
  3.5407304E-06
  4.8596030E-06
  6.3772818E-06
  8.0686596E-06
  9.8991877E-06
  1.1804475E-05
  1.3676704E-05
  1.5379239E-05
  1.6775819E-05
  1.7744027E-05
  1.8168619E-05
  1.7938957E-05
  1.6964139E-05
  1.5188918E-05
  1.2590925E-05
  9.1670045E-06
  4.9312403E-06
 -7.0116585E-08
 -5.7423094E-06
 -1.1937025E-05
 -1.8456727E-05
 -2.5063204E-05
 -3.1491072E-05
 -3.7466823E-05
 -4.2728305E-05
 -4.7039146E-05
 -5.0196668E-05
 -5.2034044E-05
 -5.2419295E-05
 -5.1258641E-05
 -4.8510836E-05
 -4.4206350E-05
 -3.8455008E-05
 -3.1434931E-05
 -2.3374130E-05
 -1.4538178E-05
 -5.2219748E-06
  4.2646534E-06
  1.3617388E-05
  2.2552791E-05
  3.0812724E-05
  3.8164195E-05
  4.4403139E-05
  4.9362796E-05
  5.2922122E-05
  5.5011249E-05
  5.5613855E-05
  5.4766577E-05
  5.2554686E-05
  4.9103710E-05
  4.4568926E-05
  3.9126444E-05
  3.2967986E-05
  2.6297301E-05
  1.9325034E-05
  1.2261809E-05
  5.3104977E-06
 -1.3431882E-06
 -7.5410339E-06
 -1.3157141E-05
 -1.8092584E-05
 -2.2266930E-05
 -2.5618041E-05
 -2.8109413E-05
 -2.9733850E-05
 -3.0510531E-05
 -3.0483960E-05
 -2.9727000E-05
 -2.8337812E-05
 -2.6424452E-05
 -2.4083552E-05
 -2.1380381E-05
 -1.8333869E-05
 -1.4915498E-05
 -1.1068889E-05
 -6.7354767E-06
 -1.8638029E-06
  3.5906799E-06
  9.6483973E-06
  1.6278147E-05
  2.3399094E-05
  3.0911317E-05
  3.8696358E-05
  4.6564313E-05
  5.4210563E-05
  6.1236744E-05
  6.7193236E-05
  7.1581388E-05
  7.3843992E-05
  7.3397445E-05
  6.9663147E-05
  6.2035346E-05
  4.9862334E-05
  3.2576005E-05
  9.9149911E-06
 -1.7978828E-05
 -5.0650957E-05
 -8.7410175E-05
 -1.2725574E-04
 -1.6881741E-04
 -2.1048164E-04
 -2.5055898E-04
 -2.8724363E-04
 -3.1844951E-04
 -3.4185307E-04
 -3.5521213E-04
 -3.5665941E-04
 -3.4476505E-04
 -3.1853112E-04
 -2.7751239E-04
 -2.2195588E-04
 -1.5277107E-04
 -7.1416362E-05
  2.0082705E-05
  1.1902102E-04
  2.2204623E-04
  3.2538828E-04
  4.2508822E-04
  5.1712309E-04
  5.9755857E-04
  6.6281750E-04
  7.0991926E-04
  7.3654478E-04
  7.4102735E-04
  7.2245626E-04
  6.8087026E-04
  6.1734766E-04
  5.3390680E-04
  4.3331820E-04
  3.1893974E-04
  1.9457255E-04
  6.4302498E-05
 -6.7659414E-05
 -1.9711579E-04
 -3.2002068E-04
 -4.3263834E-04
 -5.3170335E-04
 -6.1454676E-04
 -6.7917298E-04
 -7.2428392E-04
 -7.4925116E-04
 -7.5406098E-04
 -7.3927880E-04
 -7.0604408E-04
 -6.5604982E-04
 -5.9145631E-04
 -5.1474880E-04
 -4.2859348E-04
 -3.3572837E-04
 -2.3888555E-04
 -1.4073111E-04
 -4.3819877E-05
  4.9442249E-05
  1.3685135E-04
  2.1648363E-04
  2.8676732E-04
  3.4650014E-04
  3.9480868E-04
  4.3110666E-04
  4.5510675E-04
  4.6687209E-04
  4.6683784E-04
  4.5576232E-04
  4.3463870E-04
  4.0462735E-04
  3.6702995E-04
  3.2327897E-04
  2.7490879E-04
  2.2350062E-04
  1.7061649E-04
  1.1774070E-04
  6.6236069E-05
  1.7311089E-05
 -2.8005619E-05
 -6.8876281E-05
 -1.0464485E-04
 -1.3482402E-04
 -1.5910660E-04
 -1.7740116E-04
 -1.8985065E-04
 -1.9679559E-04
 -1.9869805E-04
 -1.9608118E-04
 -1.8951634E-04
 -1.7963455E-04
 -1.6711769E-04
 -1.5265649E-04
 -1.3690133E-04
 -1.2043749E-04
 -1.0378676E-04
 -8.7411638E-05
 -7.1703376E-05
 -5.6962148E-05
 -4.3387976E-05
 -3.1087555E-05
 -2.0087708E-05
 -1.0350672E-05
 -1.7940602E-06
  5.6891140E-06
  1.2222707E-05
  1.7952354E-05
  2.3045824E-05
  2.7676737E-05
  3.2000225E-05
  3.6135389E-05
  4.0157709E-05
  4.4098324E-05
  4.7951395E-05
  5.1688708E-05
  5.5271372E-05
  5.8650585E-05
  6.1763407E-05
  6.4533691E-05
  6.6877707E-05
  6.8708294E-05
  6.9937400E-05
  7.0480477E-05
  7.0261231E-05
  6.9213980E-05
  6.7286368E-05
  6.4445347E-05
  6.0682567E-05
  5.6015026E-05
  5.0483974E-05
  4.4155902E-05
  3.7122554E-05
  2.9496616E-05
  2.1406806E-05
  1.2996132E-05
  4.4195931E-06
 -4.1624635E-06
 -1.2591343E-05
 -2.0712860E-05
 -2.8379400E-05
 -3.5455239E-05
 -4.1821651E-05
 -4.7377805E-05
 -5.2040745E-05
 -5.5748271E-05
 -5.8461148E-05
 -6.0161019E-05
 -6.0848150E-05
 -6.0542807E-05
 -5.9286085E-05
 -5.7136112E-05
 -5.4163960E-05
 -5.0453531E-05
 -4.6101228E-05
 -4.1211275E-05
 -3.5891157E-05
 -3.0251616E-05
 -2.4406578E-05
 -1.8468312E-05
 -1.2542603E-05
 -6.7292931E-06
 -1.1239190E-06
  4.1852372E-06
  9.1212441E-06
  1.3618683E-05
  1.7622933E-05
  2.1092590E-05
  2.4001300E-05
  2.6335212E-05
  2.8090355E-05
  2.9273921E-05
  2.9905166E-05
  3.0012487E-05
  2.9631528E-05
  2.8807297E-05
  2.7593842E-05
  2.6047848E-05
  2.4223857E-05
  2.2176582E-05
  1.9963196E-05
  1.7639057E-05
  1.5253196E-05
  1.2850209E-05
  1.0472796E-05
  8.1585667E-06
  5.9366648E-06
  3.8303110E-06
  1.8597325E-06
  3.9745601E-08
 -1.6222140E-06
 -3.1223401E-06
 -4.4575618E-06
 -5.6287427E-06
 -6.6424927E-06
 -7.5060607E-06
 -8.2239076E-06
 -8.8025381E-06
 -9.2543451E-06
 -9.5923951E-06
 -9.8250148E-06
 -9.9591707E-06
 -1.0004497E-05
 -9.9688978E-06
 -9.8539758E-06
 -9.6599078E-06
 -9.3915532E-06
 -9.0551957E-06
 -8.6530972E-06
 -8.1863473E-06
 -7.6594952E-06
 -7.0773053E-06
 -6.4406513E-06
 -5.7512334E-06
 -5.0175286E-06
 -4.2515003E-06
 -3.4630566E-06
 -2.6624243E-06
 -1.8636651E-06
 -1.0801828E-06
 -3.2028652E-07
  4.0798517E-07
  1.0923078E-06
  1.7220475E-06
  2.2943475E-06
  2.8084885E-06
  3.2589778E-06
  3.6406302E-06
  3.9558672E-06
  4.2102301E-06
  4.4051149E-06
  4.5417928E-06
  4.6279774E-06
  4.6728819E-06
  4.6796436E-06
  4.6495502E-06
  4.5894080E-06
  4.5076399E-06
  4.4076946E-06
  4.2925694E-06
  4.1707358E-06
  4.0494401E-06
  3.9267152E-06
  3.7979114E-06
  3.6651727E-06
  3.5323078E-06
  3.3956549E-06
  3.2487033E-06
  3.0900101E-06
  2.9166649E-06
  2.7148799E-06
  2.4671253E-06
  2.1644660E-06
  1.8031251E-06
  1.3750562E-06
  8.7291710E-07
  2.9959222E-07
 -3.3775399E-07
 -1.0379882E-06
 -1.7994673E-06
 -2.6080295E-06
 -3.4419886E-06
 -4.2833490E-06
 -5.1127918E-06
 -5.8997402E-06
 -6.6102743E-06
 -7.2203770E-06
 -7.7101668E-06
 -8.0518821E-06
 -8.2172901E-06
 -8.1916933E-06
 -7.9677984E-06
 -7.5325688E-06
 -6.8751629E-06
 -6.0026241E-06
 -4.9334849E-06
 -3.6821734E-06
 -2.2652625E-06
 -7.1687396E-07
  9.1884760E-07
  2.6054067E-06
  4.3080918E-06
  5.9770896E-06
  7.5549265E-06
  8.9965597E-06
  1.0265705E-05
 -2.0766657E-11
 -8.6722331E-11
 -1.7145638E-10
 -2.4463684E-10
 -3.2731412E-10
 -4.3197113E-10
 -5.1951654E-10
 -5.6186245E-10
 -5.8726912E-10
 -6.1601235E-10
 -6.1291072E-10
 -5.5369925E-10
 -4.7507737E-10
 -4.0644843E-10
 -3.1697067E-10
 -1.8509880E-10
 -5.3590771E-11
  4.2545488E-11
  1.3469612E-10
  2.4781033E-10
  3.3995101E-10
  3.7768319E-10
  3.9942372E-10
  4.3732840E-10
  4.5000267E-10
  4.0258716E-10
  3.3824732E-10
  2.9706881E-10
  2.4115299E-10
  1.3659374E-10
  3.0405928E-11
 -3.4499594E-11
 -1.0006122E-10
 -2.0547603E-10
 -3.0202751E-10
 -3.4244099E-10
 -3.7005862E-10
 -4.2783579E-10
 -4.6597709E-10
 -4.3594359E-10
 -3.8700509E-10
 -3.6903183E-10
 -3.3076331E-10
 -2.1954424E-10
 -8.8250601E-11
  6.6924660E-12
  1.1707171E-10
  2.9803360E-10
  4.9085069E-10
  6.3058264E-10
  7.6930173E-10
  9.6626041E-10
  1.1592992E-09
  1.2774946E-09
  1.3753296E-09
  1.5166464E-09
  1.6342561E-09
  1.6497934E-09
  1.6217403E-09
  1.6233970E-09
  1.5888889E-09
  1.4392609E-09
  1.2438307E-09
  1.0898876E-09
  9.1264973E-10
  6.2868266E-10
  3.1436687E-10
  6.9453943E-11
 -1.6963404E-10
 -4.9014948E-10
 -8.0875262E-10
 -1.0167176E-09
 -1.1848056E-09
 -1.4140853E-09
 -1.6200871E-09
 -1.6865590E-09
 -1.6997953E-09
 -1.8109456E-09
 -2.0174959E-09
 -2.3216318E-09
 -2.9523934E-09
 -4.1748605E-09
 -6.0251217E-09
 -8.4841902E-09
 -1.1742214E-08
 -1.6008562E-08
 -2.1223318E-08
 -2.7239730E-08
 -3.4107735E-08
 -4.1856765E-08
 -5.0160612E-08
 -5.8530109E-08
 -6.6663418E-08
 -7.4289431E-08
 -8.0863586E-08
 -8.5771198E-08
 -8.8658560E-08
 -8.9242441E-08
 -8.7013206E-08
 -8.1478447E-08
 -7.2489108E-08
 -6.0011452E-08
 -4.3858087E-08
 -2.3986750E-08
 -7.8763662E-10
  2.5167060E-08
  5.3270327E-08
  8.2817749E-08
  1.1405972E-07
  1.5026967E-07
  1.9789795E-07
  2.6337457E-07
  3.4999977E-07
  4.5862495E-07
  5.9024023E-07
  7.4615019E-07
  9.2613084E-07
  1.1283691E-06
  1.3510805E-06
  1.5918260E-06
  1.8441781E-06
  2.0963919E-06
  2.3342836E-06
  2.5446723E-06
  2.7159688E-06
  2.8372979E-06
  2.8985958E-06
  2.8912259E-06
  2.8080965E-06
  2.6441803E-06
  2.3978776E-06
  2.0715647E-06
  1.6705064E-06
  1.2018395E-06
  6.7483415E-07
  1.0124268E-07
 -5.0528115E-07
 -1.1298989E-06
 -1.7569673E-06
 -2.3707969E-06
 -2.9566281E-06
 -3.5007447E-06
 -3.9901306E-06
 -4.4129292E-06
 -4.7590365E-06
 -5.0195922E-06
 -5.1868110E-06
 -5.2558294E-06
 -5.2261798E-06
 -5.0998715E-06
 -4.8786651E-06
 -4.5650859E-06
 -4.1653457E-06
 -3.6888782E-06
 -3.1455565E-06
 -2.5461270E-06
 -1.9049987E-06
 -1.2392622E-06
 -5.6443378E-07
  1.0621773E-07
  7.5844190E-07
  1.3768935E-06
  1.9489180E-06
  2.4651185E-06
  2.9158236E-06
  3.2910430E-06
  3.5849380E-06
  3.7964919E-06
  3.9249044E-06
  3.9686770E-06
  3.9303732E-06
  3.8174949E-06
  3.6370609E-06
  3.3941137E-06
  3.0969788E-06
  2.7582646E-06
  2.3884445E-06
  1.9941212E-06
  1.5845437E-06
  1.1729994E-06
  7.6930314E-07
  3.7910240E-07
  1.4990860E-08
 -2.9906386E-07
 -5.3845281E-07
 -6.8591737E-07
 -7.2741375E-07
 -6.5162783E-07
 -4.5648676E-07
 -1.4414258E-07
  2.8161594E-07
  7.6618056E-07
  1.1187873E-06
  1.0060686E-06
  8.8276465E-08
 -1.8206598E-06
 -4.7390654E-06
 -8.6346099E-06
 -1.3496574E-05
 -1.9284082E-05
 -2.5860027E-05
 -3.3006691E-05
 -4.0456089E-05
 -4.7845024E-05
 -5.4653705E-05
 -6.0247621E-05
 -6.4015236E-05
 -6.5484215E-05
 -6.4351916E-05
 -6.0459162E-05
 -5.3744126E-05
 -4.4200962E-05
 -3.1893989E-05
 -1.7047376E-05
 -1.1704105E-07
  1.8270706E-05
  3.7472080E-05
  5.6901874E-05
  7.5971970E-05
  9.4024566E-05
  1.1038510E-04
  1.2447662E-04
  1.3586023E-04
  1.4418970E-04
  1.4918350E-04
  1.5066502E-04
  1.4860649E-04
  1.4310340E-04
  1.3429689E-04
  1.2232471E-04
  1.0735090E-04
  8.9640977E-05
  6.9598638E-05
  4.7718160E-05
  2.4500441E-05
  4.2020474E-07
 -2.4038916E-05
 -4.8349040E-05
 -7.1950984E-05
 -9.4283358E-05
 -1.1478589E-04
 -1.3290081E-04
 -1.4811379E-04
 -1.6001257E-04
 -1.6830822E-04
 -1.7281748E-04
 -1.7345368E-04
 -1.7024245E-04
 -1.6332952E-04
 -1.5296166E-04
 -1.3946362E-04
 -1.2323042E-04
 -1.0472236E-04
 -8.4448497E-05
 -6.2945823E-05
 -4.0764171E-05
 -1.8452745E-05
  3.4563891E-06
  2.4463723E-05
  4.4114226E-05
  6.2008257E-05
  7.7808669E-05
  9.1240217E-05
  1.0208891E-04
  1.1021107E-04
  1.1554432E-04
  1.1810587E-04
  1.1798104E-04
  1.1531667E-04
  1.1031875E-04
  1.0324226E-04
  9.4375813E-05
  8.4034298E-05
  7.2556664E-05
  6.0293678E-05
  4.7587906E-05
  3.4763889E-05
  2.2129407E-05
  9.9695499E-06
 -1.4696798E-06
 -1.1989339E-05
 -2.1430040E-05
 -2.9666411E-05
 -3.6613670E-05
 -4.2231615E-05
 -4.6514531E-05
 -4.9480041E-05
 -5.1171486E-05
 -5.1665291E-05
 -5.1067487E-05
 -4.9501563E-05
 -4.7100424E-05
 -4.4004420E-05
 -4.0358551E-05
 -3.6307469E-05
 -3.1992076E-05
 -2.7547452E-05
 -2.3099199E-05
 -1.8759016E-05
 -1.4621412E-05
 -1.0760970E-05
 -7.2303737E-06
 -4.0618143E-06
 -1.2713153E-06
  1.1384504E-06
  3.1780069E-06
  4.8698821E-06
  6.2452136E-06
  7.3411802E-06
  8.1997723E-06
  8.8650959E-06
  9.3796461E-06
  9.7827469E-06
  1.0110253E-05
  1.0392188E-05
  1.0650239E-05
  1.0899394E-05
  1.1151289E-05
  1.1413520E-05
  1.1686455E-05
  1.1963642E-05
  1.2234816E-05
  1.2485851E-05
  1.2696893E-05
  1.2844621E-05
  1.2907083E-05
  1.2864547E-05
  1.2697465E-05
  1.2388079E-05
  1.1924522E-05
  1.1300672E-05
  1.0512959E-05
  9.5612959E-06
  8.4531021E-06
  7.2029889E-06
  5.8286287E-06
  4.3502114E-06
  2.7931947E-06
  1.1872903E-06
 -4.3781051E-07
 -2.0528323E-06
 -3.6260931E-06
 -5.1248016E-06
 -6.5198137E-06
 -7.7863178E-06
 -8.9009745E-06
 -9.8428982E-06
 -1.0597707E-05
 -1.1157058E-05
 -1.1514678E-05
 -1.1666905E-05
 -1.1616841E-05
 -1.1373812E-05
 -1.0948858E-05
 -1.0354638E-05
 -9.6090607E-06
 -8.7342187E-06
 -7.7514132E-06
 -6.6810235E-06
 -5.5465575E-06
 -4.3738928E-06
 -3.1862382E-06
 -2.0038419E-06
 -8.4797057E-07
  2.5985514E-07
  1.3027093E-06
  2.2679876E-06
  3.1428017E-06
  3.9145489E-06
  4.5758488E-06
  5.1241004E-06
  5.5565074E-06
  5.8705600E-06
  6.0689849E-06
  6.1587771E-06
  6.1453566E-06
  6.0328107E-06
  5.8294127E-06
  5.5471592E-06
  5.1958991E-06
  4.7834451E-06
  4.3211039E-06
  3.8229564E-06
  3.2994812E-06
  2.7576443E-06
  2.2070451E-06
  1.6597153E-06
  1.1238037E-06
  6.0373918E-07
  1.0659426E-07
 -3.5831061E-07
 -7.8627369E-07
 -1.1770601E-06
 -1.5278122E-06
 -1.8329463E-06
 -2.0912385E-06
 -2.3058760E-06
 -2.4770920E-06
 -2.6019234E-06
 -2.6816344E-06
 -2.7218955E-06
 -2.7249810E-06
 -2.6893022E-06
 -2.6172859E-06
 -2.5159736E-06
 -2.3890502E-06
 -2.2361478E-06
 -2.0608559E-06
 -1.8712913E-06
 -1.6716505E-06
 -1.4612642E-06
 -1.2429571E-06
 -1.0239235E-06
 -8.0718087E-07
 -5.9068680E-07
 -3.7609954E-07
 -1.6966953E-07
  2.6820771E-08
  2.1706512E-07
  4.0093511E-07
  5.7331869E-07
  7.3347462E-07
  8.8595675E-07
  1.0306330E-06
  1.1614272E-06
  1.2765530E-06
  1.3800003E-06
  1.4711254E-06
  1.5430855E-06
  1.5935872E-06
  1.6266915E-06
  1.6418979E-06
  1.6323054E-06
  1.5959381E-06
  1.5378670E-06
  1.4587049E-06
  1.3524581E-06
  1.2185383E-06
  1.0643388E-06
  8.9310242E-07
  7.0120575E-07
  4.9053079E-07
  2.7124048E-07
  4.8903473E-08
 -1.7871224E-07
 -4.0863796E-07
 -6.2938204E-07
 -8.3432315E-07
 -1.0254735E-06
 -1.2002331E-06
 -1.3479986E-06
 -1.4641956E-06
 -1.5540686E-06
 -1.6183085E-06
 -1.6490417E-06
 -1.6445790E-06
 -1.6135755E-06
 -1.5597302E-06
 -1.4772691E-06
 -1.3666292E-06
 -1.2391466E-06
 -1.1006573E-06
 -9.4614052E-07
 -7.7624964E-07
 -6.0277597E-07
 -4.3149856E-07
 -2.5626889E-07
 -7.6592471E-08
  9.6113723E-08
  2.5666156E-07
  4.1279819E-07
  5.6647593E-07
  7.0650759E-07
  8.2769179E-07
  9.3876645E-07
  1.0430447E-06
  1.1300517E-06
  1.1951408E-06
  1.2479444E-06
  1.2919403E-06
  1.3154234E-06
  1.3126710E-06
  1.2938989E-06
  1.2639150E-06
  1.2116902E-06
  1.1320956E-06
  1.0367924E-06
  9.3201356E-07
  8.0722384E-07
  6.5803118E-07
  4.9835000E-07
  3.3717299E-07
  1.6577030E-07
 -1.8961003E-08
 -2.0166942E-07
 -3.7278761E-07
 -5.4191355E-07
 -7.1282085E-07
 -8.6950320E-07
 -1.0020071E-06
 -1.1211612E-06
 -1.2321009E-06
 -1.3190389E-06
 -1.3728193E-06
 -1.4070469E-06
 -1.4294641E-06
 -1.4244993E-06
 -1.3824642E-06
 -1.3181534E-06
 -1.2413176E-06
 -1.1374555E-06
 -9.9824979E-07
  1.1782955E-11
  4.7840232E-11
  9.7706954E-11
  1.5537387E-10
  2.2493629E-10
  2.8729652E-10
  3.1380892E-10
  3.0289629E-10
  2.6766894E-10
  1.9837687E-10
  7.4575235E-11
 -9.6367733E-11
 -2.9178093E-10
 -5.1391874E-10
 -7.7759121E-10
 -1.0679931E-09
 -1.3520911E-09
 -1.6220836E-09
 -1.8856359E-09
 -2.1235853E-09
 -2.3016726E-09
 -2.4149633E-09
 -2.4761551E-09
 -2.4698572E-09
 -2.3644933E-09
 -2.1591711E-09
 -1.8711344E-09
 -1.4880468E-09
 -9.8384179E-10
 -3.7258974E-10
  3.0468333E-10
  1.0362502E-09
  1.8289984E-09
  2.6524445E-09
  3.4506256E-09
  4.2010693E-09
  4.9037459E-09
  5.5202207E-09
  5.9855139E-09
  6.2751733E-09
  6.4006613E-09
  6.3462213E-09
  6.0748837E-09
  5.5917861E-09
  4.9365507E-09
  4.1180050E-09
  3.1226910E-09
  1.9825368E-09
  7.6541662E-10
 -4.9656967E-10
 -1.7999193E-09
 -3.0982137E-09
 -4.3121382E-09
 -5.4061911E-09
 -6.3806809E-09
 -7.1940636E-09
 -7.7736768E-09
 -8.1006162E-09
 -8.2034308E-09
 -8.0723925E-09
 -7.6657107E-09
 -6.9985413E-09
 -6.1379977E-09
 -5.1109441E-09
 -3.9062966E-09
 -2.5669347E-09
 -1.1848065E-09
  1.9674107E-10
  1.5814114E-09
  2.9223521E-09
  4.1264383E-09
  5.1579674E-09
  6.0373990E-09
  6.7372055E-09
  7.1857835E-09
  7.3750979E-09
  7.3480524E-09
  7.0661277E-09
  6.3962955E-09
  5.2338573E-09
  3.5259697E-09
  1.1728871E-09
 -1.9675253E-09
 -5.9605734E-09
 -1.0791801E-08
 -1.6482982E-08
 -2.3084642E-08
 -3.0545028E-08
 -3.8704478E-08
 -4.7406360E-08
 -5.6466206E-08
 -6.5528326E-08
 -7.4104150E-08
 -8.1765478E-08
 -8.8160029E-08
 -9.2847657E-08
 -9.5301075E-08
 -9.5096588E-08
 -9.1951904E-08
 -8.5572097E-08
 -7.5641005E-08
 -6.2003970E-08
 -4.4715321E-08
 -2.3910857E-08
  1.7954349E-10
  2.7066173E-08
  5.6011828E-08
  8.6223153E-08
  1.1687439E-07
  1.4696761E-07
  1.7538220E-07
  2.0109418E-07
  2.2319774E-07
  2.4075709E-07
  2.5286727E-07
  2.5889003E-07
  2.5848374E-07
  2.5146022E-07
  2.3781696E-07
  2.1787704E-07
  1.9222141E-07
  1.6153410E-07
  1.2663722E-07
  8.8542350E-08
  4.8333376E-08
  7.1318880E-09
 -3.3882085E-08
 -7.3763509E-08
 -1.1160886E-07
 -1.4426217E-07
 -1.6302693E-07
 -1.5382932E-07
 -1.0262781E-07
 -9.7234931E-10
  1.5419009E-07
  3.6463859E-07
  6.3229305E-07
  9.5679547E-07
  1.3343820E-06
  1.7595703E-06
  2.2246873E-06
  2.7152500E-06
  3.2071769E-06
  3.6707042E-06
  4.0768655E-06
  4.3999744E-06
  4.6166006E-06
  4.7054996E-06
  4.6488299E-06
  4.4324761E-06
  4.0467894E-06
  3.4898476E-06
  2.7699471E-06
  1.9029028E-06
  9.0717890E-07
 -1.9623690E-07
 -1.3798411E-06
 -2.6092055E-06
 -3.8482985E-06
 -5.0635126E-06
 -6.2218105E-06
 -7.2881544E-06
 -8.2281822E-06
 -9.0131125E-06
 -9.6200838E-06
 -1.0028411E-05
 -1.0218658E-05
 -1.0177149E-05
 -9.9004355E-06
 -9.3942181E-06
 -8.6687351E-06
 -7.7368986E-06
 -6.6169687E-06
 -5.3350841E-06
 -3.9236984E-06
 -2.4182173E-06
 -8.5623719E-07
  7.2131263E-07
  2.2714241E-06
  3.7528903E-06
  5.1284533E-06
  6.3639977E-06
  7.4287946E-06
  8.2984352E-06
  8.9564383E-06
  9.3923618E-06
  9.6004787E-06
  9.5817495E-06
  9.3450526E-06
  8.9045170E-06
  8.2770885E-06
  7.4842610E-06
  6.5538325E-06
  5.5169403E-06
  4.4041121E-06
  3.2457524E-06
  2.0739917E-06
  9.2039841E-07
 -1.8761830E-07
 -1.2261576E-06
 -2.1727831E-06
 -3.0087208E-06
 -3.7220188E-06
 -4.3055120E-06
 -4.7533208E-06
 -5.0628460E-06
 -5.2378036E-06
 -5.2833393E-06
 -5.1973670E-06
 -4.9697232E-06
 -4.5880970E-06
 -4.0400782E-06
 -3.3116748E-06
 -2.3922616E-06
 -1.2843373E-06
 -5.3325948E-09
  1.4197541E-06
  2.9622340E-06
  4.5857114E-06
  6.2429735E-06
  7.8772355E-06
  9.4221232E-06
  1.0800870E-05
  1.1929932E-05
  1.2723090E-05
  1.3092453E-05
  1.2957439E-05
  1.2261645E-05
  1.0961811E-05
  8.9684609E-06
  6.0995035E-06
  2.1335700E-06
 -3.0607557E-06
 -9.4543921E-06
 -1.6915536E-05
 -2.5300777E-05
 -3.4457844E-05
 -4.4161028E-05
 -5.4087839E-05
 -6.3856838E-05
 -7.3044182E-05
 -8.1144404E-05
 -8.7549255E-05
 -9.1614143E-05
 -9.2781404E-05
 -9.0674126E-05
 -8.5108579E-05
 -7.6036791E-05
 -6.3482868E-05
 -4.7550195E-05
 -2.8508832E-05
 -6.8636582E-06
  1.6696893E-05
  4.1426629E-05
  6.6581051E-05
  9.1376292E-05
  1.1496757E-04
  1.3652886E-04
  1.5535072E-04
  1.7084919E-04
  1.8252405E-04
  1.8997164E-04
  1.9294722E-04
  1.9138030E-04
  1.8532059E-04
  1.7489120E-04
  1.6029460E-04
  1.4183245E-04
  1.1990553E-04
  9.5010197E-05
  6.7738227E-05
  3.8749567E-05
  8.7180961E-06
 -2.1699328E-05
 -5.1846633E-05
 -8.1047772E-05
 -1.0862084E-04
 -1.3390850E-04
 -1.5629581E-04
 -1.7522719E-04
 -1.9023997E-04
 -2.0099462E-04
 -2.0727827E-04
 -2.0899504E-04
 -2.0616758E-04
 -1.9894161E-04
 -1.8757576E-04
 -1.7242452E-04
 -1.5393038E-04
 -1.3261613E-04
 -1.0906302E-04
 -8.3884923E-05
 -5.7714955E-05
 -3.1195472E-05
 -4.9550181E-06
  2.0417507E-05
  4.4382148E-05
  6.6448563E-05
  8.6189502E-05
  1.0326260E-04
  1.1741689E-04
  1.2848219E-04
  1.3636349E-04
  1.4104847E-04
  1.4261107E-04
  1.4119902E-04
  1.3701560E-04
  1.3031016E-04
  1.2137750E-04
  1.1055586E-04
  9.8216457E-05
  8.4743311E-05
  7.0510971E-05
  5.5871547E-05
  4.1154875E-05
  2.6670998E-05
  1.2703720E-05
 -5.0051131E-07
 -1.2736416E-05
 -2.3835997E-05
 -3.3667857E-05
 -4.2143896E-05
 -4.9224072E-05
 -5.4909495E-05
 -5.9227375E-05
 -6.2221967E-05
 -6.3960135E-05
 -6.4542051E-05
 -6.4097359E-05
 -6.2763196E-05
 -6.0666080E-05
 -5.7927184E-05
 -5.4677272E-05
 -5.1052535E-05
 -4.7171976E-05
 -4.3126453E-05
 -3.8991300E-05
 -3.4838042E-05
 -3.0725972E-05
 -2.6690395E-05
 -2.2749167E-05
 -1.8917119E-05
 -1.5205573E-05
 -1.1611362E-05
 -8.1173930E-06
 -4.7067952E-06
 -1.3720296E-06
  1.8885939E-06
  5.0759195E-06
  8.1895978E-06
  1.1227715E-05
  1.4188412E-05
  1.7067701E-05
  1.9853214E-05
  2.2521639E-05
  2.5042234E-05
  2.7380454E-05
  2.9498629E-05
  3.1357027E-05
  3.2916734E-05
  3.4141580E-05
  3.4998557E-05
  3.5458732E-05
  3.5498269E-05
  3.5098634E-05
  3.4247962E-05
  3.2944448E-05
  3.1197986E-05
  2.9027895E-05
  2.6461264E-05
  2.3534882E-05
  2.0296207E-05
  1.6799775E-05
  1.3103734E-05
  9.2707960E-06
  5.3691183E-06
  1.4685656E-06
 -2.3634341E-06
 -6.0618422E-06
 -9.5636860E-06
 -1.2811625E-05
 -1.5757094E-05
 -1.8358780E-05
 -2.0581036E-05
 -2.2396751E-05
 -2.3790022E-05
 -2.4753961E-05
 -2.5288226E-05
 -2.5400846E-05
 -2.5109714E-05
 -2.4439265E-05
 -2.3417446E-05
 -2.2077467E-05
 -2.0459142E-05
 -1.8605198E-05
 -1.6558066E-05
 -1.4361673E-05
 -1.2062410E-05
 -9.7046277E-06
 -7.3273750E-06
 -4.9676928E-06
 -2.6634443E-06
 -4.4943226E-07
  1.6465001E-06
  3.6006795E-06
  5.3903855E-06
  6.9969087E-06
  8.4087796E-06
  9.6185468E-06
  1.0619311E-05
  1.1407688E-05
  1.1986845E-05
  1.2362838E-05
  1.2540731E-05
  1.2527455E-05
  1.2334853E-05
  1.1976050E-05
  1.1461976E-05
  1.0805067E-05
  1.0022849E-05
  9.1338761E-06
  8.1534545E-06
  7.0970400E-06
  5.9840413E-06
  4.8340894E-06
  3.6632473E-06
  2.4880633E-06
  1.3293366E-06
  2.0708035E-07
 -8.6483846E-07
 -1.8749101E-06
 -2.8091304E-06
 -3.6548975E-06
 -4.4059152E-06
 -5.0583271E-06
 -5.6058798E-06
 -6.0439656E-06
 -6.3745815E-06
 -6.6021557E-06
 -6.7282672E-06
 -6.7553547E-06
 -6.6911830E-06
 -6.5440272E-06
 -6.3175194E-06
 -6.0156167E-06
 -5.6481053E-06
 -5.2253258E-06
 -4.7519402E-06
 -4.2319348E-06
 -3.6751462E-06
 -3.0924189E-06
 -2.4887902E-06
 -1.8679416E-06
 -1.2387300E-06
 -6.1047933E-07
  1.3611725E-08
  6.3134263E-07
  1.2342705E-06
  1.8124736E-06
  2.3617154E-06
  2.8786026E-06
  3.3534905E-06
  3.7758005E-06
  4.1416033E-06
  4.4482599E-06
  4.6866148E-06
  4.8467305E-06
  4.9266478E-06
  4.9275268E-06
  4.8454895E-06
  4.6770124E-06
  4.4272501E-06
  4.1040985E-06
  3.7092414E-06
  3.2442736E-06
  2.7203689E-06
  2.1522555E-06
  1.5478199E-06
  9.1334505E-07
  2.6335329E-07
 -3.8532420E-07
 -1.0240669E-06
 -1.6465657E-06
 -2.2378433E-06
 -2.7800684E-06
 -3.2640462E-06
 -3.6840361E-06
 -4.0269761E-06
 -4.2787624E-06
 -4.4360340E-06
 -4.5000784E-06
 -4.4648482E-06
 -4.3235095E-06
 -4.0813079E-06
 -3.7491632E-06
 -3.3301396E-06
 -2.8255552E-06
 -2.2489503E-06
 -1.6203430E-06
 -9.5212408E-07
 -2.5452289E-07
  4.5085341E-07
  1.1378925E-06
  1.7913094E-06
  2.4008834E-06
  2.9466526E-06
  3.4056063E-06
  3.7677626E-06
  4.0301929E-06
  4.1813846E-06
  4.2085167E-06
  4.1150029E-06
 -3.3068420E-11
 -1.6297055E-10
 -4.1648243E-10
 -7.7580548E-10
 -1.1975120E-09
 -1.6259468E-09
 -2.0210142E-09
 -2.3498288E-09
 -2.5632387E-09
 -2.6101672E-09
 -2.4689972E-09
 -2.1395166E-09
 -1.6140433E-09
 -8.8641716E-10
  1.7178481E-11
  1.0451056E-09
  2.1514523E-09
  3.2933105E-09
  4.4072483E-09
  5.4212479E-09
  6.2855121E-09
  6.9636390E-09
  7.4030160E-09
  7.5473352E-09
  7.3732909E-09
  6.8853727E-09
  6.0840266E-09
  4.9729123E-09
  3.5898404E-09
  1.9960575E-09
  2.4202307E-10
 -1.6228890E-09
 -3.5176411E-09
 -5.3452931E-09
 -7.0349953E-09
 -8.5337053E-09
 -9.7694581E-09
 -1.0666342E-08
 -1.1188982E-08
 -1.1331799E-08
 -1.1075301E-08
 -1.0399885E-08
 -9.3363717E-09
 -7.9560749E-09
 -6.3156929E-09
 -4.4569202E-09
 -2.4513698E-09
 -3.9336401E-10
  1.6495675E-09
  3.6310617E-09
  5.4777267E-09
  7.0997892E-09
  8.4471559E-09
  9.5042960E-09
  1.0235963E-08
  1.0593973E-08
  1.0574030E-08
  1.0209188E-08
  9.5111652E-09
  8.4776817E-09
  7.1549007E-09
  5.6305129E-09
  3.9654742E-09
  2.1933162E-09
  3.8264902E-10
 -1.3677955E-09
 -2.9977687E-09
 -4.4841788E-09
 -5.7742486E-09
 -6.7916357E-09
 -7.5110957E-09
 -7.9571523E-09
 -8.1292670E-09
 -8.0022380E-09
 -7.6000530E-09
 -6.9921788E-09
 -6.2205592E-09
 -5.3198619E-09
 -4.4179873E-09
 -3.7303556E-09
 -3.4448528E-09
 -3.6941805E-09
 -4.6391291E-09
 -6.4735777E-09
 -9.3237862E-09
 -1.3228689E-08
 -1.8228125E-08
 -2.4368513E-08
 -3.1594066E-08
 -3.9711651E-08
 -4.8463754E-08
 -5.7535559E-08
 -6.6486187E-08
 -7.4788353E-08
 -8.1959826E-08
 -8.7564196E-08
 -9.1095878E-08
 -9.2004690E-08
 -8.9860109E-08
 -8.4375948E-08
 -7.5276063E-08
 -6.2297254E-08
 -4.5372445E-08
 -2.4690969E-08
 -5.6968119E-10
  2.6574051E-08
  5.6084506E-08
  8.7061437E-08
  1.1854507E-07
  1.4958056E-07
  1.7909741E-07
  2.0592489E-07
  2.2900208E-07
  2.4744077E-07
  2.6038532E-07
  2.6704114E-07
  2.6692976E-07
  2.5995391E-07
  2.4618294E-07
  2.2579385E-07
  1.9928027E-07
  1.6748061E-07
  1.3130501E-07
  9.1638427E-08
  4.9558068E-08
  6.3617591E-09
 -3.6745469E-08
 -7.8768394E-08
 -1.1866763E-07
 -1.5530532E-07
 -1.8778192E-07
 -2.1555039E-07
 -2.3809437E-07
 -2.5483610E-07
 -2.6551166E-07
 -2.7028483E-07
 -2.6932719E-07
 -2.6266753E-07
 -2.5062292E-07
 -2.3392394E-07
 -2.1319100E-07
 -1.8877434E-07
 -1.6133117E-07
 -1.3193497E-07
 -1.0132632E-07
 -6.9853073E-08
 -3.8402547E-08
 -7.5891435E-09
  2.6171904E-08
  7.3671671E-08
  1.5011430E-07
  2.6836534E-07
  4.3521095E-07
  6.5339600E-07
  9.2489347E-07
  1.2509313E-06
  1.6302457E-06
  2.0588527E-06
  2.5304112E-06
  3.0341519E-06
  3.5512492E-06
  4.0540212E-06
  4.5098072E-06
  4.8864817E-06
  5.1557067E-06
  5.2930754E-06
  5.2769101E-06
  5.0879535E-06
  4.7114008E-06
  4.1406865E-06
  3.3799001E-06
  2.4420710E-06
  1.3450940E-06
  1.1037469E-07
 -1.2343299E-06
 -2.6529094E-06
 -4.1043149E-06
 -5.5481660E-06
 -6.9457701E-06
 -8.2567440E-06
 -9.4385396E-06
 -1.0451722E-05
 -1.1264276E-05
 -1.1849201E-05
 -1.2180506E-05
 -1.2235884E-05
 -1.2003987E-05
 -1.1486490E-05
 -1.0692658E-05
 -9.6349468E-06
 -8.3314026E-06
 -6.8097370E-06
 -5.1066227E-06
 -3.2643188E-06
 -1.3298054E-06
  6.4476831E-07
  2.6046991E-06
  4.4974508E-06
  6.2748973E-06
  7.8927596E-06
  9.3108083E-06
  1.0494605E-05
  1.1416438E-05
  1.2055269E-05
  1.2397697E-05
  1.2439516E-05
  1.2185550E-05
  1.1648253E-05
  1.0847550E-05
  9.8114515E-06
  8.5747142E-06
  7.1756413E-06
  5.6540885E-06
  4.0515724E-06
  2.4113483E-06
  7.7720642E-07
 -8.0827510E-07
 -2.3054633E-06
 -3.6792458E-06
 -4.8998427E-06
 -5.9431668E-06
 -6.7919927E-06
 -7.4368595E-06
 -7.8740068E-06
 -8.1021035E-06
 -8.1231155E-06
 -7.9462552E-06
 -7.5873227E-06
 -7.0633801E-06
 -6.3924836E-06
 -5.5979276E-06
 -4.7003082E-06
 -3.6944598E-06
 -2.5405470E-06
 -1.1933182E-06
  3.5592120E-07
  2.0725661E-06
  3.9096694E-06
  5.8303867E-06
  7.7974682E-06
  9.7595166E-06
  1.1661228E-05
  1.3453854E-05
  1.5074133E-05
  1.6414200E-05
  1.7332390E-05
  1.7704446E-05
  1.7459541E-05
  1.6568083E-05
  1.5012962E-05
  1.2788603E-05
  9.9224435E-06
  6.4806281E-06
  2.5486188E-06
 -1.7824036E-06
 -6.4044880E-06
 -1.1183794E-05
 -1.5984504E-05
 -2.0703719E-05
 -2.5263160E-05
 -2.9557948E-05
 -3.3440487E-05
 -3.6792866E-05
 -3.9619466E-05
 -4.2037995E-05
 -4.4161057E-05
 -4.6001609E-05
 -4.7503629E-05
 -4.8631875E-05
 -4.9387254E-05
 -4.9737268E-05
 -4.9576265E-05
 -4.8775164E-05
 -4.7237387E-05
 -4.4864730E-05
 -4.1473133E-05
 -3.6786125E-05
 -3.0546416E-05
 -2.2637563E-05
 -1.3091041E-05
 -1.9920299E-06
  1.0582535E-05
  2.4509422E-05
  3.9521467E-05
  5.5199445E-05
  7.1065137E-05
  8.6654094E-05
  1.0149201E-04
  1.1505158E-04
  1.2679218E-04
  1.3624781E-04
  1.4305380E-04
  1.4690874E-04
  1.4757358E-04
  1.4493350E-04
  1.3902389E-04
  1.2996596E-04
  1.1790113E-04
  1.0301430E-04
  8.5592910E-05
  6.6020511E-05
  4.4720269E-05
  2.2138200E-05
 -1.2301643E-06
 -2.4849800E-05
 -4.8207705E-05
 -7.0845257E-05
 -9.2320370E-05
 -1.1216422E-04
 -1.2989846E-04
 -1.4508859E-04
 -1.5737501E-04
 -1.6647461E-04
 -1.7218213E-04
 -1.7437803E-04
 -1.7303249E-04
 -1.6820763E-04
 -1.6006229E-04
 -1.4884709E-04
 -1.3488228E-04
 -1.1853535E-04
 -1.0021360E-04
 -8.0362632E-05
 -5.9455568E-05
 -3.7976781E-05
 -1.6408514E-05
  4.7829672E-06
  2.5163768E-05
  4.4342210E-05
  6.1970146E-05
  7.7747900E-05
  9.1435446E-05
  1.0285617E-04
  1.1189135E-04
  1.1848278E-04
  1.2264351E-04
  1.2444997E-04
  1.2400864E-04
  1.2143598E-04
  1.1688028E-04
  1.1055366E-04
  1.0272398E-04
  9.3670460E-05
  8.3652463E-05
  7.2913237E-05
  6.1692321E-05
  5.0220799E-05
  3.8709233E-05
  2.7348047E-05
  1.6317270E-05
  5.7867983E-06
 -4.0997711E-06
 -1.3243080E-05
 -2.1586768E-05
 -2.9094212E-05
 -3.5727520E-05
 -4.1455587E-05
 -4.6283443E-05
 -5.0264021E-05
 -5.3473119E-05
 -5.5976598E-05
 -5.7827652E-05
 -5.9087841E-05
 -5.9833827E-05
 -6.0136350E-05
 -6.0038212E-05
 -5.9557155E-05
 -5.8705737E-05
 -5.7503297E-05
 -5.5971013E-05
 -5.4122134E-05
 -5.1961022E-05
 -4.9489856E-05
 -4.6710651E-05
 -4.3617623E-05
 -4.0192590E-05
 -3.6418300E-05
 -3.2301858E-05
 -2.7881899E-05
 -2.3209024E-05
 -1.8320545E-05
 -1.3234589E-05
 -7.9626880E-06
 -2.5230702E-06
  3.0536139E-06
  8.7223580E-06
  1.4424106E-05
  2.0089712E-05
  2.5643925E-05
  3.1005460E-05
  3.6086960E-05
  4.0799285E-05
  4.5056007E-05
  4.8773305E-05
  5.1869916E-05
  5.4272721E-05
  5.5923188E-05
  5.6778248E-05
  5.6809418E-05
  5.6006149E-05
  5.4379427E-05
  5.1959389E-05
  4.8790680E-05
  4.4932429E-05
  4.0460040E-05
  3.5462683E-05
  3.0038864E-05
  2.4295292E-05
  1.8345963E-05
  1.2306587E-05
  6.2883591E-06
  3.9680617E-07
 -5.2675514E-06
 -1.0612113E-05
 -1.5555663E-05
 -2.0027939E-05
 -2.3969127E-05
 -2.7333432E-05
 -3.0091885E-05
 -3.2229633E-05
 -3.3742715E-05
 -3.4639535E-05
 -3.4942001E-05
 -3.4681470E-05
 -3.3895220E-05
 -3.2628606E-05
 -3.0936542E-05
 -2.8878245E-05
 -2.6511880E-05
 -2.3896033E-05
 -2.1091992E-05
 -1.8159750E-05
 -1.5153524E-05
 -1.2123766E-05
 -9.1198017E-06
 -6.1860383E-06
 -3.3578553E-06
 -6.6464509E-07
  1.8660144E-06
  4.2107472E-06
  6.3535631E-06
  8.2823817E-06
  9.9849949E-06
  1.1452038E-05
  1.2680561E-05
  1.3670312E-05
  1.4419329E-05
  1.4927104E-05
  1.5198819E-05
  1.5242282E-05
  1.5064016E-05
  1.4672702E-05
  1.4082912E-05
  1.3310771E-05
  1.2369290E-05
  1.1272615E-05
  1.0041369E-05
  8.6989148E-06
  7.2658131E-06
  5.7627303E-06
  4.2147340E-06
  2.6471007E-06
  1.0803415E-06
 -4.6524701E-07
 -1.9637378E-06
 -3.3877518E-06
 -4.7148083E-06
 -5.9241811E-06
 -6.9918642E-06
 -7.8952862E-06
 -8.6198506E-06
 -9.1552174E-06
 -9.4893903E-06
 -9.6132117E-06
 -9.5272799E-06
 -9.2381160E-06
 -8.7512663E-06
 -8.0747031E-06
 -7.2253324E-06
 -6.2257081E-06
 -5.0983676E-06
 -3.8699282E-06
 -2.5761356E-06
 -1.2551941E-06
  6.0476850E-08
  1.3398437E-06
  2.5464744E-06
  3.6446295E-06
  4.6079913E-06
  5.4149959E-06
  6.0412845E-06
  6.4664837E-06
  6.6848602E-06
  6.7010428E-06
  6.5199529E-06
  6.1498736E-06
  5.6103495E-06
  4.9267173E-06
  4.1202484E-06
  3.2124358E-06
  2.2338481E-06
  1.2182350E-06
  1.9172012E-07
 -8.2275801E-07
 -1.7957652E-06
 -2.6975526E-06
 -3.5100643E-06
 -4.2224447E-06
 -4.8193224E-06
 -5.2846026E-06
 -5.6122140E-06
 -5.8016863E-06
 -3.6083270E-12
 -1.8974286E-11
 -5.2764387E-11
 -1.1091008E-10
 -2.0095339E-10
 -3.2592476E-10
 -4.8131260E-10
 -6.6074562E-10
 -8.5901092E-10
 -1.0661851E-09
 -1.2644666E-09
 -1.4350456E-09
 -1.5638257E-09
 -1.6375834E-09
 -1.6404840E-09
 -1.5593118E-09
 -1.3883530E-09
 -1.1260990E-09
 -7.7249607E-10
 -3.3386560E-10
  1.7365603E-10
  7.2936168E-10
  1.3128250E-09
  1.9012558E-09
  2.4679117E-09
  2.9873024E-09
  3.4376579E-09
  3.7958023E-09
  4.0360502E-09
  4.1388883E-09
  4.0966173E-09
  3.9084687E-09
  3.5771985E-09
  3.1142227E-09
  2.5407920E-09
  1.8787187E-09
  1.1453996E-09
  3.6159065E-10
 -4.4322912E-10
 -1.2383846E-09
 -1.9986026E-09
 -2.6991480E-09
 -3.3126315E-09
 -3.8170267E-09
 -4.2006159E-09
 -4.4540638E-09
 -4.5651034E-09
 -4.5268678E-09
 -4.3442783E-09
 -4.0266830E-09
 -3.5822265E-09
 -3.0256970E-09
 -2.3834594E-09
 -1.6831256E-09
 -9.4547503E-10
 -1.9264534E-10
  5.4489646E-10
  1.2378867E-09
  1.8673125E-09
  2.4171731E-09
  2.8676639E-09
  3.2045746E-09
  3.4275456E-09
  3.5406469E-09
  3.5430197E-09
  3.4370846E-09
  3.2367691E-09
  2.9580307E-09
  2.6096703E-09
  2.2025535E-09
  1.7583894E-09
  1.2989201E-09
  8.3514584E-10
  3.7749914E-10
 -5.2916949E-11
 -4.3677778E-10
 -7.7840517E-10
 -1.1149403E-09
 -1.5210633E-09
 -2.1162041E-09
 -3.0522269E-09
 -4.4766963E-09
 -6.5118115E-09
 -9.2697432E-09
 -1.2862773E-08
 -1.7376269E-08
 -2.2842583E-08
 -2.9252480E-08
 -3.6563812E-08
 -4.4659977E-08
 -5.3298841E-08
 -6.2123043E-08
 -7.0718258E-08
 -7.8648590E-08
 -8.5453635E-08
 -9.0650659E-08
 -9.3758224E-08
 -9.4318949E-08
 -9.1916604E-08
 -8.6199165E-08
 -7.6897521E-08
 -6.3831777E-08
 -4.6934183E-08
 -2.6303766E-08
 -2.2457911E-09
  2.4745315E-08
  5.4021911E-08
  8.4788034E-08
  1.1610191E-07
  1.4692641E-07
  1.7619925E-07
  2.0286400E-07
  2.2587905E-07
  2.4426146E-07
  2.5715815E-07
  2.6389591E-07
  2.6401239E-07
  2.5729540E-07
  2.4380560E-07
  2.2384810E-07
  1.9792947E-07
  1.6674838E-07
  1.3118887E-07
  9.2268564E-08
  5.1077947E-08
  8.7631165E-09
 -3.3488135E-08
 -7.4514027E-08
 -1.1325341E-07
 -1.4875549E-07
 -1.8016529E-07
 -2.0676200E-07
 -2.2801422E-07
 -2.4357331E-07
 -2.5323916E-07
 -2.5697761E-07
 -2.5495510E-07
 -2.4751063E-07
 -2.3510158E-07
 -2.1830016E-07
 -1.9779684E-07
 -1.7433810E-07
 -1.4866411E-07
 -1.2153109E-07
 -9.3734471E-08
 -6.6032008E-08
 -3.9068411E-08
 -1.3423360E-08
  1.0339461E-08
  3.1765396E-08
  5.0587033E-08
  6.6619236E-08
  7.9697323E-08
  8.9853650E-08
  9.7254834E-08
  1.0134318E-07
  9.9808503E-08
  8.8844942E-08
  6.4919249E-08
  2.6324024E-08
 -2.7020015E-08
 -9.4789954E-08
 -1.7671258E-07
 -2.7200809E-07
 -3.7913921E-07
 -4.9621923E-07
 -6.2078101E-07
 -7.4838545E-07
 -8.7176494E-07
 -9.8208693E-07
 -1.0711969E-06
 -1.1324369E-06
 -1.1598288E-06
 -1.1476302E-06
 -1.0911426E-06
 -9.8738883E-07
 -8.3479131E-07
 -6.3315861E-07
 -3.8488861E-07
 -9.5700159E-08
  2.2679966E-07
  5.7508328E-07
  9.4137943E-07
  1.3157463E-06
  1.6860254E-06
  2.0403604E-06
  2.3688526E-06
  2.6622870E-06
  2.9105881E-06
  3.1039156E-06
  3.2347152E-06
  3.2974531E-06
  3.2868395E-06
  3.1980924E-06
  3.0294095E-06
  2.7830365E-06
  2.4634610E-06
  2.0756772E-06
  1.6259296E-06
  1.1231994E-06
  5.7894943E-07
  5.9089871E-09
 -5.8203062E-07
 -1.1692628E-06
 -1.7391810E-06
 -2.2759828E-06
 -2.7656079E-06
 -3.1953730E-06
 -3.5537958E-06
 -3.8313074E-06
 -4.0208488E-06
 -4.1176941E-06
 -4.1192034E-06
 -4.0251221E-06
 -3.8379399E-06
 -3.5627818E-06
 -3.2071180E-06
 -2.7806784E-06
 -2.2953193E-06
 -1.7644470E-06
 -1.2021874E-06
 -6.2283539E-07
 -4.0784812E-08
  5.2943153E-07
  1.0735188E-06
  1.5782352E-06
  2.0320167E-06
  2.4250189E-06
  2.7491521E-06
  2.9986961E-06
  3.1707432E-06
  3.2644159E-06
  3.2797288E-06
  3.2179810E-06
  3.0831277E-06
  2.8814177E-06
  2.6192970E-06
  2.3032526E-06
  1.9423067E-06
  1.5474261E-06
  1.1242905E-06
  6.6707514E-07
  1.6416618E-07
 -3.8723374E-07
 -9.7422594E-07
 -1.5771865E-06
 -2.1817382E-06
 -2.7781130E-06
 -3.3526389E-06
 -3.8878875E-06
 -4.3715672E-06
 -4.7960493E-06
 -5.1431584E-06
 -5.3756344E-06
 -5.4527300E-06
 -5.3533313E-06
 -5.0773738E-06
 -4.6276136E-06
 -4.0016971E-06
 -3.2048356E-06
 -2.2584284E-06
 -1.1879415E-06
 -1.0949407E-08
  1.2517635E-06
  2.5591912E-06
  3.8587232E-06
  5.1123720E-06
  6.3027128E-06
  7.4114596E-06
  8.4054482E-06
  9.2491891E-06
  9.9187710E-06
  1.0394275E-05
  1.0648629E-05
  1.0655119E-05
  1.0397012E-05
  9.8551482E-06
  8.9920013E-06
  7.7670556E-06
  6.1712235E-06
  4.2333968E-06
  1.9924596E-06
 -5.1967231E-07
 -3.2597866E-06
 -6.1537144E-06
 -9.1074944E-06
 -1.2027442E-05
 -1.4814784E-05
 -1.7348520E-05
 -1.9494342E-05
 -2.1137696E-05
 -2.2202934E-05
 -2.2643897E-05
 -2.2429720E-05
 -2.1544254E-05
 -1.9989975E-05
 -1.7787577E-05
 -1.4979718E-05
 -1.1641376E-05
 -7.8803132E-06
 -3.8182698E-06
  4.2982583E-07
  4.7578774E-06
  9.0565873E-06
  1.3208290E-05
  1.7096794E-05
  2.0621013E-05
  2.3699267E-05
  2.6263635E-05
  2.8255034E-05
  2.9628574E-05
  3.0364385E-05
  3.0467088E-05
  2.9948360E-05
  2.8812699E-05
  2.7067948E-05
  2.4748748E-05
  2.1919801E-05
  1.8652869E-05
  1.5009022E-05
  1.1048165E-05
  6.8465542E-06
  2.4948667E-06
 -1.9165004E-06
 -6.3002726E-06
 -1.0562958E-05
 -1.4604416E-05
 -1.8330924E-05
 -2.1663756E-05
 -2.4534864E-05
 -2.6882823E-05
 -2.8658545E-05
 -2.9831301E-05
 -3.0385940E-05
 -3.0318490E-05
 -2.9639217E-05
 -2.8377905E-05
 -2.6581629E-05
 -2.4307412E-05
 -2.1618845E-05
 -1.8587529E-05
 -1.5292664E-05
 -1.1816857E-05
 -8.2424922E-06
 -4.6505947E-06
 -1.1193106E-06
  2.2791560E-06
  5.4799275E-06
  8.4232161E-06
  1.1052223E-05
  1.3316780E-05
  1.5182572E-05
  1.6638252E-05
  1.7693046E-05
  1.8366929E-05
  1.8683313E-05
  1.8669565E-05
  1.8359955E-05
  1.7794679E-05
  1.7017892E-05
  1.6080297E-05
  1.5041724E-05
  1.3963731E-05
  1.2894156E-05
  1.1858645E-05
  1.0867485E-05
  9.9278377E-06
  9.0474459E-06
  8.2294882E-06
  7.4678901E-06
  6.7470173E-06
  6.0426114E-06
  5.3235517E-06
  4.5575634E-06
  3.7185346E-06
  2.7875985E-06
  1.7469006E-06
  5.7596594E-07
 -7.4192701E-07
 -2.2103118E-06
 -3.8190069E-06
 -5.5518167E-06
 -7.3903034E-06
 -9.3089402E-06
 -1.1271601E-05
 -1.3237373E-05
 -1.5167598E-05
 -1.7022261E-05
 -1.8750423E-05
 -2.0290492E-05
 -2.1583137E-05
 -2.2581504E-05
 -2.3248107E-05
 -2.3547096E-05
 -2.3444663E-05
 -2.2915556E-05
 -2.1945763E-05
 -2.0530888E-05
 -1.8677327E-05
 -1.6406659E-05
 -1.3756633E-05
 -1.0777498E-05
 -7.5292137E-06
 -4.0812292E-06
 -5.1047573E-07
  3.1033542E-06
  6.6807665E-06
  1.0142478E-05
  1.3410806E-05
  1.6413869E-05
  1.9088449E-05
  2.1379898E-05
  2.3242883E-05
  2.4644605E-05
  2.5566378E-05
  2.6001384E-05
  2.5952440E-05
  2.5432879E-05
  2.4467799E-05
  2.3092438E-05
  2.1349306E-05
  1.9286845E-05
  1.6958715E-05
  1.4421861E-05
  1.1734237E-05
  8.9535179E-06
  6.1360606E-06
  3.3353299E-06
  6.0081311E-07
 -2.0221828E-06
 -4.4930944E-06
 -6.7771330E-06
 -8.8452916E-06
 -1.0673508E-05
 -1.2242979E-05
 -1.3541466E-05
 -1.4563141E-05
 -1.5306821E-05
 -1.5775217E-05
 -1.5975696E-05
 -1.5920161E-05
 -1.5623498E-05
 -1.5103024E-05
 -1.4379252E-05
 -1.3475445E-05
 -1.2415555E-05
 -1.1223375E-05
 -9.9235876E-06
 -8.5419024E-06
 -7.1033837E-06
 -5.6316030E-06
 -4.1494613E-06
 -2.6791886E-06
 -1.2408009E-06
  1.4831289E-07
  1.4719328E-06
  2.7144529E-06
  3.8621592E-06
  4.9036953E-06
  5.8288501E-06
  6.6283046E-06
  7.2951116E-06
  7.8251287E-06
  8.2155912E-06
  8.4646927E-06
  8.5730380E-06
  8.5440188E-06
  8.3821542E-06
  8.0924183E-06
  7.6817487E-06
  7.1598824E-06
  6.5382901E-06
  5.8297373E-06
  5.0493309E-06
  4.2143424E-06
  3.3422107E-06
  2.4498254E-06
  1.5548676E-06
  6.7596784E-07
 -1.6920023E-07
 -9.6464987E-07
 -1.6948466E-06
 -2.3449702E-06
 -2.9034973E-06
 -3.3632894E-06
 -3.7199536E-06
 -3.9711185E-06
 -4.1179283E-06
 -4.1651879E-06
 -4.1190115E-06
 -3.9858214E-06
 -3.7740801E-06
 -3.4948773E-06
 -3.1598645E-06
 -2.7803028E-06
 -2.3686093E-06
 -1.9384474E-06
 -1.5019516E-06
 -1.0683486E-06
 -6.4586959E-07
 -2.4297174E-07
  1.3311208E-07
  4.7696113E-07
  7.8328202E-07
  1.0467310E-06
  1.2642436E-06
  1.4354048E-06
  1.5596327E-06
  1.6350137E-06
  1.6603980E-06
  1.6360279E-06
  1.5613217E-06
  1.4402576E-10
  7.0268896E-10
  1.7634540E-09
  3.2370111E-09
  5.0089146E-09
  6.9417747E-09
  8.8907388E-09
  1.0717434E-08
  1.2291399E-08
  1.3489893E-08
  1.4206380E-08
  1.4359236E-08
  1.3891898E-08
  1.2771773E-08
  1.0995144E-08
  8.5909280E-09
  5.6162914E-09
  2.1503244E-09
 -1.7080901E-09
 -5.8428027E-09
 -1.0126576E-08
 -1.4425647E-08
 -1.8601568E-08
 -2.2517110E-08
 -2.6045551E-08
 -2.9073673E-08
 -3.1498857E-08
 -3.3232190E-08
 -3.4208274E-08
 -3.4388563E-08
 -3.3756226E-08
 -3.2315960E-08
 -3.0101088E-08
 -2.7172971E-08
 -2.3609102E-08
 -1.9496063E-08
 -1.4933992E-08
 -1.0037883E-08
 -4.9280846E-09
  2.7676172E-10
  5.4568616E-09
  1.0491211E-08
  1.5267634E-08
  1.9690166E-08
  2.3675664E-08
  2.7151062E-08
  3.0058708E-08
  3.2359345E-08
  3.4026947E-08
  3.5046632E-08
  3.5420708E-08
  3.5170796E-08
  3.4331020E-08
  3.2944225E-08
  3.1065294E-08
  2.8759121E-08
  2.6091243E-08
  2.3126125E-08
  1.9935063E-08
  1.6596035E-08
  1.3181806E-08
  9.7551922E-09
  6.3769363E-09
  3.1075222E-09
 -3.3542058E-12
 -2.9213190E-09
 -5.6186047E-09
 -8.0677314E-09
 -1.0242054E-08
 -1.2110044E-08
 -1.3628978E-08
 -1.4760386E-08
 -1.5496855E-08
 -1.5860826E-08
 -1.5874761E-08
 -1.5550754E-08
 -1.4919237E-08
 -1.4057609E-08
 -1.3089839E-08
 -1.2178877E-08
 -1.1528402E-08
 -1.1370341E-08
 -1.1928586E-08
 -1.3392463E-08
 -1.5916706E-08
 -1.9618746E-08
 -2.4561412E-08
 -3.0751185E-08
 -3.8150507E-08
 -4.6651607E-08
 -5.6010187E-08
 -6.5825304E-08
 -7.5609400E-08
 -8.4865434E-08
 -9.3085831E-08
 -9.9718434E-08
 -1.0419034E-07
 -1.0597375E-07
 -1.0461150E-07
 -9.9698411E-08
 -9.0888044E-08
 -7.7944883E-08
 -6.0793852E-08
 -3.9542037E-08
 -1.4491519E-08
  1.3853620E-08
  4.4803450E-08
  7.7512865E-08
  1.1100655E-07
  1.4421012E-07
  1.7600297E-07
  2.0526737E-07
  2.3091060E-07
  2.5189249E-07
  2.6729262E-07
  2.7638549E-07
  2.7867631E-07
  2.7391141E-07
  2.6209452E-07
  2.4348870E-07
  2.1857957E-07
  1.8803496E-07
  1.5269742E-07
  1.1357265E-07
  7.1771737E-08
  2.8445392E-08
 -1.5240616E-08
 -5.8121081E-08
 -9.9084538E-08
 -1.3712713E-07
 -1.7135787E-07
 -2.0099584E-07
 -2.2541300E-07
 -2.4417821E-07
 -2.5704020E-07
 -2.6389301E-07
 -2.6479199E-07
 -2.5997920E-07
 -2.4984777E-07
 -2.3488460E-07
 -2.1566350E-07
 -1.9284818E-07
 -1.6713690E-07
 -1.3920631E-07
 -1.0973723E-07
 -7.9458985E-08
 -4.9105687E-08
 -1.9338437E-08
  9.2500549E-09
  3.6091784E-08
  6.0677600E-08
  8.2622648E-08
  1.0163503E-07
  1.1743462E-07
  1.2977011E-07
  1.3850504E-07
  1.4362173E-07
  1.4515926E-07
  1.4322502E-07
  1.3805257E-07
  1.2996051E-07
  1.1925653E-07
  1.0625964E-07
  9.1398263E-08
  7.5182619E-08
  5.8079863E-08
  4.0511104E-08
  2.2954211E-08
  5.9183023E-09
 -1.0198633E-08
 -2.5109500E-08
 -3.8494786E-08
 -5.0003173E-08
 -5.9416006E-08
 -6.6668221E-08
 -7.1691275E-08
 -7.4403133E-08
 -7.4875786E-08
 -7.3321722E-08
 -6.9884479E-08
 -6.4645477E-08
 -5.7826391E-08
 -4.9711346E-08
 -4.0449986E-08
 -3.0341681E-08
 -1.9786569E-08
 -6.9019457E-09
  1.6718712E-08
  6.7598599E-08
  1.6586075E-07
  3.2792025E-07
  5.6343686E-07
  8.7815113E-07
  1.2767321E-06
  1.7611014E-06
  2.3276107E-06
  2.9681441E-06
  3.6725855E-06
  4.4257085E-06
  5.1991824E-06
  5.9485938E-06
  6.6212242E-06
  7.1671120E-06
  7.5423150E-06
  7.7047380E-06
  7.6128408E-06
  7.2319767E-06
  6.5409477E-06
  5.5306382E-06
  4.1978774E-06
  2.5443264E-06
  5.8333535E-07
 -1.6522500E-06
 -4.1083335E-06
 -6.7130559E-06
 -9.3807066E-06
 -1.2014863E-05
 -1.4513502E-05
 -1.6776916E-05
 -1.8714703E-05
 -2.0247735E-05
 -2.1306010E-05
 -2.1827758E-05
 -2.1763834E-05
 -2.1085685E-05
 -1.9791421E-05
 -1.7906479E-05
 -1.5480109E-05
 -1.2580753E-05
 -9.2916944E-06
 -5.7067373E-06
 -1.9260606E-06
  1.9469480E-06
  5.8079172E-06
  9.5536225E-06
  1.3084511E-05
  1.6307436E-05
  1.9138404E-05
  2.1505095E-05
  2.3348604E-05
  2.4624298E-05
  2.5302628E-05
  2.5370275E-05
  2.4830522E-05
  2.3702078E-05
  2.2017453E-05
  1.9822301E-05
  1.7174929E-05
  1.4144596E-05
  1.0809168E-05
  7.2534422E-06
  3.5672210E-06
 -1.5827845E-07
 -3.8340527E-06
 -7.3742108E-06
 -1.0695300E-05
 -1.3717770E-05
 -1.6369520E-05
 -1.8587747E-05
 -2.0318594E-05
 -2.1518612E-05
 -2.2159114E-05
 -2.2228687E-05
 -2.1731274E-05
 -2.0684032E-05
 -1.9118799E-05
 -1.7083930E-05
 -1.4642163E-05
 -1.1866878E-05
 -8.8412098E-06
 -5.6579765E-06
 -2.4146548E-06
  7.9691381E-07
  3.9003717E-06
  6.8396057E-06
  9.5779014E-06
  1.2093698E-05
  1.4377400E-05
  1.6432266E-05
  1.8273697E-05
  1.9917057E-05
  2.1358788E-05
  2.2572345E-05
  2.3526989E-05
  2.4203642E-05
  2.4580815E-05
  2.4607139E-05
  2.4201843E-05
  2.3285622E-05
  2.1797518E-05
  1.9675923E-05
  1.6842860E-05
  1.3231525E-05
  8.8310117E-06
  3.6926986E-06
 -2.1007090E-06
 -8.4481435E-06
 -1.5201956E-05
 -2.2140452E-05
 -2.8980090E-05
 -3.5408990E-05
 -4.1107363E-05
 -4.5761153E-05
 -4.9092487E-05
 -5.0894912E-05
 -5.1041174E-05
 -4.9467195E-05
 -4.6168134E-05
 -4.1216677E-05
 -3.4775436E-05
 -2.7088721E-05
 -1.8474559E-05
 -9.3279832E-06
 -1.0721305E-07
  8.7205408E-06
  1.6745413E-05
  2.3645887E-05
  2.9180606E-05
  3.3177697E-05
  3.5541012E-05
  3.6255697E-05
  3.5377929E-05
  3.3022741E-05
  2.9366744E-05
  2.4656572E-05
  1.9201036E-05
  1.3342551E-05
  7.4241652E-06
  1.7683378E-06
 -3.3318831E-06
 -7.6219649E-06
 -1.0905728E-05
 -1.3067523E-05
 -1.4073567E-05
 -1.3945890E-05
 -1.2737153E-05
 -1.0535617E-05
 -7.4845302E-06
 -3.7746149E-06
  3.9109591E-07
  4.8141392E-06
  9.2820192E-06
  1.3561591E-05
  1.7442333E-05
  2.0787538E-05
  2.3528639E-05
  2.5616791E-05
  2.7004779E-05
  2.7677914E-05
  2.7675575E-05
  2.7069438E-05
  2.5940937E-05
  2.4393938E-05
  2.2563359E-05
  2.0573845E-05
  1.8484612E-05
  1.6290171E-05
  1.3970821E-05
  1.1521954E-05
  8.9368459E-06
  6.1907458E-06
  3.2569651E-06
  1.2072041E-07
 -3.2391772E-06
 -6.8675854E-06
 -1.0806289E-05
 -1.5042881E-05
 -1.9490355E-05
 -2.4011086E-05
 -2.8450759E-05
 -3.2656502E-05
 -3.6485748E-05
 -3.9814826E-05
 -4.2541265E-05
 -4.4577202E-05
 -4.5844507E-05
 -4.6279562E-05
 -4.5843037E-05
 -4.4528380E-05
 -4.2367472E-05
 -3.9429873E-05
 -3.5810903E-05
 -3.1613097E-05
 -2.6933983E-05
 -2.1866766E-05
 -1.6508486E-05
 -1.0966709E-05
 -5.3589811E-06
  1.9712479E-07
  5.5989012E-06
  1.0767280E-05
  1.5643982E-05
  2.0185067E-05
  2.4359593E-05
  2.8148837E-05
  3.1539275E-05
  3.4516550E-05
  3.7070124E-05
  3.9199589E-05
  4.0906027E-05
  4.2173611E-05
  4.2963449E-05
  4.3224580E-05
  4.2905478E-05
  4.1959516E-05
  4.0356386E-05
  3.8099024E-05
  3.5224020E-05
  3.1780659E-05
  2.7819631E-05
  2.3413189E-05
  1.8680039E-05
  1.3777717E-05
  8.8735342E-06
  4.1358680E-06
 -2.4981182E-07
 -4.0802333E-06
 -7.1682721E-06
 -9.3795798E-06
 -1.0639667E-05
 -1.0925252E-05
 -1.0269474E-05
 -8.7770331E-06
 -6.6238890E-06
 -4.0392833E-06
 -1.2903997E-06
  1.3248732E-06
  3.4917509E-06
  4.9031846E-06
  5.2827090E-06
  4.4029798E-06
  2.1120477E-06
 -1.6362364E-06
 -6.7732426E-06
 -1.3136987E-05
 -2.0496485E-05
 -2.8553977E-05
 -3.6940433E-05
 -4.5234927E-05
 -5.3005846E-05
 -5.9845472E-05
 -6.5388027E-05
 -6.9327711E-05
 -7.1442817E-05
 -7.1607865E-05
 -6.9782516E-05
 -6.5993467E-05
 -6.0328857E-05
 -5.2942665E-05
 -4.4056127E-05
 -3.3952598E-05
 -2.2967288E-05
 -1.1467502E-05
  1.7673119E-07
  1.1617464E-05
  2.2535982E-05
  3.2638651E-05
  4.1657298E-05
  4.9357855E-05
  5.5550358E-05
  6.0098289E-05
  6.2929656E-05
  6.4044099E-05
  6.3506421E-05
  6.1428334E-05
  5.7951605E-05
  5.3240979E-05
  4.7484355E-05
  4.0894636E-05
  3.3708551E-05
  2.6177786E-05
  1.8552648E-05
  1.1067505E-05
  3.9359420E-06
 -2.6492453E-06
 -8.5204256E-06
 -1.3541798E-05
 -1.7610078E-05
 -2.0651547E-05
 -2.2625300E-05
 -2.3531522E-05
 -2.3412547E-05
 -2.2343365E-05
 -2.0422287E-05
 -1.7768240E-05
 -1.4517862E-05
 -1.0817032E-05
 -6.8133450E-06
 -2.6562511E-06
  1.5005480E-06
  5.5035571E-06
  9.2101673E-06
  1.2497454E-05
  1.5264872E-05
  1.7433456E-05
  1.8945471E-05
  1.9765463E-05
  1.9880834E-05
  1.9300056E-05
  1.8050428E-05
  1.6179645E-05
  1.3759982E-05
  1.0887073E-05
  7.6700862E-06
  4.2221382E-06
  6.5930863E-07
 -2.8976392E-06
 -6.3291996E-06
 -9.5274700E-06
 -1.2399549E-05
 -1.4864502E-05
 -1.6855010E-05
  5.5424963E-11
  2.6641850E-10
  6.5654443E-10
  1.1837031E-09
  1.8048982E-09
  2.4741738E-09
  3.1431537E-09
  3.7638070E-09
  4.2904640E-09
  4.6808832E-09
  4.8981126E-09
  4.9134479E-09
  4.7090252E-09
  4.2783634E-09
  3.6244643E-09
  2.7575098E-09
  1.6949335E-09
  4.6316817E-10
 -9.0280816E-10
 -2.3628595E-09
 -3.8738541E-09
 -5.3889764E-09
 -6.8586852E-09
 -8.2356824E-09
 -9.4785007E-09
 -1.0549442E-08
 -1.1412012E-08
 -1.2034060E-08
 -1.2392871E-08
 -1.2474965E-08
 -1.2272547E-08
 -1.1783742E-08
 -1.1015953E-08
 -9.9858379E-09
 -8.7158831E-09
 -7.2335791E-09
 -5.5737210E-09
 -3.7782915E-09
 -1.8927770E-09
  3.6527892E-11
  1.9629864E-09
  3.8410040E-09
  5.6284390E-09
  7.2871225E-09
  8.7823091E-09
  1.0084190E-08
  1.1170060E-08
  1.2023819E-08
  1.2634769E-08
  1.2999193E-08
  1.3121881E-08
  1.3013366E-08
  1.2686370E-08
  1.2157011E-08
  1.1447557E-08
  1.0584425E-08
  9.5942001E-09
  8.5042018E-09
  7.3448732E-09
  6.1470349E-09
  4.9368767E-09
  3.7365844E-09
  2.5684534E-09
  1.4543051E-09
  4.1149573E-10
 -5.4698146E-10
 -1.4097442E-09
 -2.1686051E-09
 -2.8220413E-09
 -3.3731200E-09
 -3.8251073E-09
 -4.1830304E-09
 -4.4573065E-09
 -4.6597943E-09
 -4.7969513E-09
 -4.8739737E-09
 -4.9104925E-09
 -4.9556257E-09
 -5.0960303E-09
 -5.4564300E-09
 -6.1870615E-09
 -7.4382345E-09
 -9.3409316E-09
 -1.2008128E-08
 -1.5540571E-08
 -2.0014546E-08
 -2.5462850E-08
 -3.1873256E-08
 -3.9191406E-08
 -4.7294609E-08
 -5.5948448E-08
 -6.4800290E-08
 -7.3425483E-08
 -8.1376200E-08
 -8.8190440E-08
 -9.3382866E-08
 -9.6458493E-08
 -9.6947694E-08
 -9.4433105E-08
 -8.8559524E-08
 -7.9042167E-08
 -6.5686606E-08
 -4.8423658E-08
 -2.7353153E-08
 -2.7751490E-09
  2.4813357E-08
  5.4746508E-08
  8.6210875E-08
  1.1825674E-07
  1.4982993E-07
  1.7983190E-07
  2.0717212E-07
  2.3079126E-07
  2.4968574E-07
  2.6296624E-07
  2.6993186E-07
  2.7012035E-07
  2.6332631E-07
  2.4960244E-07
  2.2924945E-07
  2.0279420E-07
  1.7096367E-07
  1.3465831E-07
  9.4914228E-08
  5.2854801E-08
  9.6484669E-09
 -3.3524472E-08
 -7.5513270E-08
 -1.1524479E-07
 -1.5175250E-07
 -1.8418481E-07
 -2.1182328E-07
 -2.3411674E-07
 -2.5069681E-07
 -2.6136328E-07
 -2.6607361E-07
 -2.6495260E-07
 -2.5828871E-07
 -2.4650006E-07
 -2.3010475E-07
 -2.0971528E-07
 -1.8602427E-07
 -1.5976232E-07
 -1.3166495E-07
 -1.0246956E-07
 -7.2905067E-08
 -4.3653102E-08
 -1.5322811E-08
  1.1537349E-08
  3.6437907E-08
  5.8983382E-08
  7.8890437E-08
  9.5954306E-08
  1.1002070E-07
  1.2100938E-07
  1.2893608E-07
  1.3388153E-07
  1.3595852E-07
  1.3533061E-07
  1.3223030E-07
  1.2692115E-07
  1.1965949E-07
  1.1071693E-07
  1.0040657E-07
  8.9047603E-08
  7.6928750E-08
  6.4338693E-08
  5.1594206E-08
  3.8990461E-08
  2.6752158E-08
  1.5073930E-08
  4.1667754E-09
 -5.7863181E-09
 -1.4678659E-08
 -2.2436840E-08
 -2.8984381E-08
 -3.4287972E-08
 -3.8358991E-08
 -4.1201908E-08
 -4.2933504E-08
 -4.3828553E-08
 -4.3329162E-08
 -3.7824922E-08
 -1.9169065E-08
  2.3670786E-08
  1.0050236E-07
  2.1714527E-07
  3.7634496E-07
  5.8006685E-07
  8.2954136E-07
  1.1233600E-06
  1.4570413E-06
  1.8247010E-06
  2.2190511E-06
  2.6275152E-06
  3.0284971E-06
  3.3934703E-06
  3.6940114E-06
  3.9066877E-06
  4.0116374E-06
  3.9889555E-06
  3.8192870E-06
  3.4885020E-06
  2.9904290E-06
  2.3244752E-06
  1.4921873E-06
  4.9825644E-07
 -6.4450023E-07
 -1.9116292E-06
 -3.2681428E-06
 -4.6717732E-06
 -6.0747743E-06
 -7.4246491E-06
 -8.6668233E-06
 -9.7496268E-06
 -1.0628104E-05
 -1.1263913E-05
 -1.1623251E-05
 -1.1677112E-05
 -1.1405158E-05
 -1.0800275E-05
 -9.8704359E-06
 -8.6375858E-06
 -7.1353652E-06
 -5.4067596E-06
 -3.5015605E-06
 -1.4737893E-06
  6.2023878E-07
  2.7231131E-06
  4.7775147E-06
  6.7278406E-06
  8.5219417E-06
  1.0112608E-05
  1.1458773E-05
  1.2526386E-05
  1.3288886E-05
  1.3727717E-05
  1.3833257E-05
  1.3605602E-05
  1.3054146E-05
  1.2196189E-05
  1.1055937E-05
  9.6642607E-06
  8.0582467E-06
  6.2799663E-06
  4.3752457E-06
  2.3928360E-06
  3.8303506E-07
 -1.6046181E-06
 -3.5231776E-06
 -5.3286121E-06
 -6.9797211E-06
 -8.4389703E-06
 -9.6735585E-06
 -1.0655611E-05
 -1.1362387E-05
 -1.1777761E-05
 -1.1893914E-05
 -1.1711390E-05
 -1.1238143E-05
 -1.0489503E-05
 -9.4886436E-06
 -8.2657243E-06
 -6.8563186E-06
 -5.3013018E-06
 -3.6473893E-06
 -1.9448180E-06
 -2.4165911E-07
  1.4215208E-06
  3.0140843E-06
  4.5160823E-06
  5.9183340E-06
  7.2201919E-06
  8.4243748E-06
  9.5314344E-06
  1.0536172E-05
  1.1426334E-05
  1.2184577E-05
  1.2794007E-05
  1.3241652E-05
  1.3512431E-05
  1.3577584E-05
  1.3392372E-05
  1.2908152E-05
  1.2084298E-05
  1.0887167E-05
  9.2863302E-06
  7.2646053E-06
  4.8340089E-06
  2.0339880E-06
 -1.0879435E-06
 -4.4837652E-06
 -8.0854279E-06
 -1.1782602E-05
 -1.5426784E-05
 -1.8854163E-05
 -2.1899861E-05
 -2.4400968E-05
 -2.6209393E-05
 -2.7216736E-05
 -2.7365706E-05
 -2.6635720E-05
 -2.5026189E-05
 -2.2562523E-05
 -1.9315275E-05
 -1.5406378E-05
 -1.0999676E-05
 -6.2931413E-06
 -1.5151500E-06
  3.0926376E-06
  7.3097772E-06
  1.0965330E-05
  1.3939709E-05
  1.6151096E-05
  1.7550745E-05
  1.8130346E-05
  1.7924653E-05
  1.7002505E-05
  1.5458987E-05
  1.3418159E-05
  1.1036167E-05
  8.4904505E-06
  5.9580916E-06
  3.5986486E-06
  1.5483415E-06
 -8.0773816E-08
 -1.2026801E-06
 -1.7587623E-06
 -1.7171365E-06
 -1.0732917E-06
  1.4667376E-07
  1.8851185E-06
  4.0573427E-06
  6.5572758E-06
  9.2608188E-06
  1.2031087E-05
  1.4729056E-05
  1.7222535E-05
  1.9384959E-05
  2.1089840E-05
  2.2215108E-05
  2.2658201E-05
  2.2346676E-05
  2.1236052E-05
  1.9305886E-05
  1.6565591E-05
  1.3062592E-05
  8.8785582E-06
  4.1163667E-06
 -1.1061202E-06
 -6.6509592E-06
 -1.2356829E-05
 -1.8046929E-05
 -2.3540611E-05
 -2.8658795E-05
 -3.3226665E-05
 -3.7082562E-05
 -4.0091079E-05
 -4.2150288E-05
 -4.3190295E-05
 -4.3170283E-05
 -4.2079275E-05
 -3.9938077E-05
 -3.6799353E-05
 -3.2747354E-05
 -2.7898368E-05
 -2.2398566E-05
 -1.6416108E-05
 -1.0130103E-05
 -3.7213740E-06
  2.6334251E-06
  8.7659182E-06
  1.4519400E-05
  1.9751462E-05
  2.4336674E-05
  2.8170660E-05
  3.1175397E-05
  3.3303826E-05
  3.4541641E-05
  3.4905061E-05
  3.4435270E-05
  3.3192613E-05
  3.1253978E-05
  2.8713062E-05
  2.5679561E-05
  2.2274742E-05
  1.8625706E-05
  1.4861207E-05
  1.1107921E-05
  7.4842937E-06
  4.0925597E-06
  1.0124863E-06
 -1.7011082E-06
 -4.0177033E-06
 -5.9282738E-06
 -7.4415170E-06
 -8.5812999E-06
 -9.3857861E-06
 -9.9047320E-06
 -1.0192411E-05
 -1.0300304E-05
 -1.0275193E-05
 -1.0159940E-05
 -9.9889421E-06
 -9.7788188E-06
 -9.5251808E-06
 -9.2106193E-06
 -8.8142942E-06
 -8.3123541E-06
 -7.6724955E-06
 -6.8533318E-06
 -5.8105666E-06
 -4.5042470E-06
 -2.9062990E-06
 -1.0119479E-06
  1.1491300E-06
  3.5125377E-06
  5.9907752E-06
  8.4846215E-06
  1.0886015E-05
  1.3078306E-05
  1.4941452E-05
  1.6358747E-05
  1.7219314E-05
  1.7421324E-05
  1.6884755E-05
  1.5569827E-05
  1.3486844E-05
  1.0691302E-05
  7.2729254E-06
  3.3486904E-06
 -9.4045481E-07
 -5.4351049E-06
 -9.9666886E-06
 -1.4367366E-05
 -1.8478255E-05
 -2.2156139E-05
 -2.5278645E-05
 -2.7747081E-05
 -2.9486760E-05
 -3.0446223E-05
 -3.0597501E-05
 -2.9938768E-05
 -2.8497965E-05
 -2.6333502E-05
 -2.3529507E-05
 -2.0187743E-05
 -1.6420641E-05
 -1.2347024E-05
 -8.0888776E-06
 -3.7682667E-06
  4.9460323E-07
  4.5826737E-06
  8.3856585E-06
  1.1807065E-05
  1.4771015E-05
  1.7224502E-05
  1.9135083E-05
  2.0487549E-05
  2.1281892E-05
  2.1532065E-05
  2.1264665E-05
  2.0518077E-05
  1.9342348E-05
  1.7798242E-05
  1.5954000E-05
  1.3880952E-05
  1.1650787E-05
  9.3350018E-06
  7.0036085E-06
  4.7212134E-06
  2.5433146E-06
  5.1704455E-07
 -1.3147109E-06
 -2.9116288E-06
 -4.2393167E-06
 -5.2734486E-06
 -5.9999152E-06
 -6.4124433E-06
 -6.5121021E-06
 -6.3087400E-06
 -5.8205433E-06
 -5.0710241E-06
 -4.0874183E-06
 -2.9027678E-06
 -1.5583551E-06
 -1.0226881E-07
  1.4149700E-06
  2.9431881E-06
  4.4320432E-06
  5.8303999E-06
  7.0887800E-06
  8.1633225E-06
  9.0171343E-06
  9.6185431E-06
  9.9404688E-06
  9.9635281E-06
  9.6794338E-06
  9.0901640E-06
  8.2046663E-06
  7.0386586E-06
  5.6177569E-06
  3.9780298E-06
  2.1615942E-06
  2.1274309E-07
 -1.8207656E-06
 -3.8850403E-06
 -5.9219210E-06
 -7.8740104E-06
 -9.6871763E-06
 -1.1310087E-05
 -1.2695426E-05
