   7.500000    
   7.500000    
   1.000000    
  0.5000000    
  0.5000000    
   1.700000    
   2.000000    
   4.750000    
   4.750000    
  0.5000000    
  0.7500000    
  0.2500000    
   1.050000    
   1.250000    
   10.25000    
   10.25000    
   1.500000    
  0.2500000    
  0.7500000    
   2.350000    
   2.750000    
   11.62500    
   6.125000    
   1.250000    
  0.6250000    
  0.8750000    
   2.025000    
   2.375000    
   6.125000    
   11.62500    
  0.2500000    
  0.1250000    
  0.3750000    
  0.7250000    
  0.8750000    
   8.875000    
   3.375000    
   1.750000    
  0.3750000    
  0.6250000    
   2.675000    
   3.125000    
   3.375000    
   8.875000    
  0.7500000    
  0.8750000    
  0.1250000    
   1.375000    
   1.625000    
   12.31250    
   2.687500    
   1.375000    
  6.2500000E-02
  0.3125000    
  0.8875000    
   2.937500    
   6.812500    
   8.187500    
  0.3750000    
  0.5625000    
  0.8125000    
   2.187500    
   1.437500    
   9.562500    
   5.437500    
   1.875000    
  0.8125000    
  6.2500000E-02
   1.537500    
   2.187500    
   4.062500    
   10.93750    
  0.8750000    
  0.3125000    
  0.5625000    
   2.837500    
  0.6875000    
   2.687500    
   6.812500    
  0.1250000    
  0.6875000    
  0.6875000    
   1.862500    
   1.812500    
   8.187500    
   12.31250    
   1.125000    
  0.1875000    
  0.1875000    
  0.5625000    
   3.312500    
   5.437500    
   4.062500    
  0.6250000    
  0.4375000    
  0.9375000    
   2.512500    
   1.062500    
   10.93750    
   9.562500    
   1.625000    
  0.9375000    
  0.4375000    
   1.212500    
   2.562500    
   9.906250    
   8.531250    
  0.3125000    
  0.5937500    
  0.9062500    
   2.918750    
   3.406250    
   4.406250    
   3.031250    
   1.312500    
  9.3750000E-02
  0.4062500    
   1.618750    
   1.906250    
   12.65625    
   11.28125    
  0.8125000    
  0.3437500    
  0.6562500    
   2.268750    
   2.656250    
   7.156250    
   5.781250    
   1.812500    
  0.8437500    
  0.1562500    
  0.9687500    
   1.156250    
   5.781250    
   12.65625    
   1.062500    
  0.2187500    
  3.1250000E-02
   1.293750    
   1.531250    
   11.28125    
   7.156250    
  6.2500000E-02
  0.7187500    
  0.5312500    
   2.593750    
   3.031250    
   3.031250    
   9.906250    
   1.562500    
  0.9687500    
  0.2812500    
  0.6437500    
  0.7812500    
   8.531250    
   4.406250    
  0.5625000    
  0.4687500    
  0.7812500    
   1.943750    
   2.281250    
   5.093750    
   7.843750    
   1.187500    
  0.5312500    
  0.7187500    
   2.431250    
  0.9687500    
   10.59375    
   2.343750    
  0.1875000    
  3.1250000E-02
  0.2187500    
   1.131250    
   2.468750    
   2.343750    
   10.59375    
   1.687500    
  0.2812500    
  0.9687500    
   1.781250    
   1.718750    
   7.843750    
   5.093750    
  0.6875000    
  0.7812500    
  0.4687500    
  0.4812500    
   3.218750    
   9.218750    
   11.96875    
  0.4375000    
  0.1562500    
  0.3437500    
   1.456250    
   2.093750    
   3.718750    
   6.468750    
   1.437500    
  0.6562500    
  0.8437500    
   2.756250    
  0.5937500    
