 -2.4693803E-10
 -1.3204831E-09
 -3.5941836E-09
 -6.8417352E-09
 -1.0421522E-08
 -1.3876585E-08
 -1.7296699E-08
 -2.0878835E-08
 -2.4410634E-08
 -2.7470142E-08
 -2.9952226E-08
 -3.2124213E-08
 -3.4276262E-08
 -3.6554216E-08
 -3.9064876E-08
 -4.1959176E-08
 -4.5470397E-08
 -4.9983601E-08
 -5.5914523E-08
 -6.3314786E-08
 -7.1669149E-08
 -8.0235978E-08
 -8.8506120E-08
 -9.6212673E-08
 -1.0307390E-07
 -1.0881114E-07
 -1.1341834E-07
 -1.1722813E-07
 -1.2067991E-07
 -1.2409973E-07
 -1.2764613E-07
 -1.3133186E-07
 -1.3508344E-07
 -1.3883624E-07
 -1.4257479E-07
 -1.4632560E-07
 -1.5023693E-07
 -1.5465818E-07
 -1.5994797E-07
 -1.6613350E-07
 -1.7291683E-07
 -1.8005960E-07
 -1.8755077E-07
 -1.9531943E-07
 -2.0303601E-07
 -2.1035839E-07
 -2.1716625E-07
 -2.2335908E-07
 -2.2856013E-07
 -2.3215632E-07
 -2.3347883E-07
 -2.3184550E-07
 -2.2667031E-07
 -2.1776813E-07
 -2.0546301E-07
 -1.9028090E-07
 -1.7264806E-07
 -1.5291096E-07
 -1.3139706E-07
 -1.0835096E-07
 -8.4051436E-08
 -5.9073901E-08
 -3.4145494E-08
 -9.6629051E-09
  1.4263509E-08
  3.7152237E-08
  5.8008329E-08
  7.6133460E-08
  9.1692371E-08
  1.0517433E-07
  1.1670178E-07
  1.2624116E-07
  1.3407634E-07
  1.4055642E-07
  1.4562902E-07
  1.4907374E-07
  1.5095557E-07
  1.5139466E-07
  1.5009712E-07
  1.4653847E-07
  1.4038426E-07
  1.3127220E-07
  1.1835797E-07
  1.0049359E-07
  7.6647197E-08
  4.5715765E-08
  6.1506462E-09
 -4.3715048E-08
 -1.0501006E-07
 -1.7817693E-07
 -2.6292631E-07
 -3.5751805E-07
 -4.5800135E-07
 -5.5854446E-07
 -6.5255585E-07
 -7.3359291E-07
 -7.9609867E-07
 -8.3633057E-07
 -8.5273678E-07
 -8.4517791E-07
 -8.1412804E-07
 -7.6100395E-07
 -6.8862471E-07
 -6.0040520E-07
 -4.9917566E-07
 -3.8729340E-07
 -2.6745744E-07
 -1.4254522E-07
 -1.4821481E-08
  1.1395444E-07
  2.4185147E-07
  3.6695198E-07
  4.8799564E-07
  6.0403892E-07
  7.1362405E-07
  8.1503384E-07
  9.0718328E-07
  9.8950522E-07
  1.0612126E-06
  1.1215517E-06
  1.1706128E-06
  1.2090229E-06
  1.2369984E-06
  1.2545532E-06
  1.2624055E-06
  1.2616941E-06
  1.2529263E-06
  1.2361420E-06
  1.2119497E-06
  1.1814030E-06
  1.1450231E-06
  1.1029897E-06
  1.0561662E-06
  1.0058677E-06
  9.5274612E-07
  8.9698887E-07
  8.3946304E-07
  7.8148179E-07
  7.2354180E-07
  6.6547761E-07
  6.0774130E-07
  5.5126782E-07
  4.9617239E-07
  4.4190017E-07
  3.8860833E-07
  3.3705899E-07
  2.8721067E-07
  2.3833670E-07
  1.9051552E-07
  1.4455384E-07
  1.0045841E-07
  5.7508018E-08
  1.5843355E-08
 -2.3602482E-08
 -6.0788445E-08
 -9.6543630E-08
 -1.3081809E-07
 -1.6265678E-07
 -1.9198589E-07
 -2.1965054E-07
 -2.4557568E-07
 -2.6874784E-07
 -2.8918126E-07
 -3.0800004E-07
 -3.2540282E-07
 -3.4053116E-07
 -3.5354239E-07
 -3.6571015E-07
 -3.7721048E-07
 -3.8696567E-07
 -3.9495742E-07
 -4.0242836E-07
 -4.0946895E-07
 -4.1477733E-07
 -4.1819246E-07
 -4.2099865E-07
 -4.2329728E-07
 -4.2366767E-07
 -4.2193130E-07
 -4.1956153E-07
 -4.1680443E-07
 -4.1220881E-07
 -4.0562426E-07
 -3.9871264E-07
 -3.9179145E-07
 -3.8324788E-07
 -3.7284860E-07
 -3.6240326E-07
 -3.5229610E-07
 -3.4074549E-07
 -3.2745055E-07
 -3.1442508E-07
 -3.0216665E-07
 -2.8872057E-07
 -2.7370112E-07
 -2.5933014E-07
 -2.4620346E-07
 -2.3213404E-07
 -2.1660813E-07
 -2.0206726E-07
 -1.8920923E-07
 -1.7556761E-07
 -1.6047534E-07
 -1.4664299E-07
 -1.3491342E-07
 -1.2251014E-07
 -1.0858737E-07
 -9.6174588E-08
 -8.6295515E-08
 -7.5801459E-08
 -6.3599288E-08
 -5.3061779E-08
 -4.5442235E-08
 -3.7228254E-08
 -2.7135833E-08
 -1.8988986E-08
 -1.4205318E-08
 -8.5924423E-09
 -4.4049031E-10
  5.8339475E-09
  8.3272891E-09
  1.1743955E-08
  1.8174282E-08
  2.2557854E-08
  2.2622404E-08
  2.3946747E-08
  2.9185154E-08
  3.2349483E-08
  3.0505539E-08
  3.0249904E-08
  3.4962227E-08
  3.7427260E-08
  3.3780257E-08
  3.1936999E-08
  3.6224787E-08
  3.7667565E-08
  3.1069114E-08
  2.6394048E-08
  2.9744339E-08
  3.0008817E-08
  2.0352189E-08
  1.4117169E-08
  2.0127393E-08
  2.3173861E-08
  1.2690975E-08
  7.2315069E-09
  2.0396232E-08
  2.8979915E-08
  1.4916919E-08
  9.5052126E-09
  3.8984581E-08
  5.5814219E-08
  1.9052386E-08
  5.6235301E-08
  4.4376492E-07
  1.3518643E-06
  2.6460029E-06
  3.9926877E-06
  5.1382731E-06
  6.0573120E-06
  6.8833783E-06
  7.7650093E-06
  8.7675062E-06
  9.8398850E-06
  1.0856807E-05
  1.1725155E-05
  1.2460172E-05
  1.3148683E-05
  1.3863232E-05
  1.4646960E-05
  1.5562866E-05
  1.6712071E-05
  1.8209708E-05
  2.0183807E-05
  2.2791297E-05
  2.6179172E-05
  3.0389921E-05
  3.5279088E-05
  4.0463518E-05
  4.5292094E-05
  4.8917165E-05
  5.0550701E-05
  4.9793169E-05
  4.6775192E-05
  4.2003627E-05
  3.6076472E-05
  2.9487488E-05
  2.2583086E-05
  1.5609372E-05
  8.7756971E-06
  2.2727888E-06
 -3.7817044E-06
 -9.4068728E-06
 -1.4735611E-05
 -1.9922158E-05
 -2.5092360E-05
 -3.0358664E-05
 -3.5796540E-05
 -4.1349776E-05
 -4.6789599E-05
 -5.1818315E-05
 -5.6219018E-05
 -5.9902359E-05
 -6.2848150E-05
 -6.5044755E-05
 -6.6475819E-05
 -6.7132758E-05
 -6.7038120E-05
 -6.6272289E-05
 -6.4969900E-05
 -6.3272048E-05
 -6.1280341E-05
 -5.9054662E-05
 -5.6631307E-05
 -5.4025790E-05
 -5.1231611E-05
 -4.8230697E-05
 -4.4993958E-05
 -4.1465380E-05
 -3.7568847E-05
 -3.3251232E-05
 -2.8512830E-05
 -2.3397988E-05
 -1.7989203E-05
 -1.2429962E-05
 -6.9257712E-06
 -1.6892020E-06
  3.1173522E-06
  7.3880256E-06
  1.1059035E-05
  1.4112627E-05
  1.6571394E-05
  1.8461546E-05
  1.9797639E-05
  2.0622707E-05
  2.1036962E-05
  2.1151043E-05
  2.1017000E-05
  2.0622680E-05
  1.9934985E-05
  1.8926379E-05
  1.7584032E-05
  1.5931852E-05
  1.4038061E-05
  1.1975625E-05
  9.7841848E-06
  7.4920772E-06
  5.1588804E-06
  2.8669401E-06
  6.8263694E-07
 -1.3461190E-06
 -3.1662407E-06
 -4.7251751E-06
 -5.9984432E-06
 -6.9959287E-06
 -7.7589375E-06
 -8.3750529E-06
 -8.9718587E-06
 -9.6516142E-06
 -1.0427354E-05
 -1.1237926E-05
 -1.2007557E-05
 -1.2667720E-05
 -1.3148587E-05
 -1.3393311E-05
 -1.3375419E-05
 -1.3078909E-05
 -1.2485485E-05
 -1.1612042E-05
 -1.0519364E-05
 -9.2175342E-06
 -7.5780899E-06
 -5.4127731E-06
 -2.6583712E-06
  5.4991801E-07
  3.9809020E-06
  7.4463896E-06
  1.0875206E-05
  1.4339997E-05
  1.8022458E-05
  2.2069909E-05
  2.6441308E-05
  3.0931711E-05
  3.5362144E-05
  3.9698371E-05
  4.3983811E-05
  4.8247726E-05
  5.2541633E-05
  5.7020610E-05
  6.1927392E-05
  6.7496738E-05
  7.3859424E-05
  8.0939135E-05
  8.8350629E-05
  9.5421332E-05
  1.0139736E-04
  1.0567467E-04
  1.0786546E-04
  1.0774424E-04
  1.0525733E-04
  1.0061276E-04
  9.4268609E-05
  8.6716609E-05
  7.8207158E-05
  6.8656394E-05
  5.7809815E-05
  4.5504141E-05
  3.1811614E-05
  1.7009665E-05
  1.4915206E-06
 -1.4287590E-05
 -2.9869156E-05
 -4.4891083E-05
 -5.9126647E-05
 -7.2380244E-05
 -8.4375955E-05
 -9.4827097E-05
 -1.0361057E-04
 -1.1079501E-04
 -1.1649186E-04
 -1.2075570E-04
 -1.2363229E-04
 -1.2519158E-04
 -1.2545160E-04
 -1.2433194E-04
 -1.2171853E-04
 -1.1750260E-04
 -1.1153741E-04
 -1.0369823E-04
 -9.4117873E-05
 -8.3323823E-05
 -7.2063456E-05
 -6.1047227E-05
 -5.0925002E-05
 -4.2369044E-05
 -3.5919988E-05
 -3.1652085E-05
 -2.9075167E-05
 -2.7422162E-05
 -2.6007980E-05
 -2.4366946E-05
 -2.2231196E-05
 -1.9523539E-05
 -1.6367700E-05
 -1.3046905E-05
 -9.9375620E-06
 -7.4753375E-06
 -6.1322485E-06
 -6.3323819E-06
 -8.2499391E-06
 -1.1527904E-05
 -1.5152844E-05
 -1.7782746E-05
 -1.8427454E-05
 -1.6853908E-05
 -1.3267407E-05
 -7.7016439E-06
  7.4943046E-08
  1.0118903E-05
  2.2123655E-05
  3.5782403E-05
  5.0967454E-05
  6.7179702E-05
  8.3008148E-05
  9.6679629E-05
  1.0740854E-04
  1.1606616E-04
  1.2443792E-04
  1.3400041E-04
  1.4548581E-04
  1.5928718E-04
  1.7580585E-04
  1.9522174E-04
  2.1701373E-04
  2.3976705E-04
  2.6144902E-04
  2.8000347E-04
  2.9394287E-04
  3.0257029E-04
  3.0571801E-04
  3.0333974E-04
  2.9537766E-04
  2.8188271E-04
  2.6305654E-04
  2.3915317E-04
  2.1049884E-04
  1.7767926E-04
  1.4160274E-04
  1.0332331E-04
  6.3899548E-05
  2.4454837E-05
 -1.3812873E-05
 -4.9875685E-05
 -8.3116640E-05
 -1.1324514E-04
 -1.4002807E-04
 -1.6319191E-04
 -1.8250725E-04
 -1.9779550E-04
 -2.0879567E-04
 -2.1506658E-04
 -2.1603703E-04
 -2.1122604E-04
 -2.0066199E-04
 -1.8532324E-04
 -1.6712451E-04
 -1.4823591E-04
 -1.3026231E-04
 -1.1399478E-04
 -9.9722602E-05
 -8.7527274E-05
 -7.7332021E-05
  4.1313356E-10
  2.2746987E-09
  6.6427193E-09
  1.4087101E-08
  2.4462947E-08
  3.7339134E-08
  5.2554505E-08
  6.9569829E-08
  8.6778918E-08
  1.0233523E-07
  1.1530888E-07
  1.2535766E-07
  1.3189234E-07
  1.3455892E-07
  1.3411145E-07
  1.3180978E-07
  1.2823067E-07
  1.2345089E-07
  1.1787928E-07
  1.1190831E-07
  1.0516901E-07
  9.7166087E-08
  8.8314735E-08
  7.9414562E-08
  7.0565832E-08
  6.1661375E-08
  5.3480360E-08
  4.7113261E-08
  4.2649887E-08
  3.9546098E-08
  3.7847052E-08
  3.7823536E-08
  3.8846153E-08
  3.9996600E-08
  4.1467572E-08
  4.3981139E-08
  4.7178851E-08
  5.0119588E-08
  5.3067780E-08
  5.6974280E-08
  6.1059382E-08
  6.2604940E-08
  5.9624476E-08
  5.2579285E-08
  4.3317375E-08
  3.3574985E-08
  2.4630952E-08
  1.7034536E-08
  1.0221871E-08
  3.3121683E-09
 -3.6261465E-09
 -9.9708135E-09
 -1.5922460E-08
 -2.2299318E-08
 -2.9224312E-08
 -3.6366782E-08
 -4.4301942E-08
 -5.4228124E-08
 -6.6495026E-08
 -8.0836344E-08
 -9.7832782E-08
 -1.1854436E-07
 -1.4281430E-07
 -1.6959478E-07
 -1.9893540E-07
 -2.3200114E-07
 -2.6904610E-07
 -3.0885298E-07
 -3.5004314E-07
 -3.9130254E-07
 -4.3047982E-07
 -4.6530670E-07
 -4.9509208E-07
 -5.2011097E-07
 -5.3951294E-07
 -5.5159239E-07
 -5.5581154E-07
 -5.5251905E-07
 -5.4091311E-07
 -5.1961428E-07
 -4.8947476E-07
 -4.5393315E-07
 -4.1673101E-07
 -3.8129915E-07
 -3.5195271E-07
 -3.3298514E-07
 -3.2631809E-07
 -3.3221110E-07
 -3.5209931E-07
 -3.8817808E-07
 -4.4018338E-07
 -5.0500432E-07
 -5.7911484E-07
 -6.5846405E-07
 -7.3623238E-07
 -8.0419829E-07
 -8.5698446E-07
 -8.9241269E-07
 -9.0802888E-07
 -9.0086633E-07
 -8.7094020E-07
 -8.2144737E-07
 -7.5496905E-07
 -6.7274476E-07
 -5.7785911E-07
 -4.7526967E-07
 -3.6793804E-07
 -2.5641879E-07
 -1.4265981E-07
 -3.0328565E-08
  7.9172402E-08
  1.8699241E-07
  2.9250299E-07
  3.9272030E-07
  4.8654073E-07
  5.7514518E-07
  6.5752556E-07
  7.3022875E-07
  7.9237253E-07
  8.4620245E-07
  8.9189928E-07
  9.2692625E-07
  9.5147294E-07
  9.6914766E-07
  9.8105363E-07
  9.8468865E-07
  9.7997486E-07
  9.7052464E-07
  9.5744554E-07
  9.3797485E-07
  9.1192254E-07
  8.8313072E-07
  8.5271478E-07
  8.1748641E-07
  7.7710098E-07
  7.3583010E-07
  6.9502175E-07
  6.5107525E-07
  6.0334384E-07
  5.5640339E-07
  5.1176085E-07
  4.6532389E-07
  4.1611511E-07
  3.6911453E-07
  3.2614739E-07
  2.8276466E-07
  2.3783912E-07
  1.9703437E-07
  1.6270948E-07
  1.3003648E-07
  9.7564765E-08
  7.1527040E-08
  5.4839518E-08
  4.2441791E-08
  3.2742484E-08
  3.2364387E-08
  4.3659622E-08
  5.9269631E-08
  7.5354308E-08
  9.7743893E-08
  1.2813334E-07
  1.5754462E-07
  1.8122994E-07
  2.0611368E-07
  2.3509460E-07
  2.5887573E-07
  2.7265935E-07
  2.8514813E-07
  3.0073119E-07
  3.0953592E-07
  3.0646342E-07
  3.0214761E-07
  3.0246545E-07
  2.9634450E-07
  2.7784012E-07
  2.5970931E-07
  2.4948125E-07
  2.3418193E-07
  2.0622784E-07
  1.8051352E-07
  1.6610232E-07
  1.4690326E-07
  1.1278549E-07
  8.1677953E-08
  6.5351394E-08
  4.4166022E-08
  5.1251341E-09
 -2.8922894E-08
 -4.1908262E-08
 -5.8595955E-08
 -9.6309080E-08
 -1.2486191E-07
 -1.2242731E-07
 -1.2397101E-07
 -1.5561648E-07
 -1.7471024E-07
 -1.4892737E-07
 -1.3292966E-07
 -1.6883118E-07
 -1.8198091E-07
 -1.1476999E-07
 -8.5160224E-08
 -1.7616506E-07
 -5.7006062E-08
  9.0633336E-07
  2.9993673E-06
  5.7821303E-06
  8.5174324E-06
  1.0831322E-05
  1.2779390E-05
  1.4423979E-05
  1.5649073E-05
  1.6393249E-05
  1.6805856E-05
  1.7077748E-05
  1.7277005E-05
  1.7436712E-05
  1.7677261E-05
  1.8150140E-05
  1.8953384E-05
  2.0191092E-05
  2.2058170E-05
  2.4803403E-05
  2.8662362E-05
  3.3870430E-05
  4.0654573E-05
  4.9086095E-05
  5.8874575E-05
  6.9231108E-05
  7.8822392E-05
  8.5876141E-05
  8.8594148E-05
  8.5820488E-05
  7.7536344E-05
  6.4769323E-05
  4.8998620E-05
  3.1542379E-05
  1.3319730E-05
 -5.0068911E-06
 -2.2787503E-05
 -3.9328330E-05
 -5.4079308E-05
 -6.6829460E-05
 -7.7648830E-05
 -8.6636755E-05
 -9.3788483E-05
 -9.9102304E-05
 -1.0270518E-04
 -1.0480310E-04
 -1.0557200E-04
 -1.0516702E-04
 -1.0378454E-04
 -1.0162417E-04
 -9.8798271E-05
 -9.5334872E-05
 -9.1253809E-05
 -8.6594184E-05
 -8.1402111E-05
 -7.5767901E-05
 -6.9874826E-05
 -6.3952008E-05
 -5.8168007E-05
 -5.2598276E-05
 -4.7272330E-05
 -4.2190895E-05
 -3.7293867E-05
 -3.2463151E-05
 -2.7573577E-05
 -2.2519496E-05
 -1.7210814E-05
 -1.1601755E-05
 -5.7414072E-06
  2.3411508E-07
  6.1668939E-06
  1.1913698E-05
  1.7329585E-05
  2.2256650E-05
  2.6536709E-05
  3.0015544E-05
  3.2555017E-05
  3.4093504E-05
  3.4702749E-05
  3.4546567E-05
  3.3772929E-05
  3.2472199E-05
  3.0731353E-05
  2.8675824E-05
  2.6440703E-05
  2.4138804E-05
  2.1869628E-05
  1.9713525E-05
  1.7686649E-05
  1.5733769E-05
  1.3798593E-05
  1.1883309E-05
  1.0019665E-05
  8.2126089E-06
  6.4472874E-06
  4.7303902E-06
  3.0865629E-06
  1.5283829E-06
  6.8274176E-08
 -1.2562159E-06
 -2.4246663E-06
 -3.5037754E-06
 -4.6162468E-06
 -5.8175056E-06
 -7.0505853E-06
 -8.2361339E-06
 -9.3229874E-06
 -1.0187889E-05
 -1.0570658E-05
 -1.0240941E-05
 -9.2197170E-06
 -7.7304012E-06
 -5.9473682E-06
 -3.9218899E-06
 -1.7255886E-06
  5.8335536E-07
  3.2643388E-06
  6.9519356E-06
  1.2158150E-05
  1.8772913E-05
  2.6226448E-05
  3.4022032E-05
  4.1820662E-05
  4.9058082E-05
  5.4911186E-05
  5.8897916E-05
  6.1336679E-05
  6.3032305E-05
  6.4655891E-05
  6.6596898E-05
  6.9224880E-05
  7.2964191E-05
  7.8104851E-05
  8.4805295E-05
  9.3395487E-05
  1.0451944E-04
  1.1878018E-04
  1.3611153E-04
  1.5534200E-04
  1.7422401E-04
  1.8990011E-04
  1.9952879E-04
  2.0074286E-04
  1.9190561E-04
  1.7242014E-04
  1.4309368E-04
  1.0607665E-04
  6.4102293E-05
  1.9576493E-05
 -2.5706253E-05
 -7.0244394E-05
 -1.1258399E-04
 -1.5142576E-04
 -1.8572000E-04
 -2.1454266E-04
 -2.3705656E-04
 -2.5273743E-04
 -2.6154608E-04
 -2.6379625E-04
 -2.5998545E-04
 -2.5089495E-04
 -2.3775894E-04
 -2.2212043E-04
 -2.0541786E-04
 -1.8868409E-04
 -1.7253928E-04
 -1.5732057E-04
 -1.4316905E-04
 -1.3006350E-04
 -1.1786256E-04
 -1.0637534E-04
 -9.5422423E-05
 -8.4813611E-05
 -7.4209973E-05
 -6.2967927E-05
 -5.0124749E-05
 -3.4562523E-05
 -1.5234037E-05
  8.6585151E-06
  3.7532176E-05
  7.1290924E-05
  1.0917945E-04
  1.4969068E-04
  1.9068590E-04
  2.2983769E-04
  2.6521657E-04
  2.9561415E-04
  3.2042078E-04
  3.3933469E-04
  3.5224075E-04
  3.5922907E-04
  3.6055362E-04
  3.5655568E-04
  3.4768129E-04
  3.3449853E-04
  3.1756618E-04
  2.9729545E-04
  2.7402767E-04
  2.4820454E-04
  2.2035025E-04
  1.9092560E-04
  1.6033117E-04
  1.2903336E-04
  9.7550954E-05
  6.6315362E-05
  3.5655412E-05
  5.8952874E-06
 -2.2675560E-05
 -4.9926053E-05
 -7.5826945E-05
 -1.0024122E-04
 -1.2287927E-04
 -1.4345926E-04
 -1.6179134E-04
 -1.7772641E-04
 -1.9118717E-04
 -2.0226667E-04
 -2.1114366E-04
 -2.1788068E-04
 -2.2245376E-04
 -2.2498489E-04
 -2.2576147E-04
 -2.2499112E-04
 -2.2272112E-04
 -2.1905033E-04
 -2.1422611E-04
 -2.0844828E-04
 -2.0175998E-04
 -1.9424617E-04
 -1.8619392E-04
 -1.7794676E-04
 -1.6972821E-04
 -1.6170256E-04
 -1.5406183E-04
 -1.4691280E-04
 -1.4016584E-04
 -1.3365247E-04
 -1.2730312E-04
 -1.2115485E-04
 -1.1526584E-04
 -1.0966971E-04
 -1.0432355E-04
 -9.9067191E-05
 -9.3740964E-05
 -8.8374982E-05
 -8.3148567E-05
 -7.8144876E-05
 -7.3275703E-05
 -6.8450281E-05
 -6.3646869E-05
 -5.8797930E-05
 -5.3800963E-05
 -4.8700400E-05
 -4.3695240E-05
 -3.8957485E-05
 -3.4671073E-05
 -3.1284239E-05
 -2.9433813E-05
 -2.9464658E-05
 -3.1188145E-05
 -3.4157900E-05
 -3.7924765E-05
 -4.1951367E-05
 -4.5629989E-05
 -4.8628361E-05
 -5.1007642E-05
 -5.2813171E-05
 -5.3763692E-05
 -5.3522373E-05
 -5.2034975E-05
 -4.9384616E-05
 -4.5546309E-05
 -4.0550192E-05
 -3.4710873E-05
 -2.8430359E-05
 -2.1890944E-05
 -1.5134741E-05
 -8.2734969E-06
 -1.3841909E-06
  5.6611389E-06
  1.3029552E-05
  2.0702655E-05
  2.8603074E-05
  3.6803114E-05
  4.5415272E-05
  5.4420627E-05
  6.3797968E-05
  7.3670140E-05
  8.4114741E-05
  9.4953481E-05
  1.0590010E-04
  1.1678467E-04
  1.2751415E-04
  1.3803296E-04
  1.4848803E-04
  1.5917275E-04
  1.7004207E-04
  1.8042716E-04
  1.8938017E-04
  1.9607894E-04
  1.9977214E-04
  1.9972313E-04
  1.9558107E-04
  1.8763517E-04
  1.7649368E-04
  1.6279239E-04
  1.4745034E-04
  1.3182010E-04
  1.1714281E-04
  8.9941533E-11
  2.5885274E-10
  2.1981370E-10
 -7.8506868E-11
 -2.8214531E-10
 -2.5876495E-11
  9.9269304E-10
  3.0871965E-09
  6.3843228E-09
  1.0654053E-08
  1.5601776E-08
  2.1200151E-08
  2.7507587E-08
  3.4384147E-08
  4.1692068E-08
  4.9567344E-08
  5.8184977E-08
  6.7489339E-08
  7.7458267E-08
  8.8311729E-08
  1.0007955E-07
  1.1232103E-07
  1.2469201E-07
  1.3727187E-07
  1.4962265E-07
  1.5998360E-07
  1.6644907E-07
  1.6896423E-07
  1.6935365E-07
  1.6935444E-07
  1.6937540E-07
  1.6914790E-07
  1.6858658E-07
  1.6763836E-07
  1.6602780E-07
  1.6361592E-07
  1.6056367E-07
  1.5686446E-07
  1.5213050E-07
  1.4600995E-07
  1.3835721E-07
  1.2884604E-07
  1.1690172E-07
  1.0218342E-07
  8.4688779E-08
  6.4274730E-08
  4.0574832E-08
  1.3537343E-08
 -1.6405391E-08
 -4.8771906E-08
 -8.3101583E-08
 -1.1846662E-07
 -1.5344555E-07
 -1.8678124E-07
 -2.1769456E-07
 -2.4555308E-07
 -2.6976571E-07
 -2.9007225E-07
 -3.0640891E-07
 -3.1840287E-07
 -3.2544347E-07
 -3.2716451E-07
 -3.2327634E-07
 -3.1310472E-07
 -2.9623251E-07
 -2.7383544E-07
 -2.4872523E-07
 -2.2389612E-07
 -2.0152541E-07
 -1.8317402E-07
 -1.6986287E-07
 -1.6158043E-07
 -1.5747683E-07
 -1.5690925E-07
 -1.5977136E-07
 -1.6575071E-07
 -1.7408286E-07
 -1.8429981E-07
 -1.9653839E-07
 -2.1092281E-07
 -2.2734260E-07
 -2.4601425E-07
 -2.6758039E-07
 -2.9255801E-07
 -3.2143765E-07
 -3.5540461E-07
 -3.9614741E-07
 -4.4483585E-07
 -5.0202050E-07
 -5.6837445E-07
 -6.4429361E-07
 -7.2834575E-07
 -8.1681219E-07
 -9.0473810E-07
 -9.8656039E-07
 -1.0560547E-06
 -1.1074162E-06
 -1.1371884E-06
 -1.1444710E-06
 -1.1293164E-06
 -1.0921382E-06
 -1.0347017E-06
 -9.6012639E-07
 -8.7133662E-07
 -7.7053153E-07
 -6.6025888E-07
 -5.4353461E-07
 -4.2249644E-07
 -2.9825142E-07
 -1.7237460E-07
 -4.7186475E-08
  7.5733439E-08
  1.9579511E-07
  3.1179064E-07
  4.2155784E-07
  5.2362822E-07
  6.1765274E-07
  7.0283613E-07
  7.7765463E-07
  8.4159831E-07
  8.9547876E-07
  9.3952951E-07
  9.7297891E-07
  9.9598583E-07
  1.0100846E-06
  1.0161222E-06
  1.0136894E-06
  1.0031800E-06
  9.8636440E-07
  9.6426697E-07
  9.3660918E-07
  9.0405899E-07
  8.6880982E-07
  8.3215986E-07
  7.9382647E-07
  7.5448088E-07
  7.1654193E-07
  6.8154861E-07
  6.4922114E-07
  6.2001425E-07
  5.9588723E-07
  5.7742352E-07
  5.6286331E-07
  5.5108558E-07
  5.4273920E-07
  5.3733567E-07
  5.3233532E-07
  5.2647852E-07
  5.2094009E-07
  5.1585369E-07
  5.0900695E-07
  4.9944850E-07
  4.8889478E-07
  4.7794470E-07
  4.6453007E-07
  4.4784454E-07
  4.2999227E-07
  4.1188315E-07
  3.9150615E-07
  3.6827240E-07
  3.4483548E-07
  3.2242755E-07
  2.9881278E-07
  2.7315531E-07
  2.4817308E-07
  2.2493646E-07
  2.0054311E-07
  1.7372982E-07
  1.4753647E-07
  1.2343736E-07
  9.8449163E-08
  7.1337922E-08
  4.5759293E-08
  2.3659638E-08
  1.8249509E-09
 -2.1173154E-08
 -4.1328100E-08
 -5.6691775E-08
 -7.1349923E-08
 -8.7327066E-08
 -1.0018749E-07
 -1.0774188E-07
 -1.1489001E-07
 -1.2420783E-07
 -1.3057799E-07
 -1.3137061E-07
 -1.3237766E-07
 -1.3672114E-07
 -1.3825414E-07
 -1.3372966E-07
 -1.3023046E-07
 -1.3179029E-07
 -1.3098239E-07
 -1.2367468E-07
 -1.1853808E-07
 -1.2056077E-07
 -1.2013402E-07
 -1.1159636E-07
 -1.0586579E-07
 -1.0932816E-07
 -1.0906398E-07
 -9.7371469E-08
 -8.9517570E-08
 -9.4785989E-08
 -9.4650915E-08
 -7.7934246E-08
 -6.8620388E-08
 -8.1215347E-08
 -8.2949370E-08
 -5.4631116E-08
 -4.8339256E-08
 -8.7693891E-08
 -1.5901662E-08
  4.3752433E-07
  1.3765493E-06
  2.5946083E-06
  3.7688228E-06
  4.7402559E-06
  5.5433275E-06
  6.2291683E-06
  6.7729084E-06
  7.1476838E-06
  7.3911001E-06
  7.5649450E-06
  7.7052300E-06
  7.8416142E-06
  8.0281006E-06
  8.3288232E-06
  8.7992130E-06
  9.5023188E-06
  1.0529517E-05
  1.1995129E-05
  1.4021882E-05
  1.6726437E-05
  2.0179916E-05
  2.4331666E-05
  2.8918603E-05
  3.3400705E-05
  3.6992933E-05
  3.8866037E-05
  3.8464168E-05
  3.5721368E-05
  3.1000611E-05
  2.4839163E-05
  1.7739942E-05
  1.0117198E-05
  2.3166340E-06
 -5.3688223E-06
 -1.2682084E-05
 -1.9393106E-05
 -2.5338190E-05
 -3.0469637E-05
 -3.4824265E-05
 -3.8429007E-05
 -4.1269315E-05
 -4.3353171E-05
 -4.4756409E-05
 -4.5580298E-05
 -4.5899505E-05
 -4.5773406E-05
 -4.5270706E-05
 -4.4447854E-05
 -4.3322678E-05
 -4.1895528E-05
 -4.0182716E-05
 -3.8215781E-05
 -3.6033485E-05
 -3.3698092E-05
 -3.1300959E-05
 -2.8928014E-05
 -2.6627567E-05
 -2.4418860E-05
 -2.2308246E-05
 -2.0279000E-05
 -1.8283597E-05
 -1.6263362E-05
 -1.4163429E-05
 -1.1925722E-05
 -9.5003934E-06
 -6.8876980E-06
 -4.1501876E-06
 -1.3678846E-06
  1.3973531E-06
  4.0796226E-06
  6.5815002E-06
  8.7964081E-06
  1.0644075E-05
  1.2070948E-05
  1.3044371E-05
  1.3573872E-05
  1.3720399E-05
  1.3560727E-05
  1.3155675E-05
  1.2564384E-05
  1.1858963E-05
  1.1096806E-05
  1.0298408E-05
  9.4749794E-06
  8.6527180E-06
  7.8444464E-06
  7.0300598E-06
  6.2085896E-06
  5.4507173E-06
  4.8512820E-06
  4.4293893E-06
  4.1082053E-06
  3.7913360E-06
  3.4316326E-06
  3.0343194E-06
  2.6333248E-06
  2.2740546E-06
  1.9886229E-06
  1.7647569E-06
  1.5399402E-06
  1.2300434E-06
  7.7160087E-07
  1.6069555E-07
 -5.2826033E-07
 -1.1668174E-06
 -1.6289808E-06
 -1.8290873E-06
 -1.7197068E-06
 -1.2802979E-06
 -5.1099516E-07
  5.8358648E-07
  1.9976383E-06
  3.6882477E-06
  5.5826745E-06
  7.7224558E-06
  1.0400156E-05
  1.3999380E-05
  1.8575947E-05
  2.3659632E-05
  2.8589506E-05
  3.3017823E-05
  3.6970105E-05
  4.0431336E-05
  4.3040163E-05
  4.4288459E-05
  4.3965847E-05
  4.2353382E-05
  4.0043240E-05
  3.7651705E-05
  3.5680761E-05
  3.4544042E-05
  3.4634955E-05
  3.6352514E-05
  4.0082086E-05
  4.6124558E-05
  5.4508462E-05
  6.4690110E-05
  7.5386248E-05
  8.4848427E-05
  9.1483111E-05
  9.4248811E-05
  9.2457114E-05
  8.5377382E-05
  7.2359675E-05
  5.3504420E-05
  3.0088875E-05
  4.1414996E-06
 -2.2475275E-05
 -4.8603011E-05
 -7.3597352E-05
 -9.6862073E-05
 -1.1768106E-04
 -1.3538745E-04
 -1.4950018E-04
 -1.5964250E-04
 -1.6546875E-04
 -1.6683618E-04
 -1.6405802E-04
 -1.5788509E-04
 -1.4921035E-04
 -1.3885459E-04
 -1.2759623E-04
 -1.1617973E-04
 -1.0510714E-04
 -9.4475043E-05
 -8.4162384E-05
 -7.4179217E-05
 -6.4755441E-05
 -5.6147866E-05
 -4.8498558E-05
 -4.1862681E-05
 -3.6213070E-05
 -3.1353411E-05
 -2.6906338E-05
 -2.2425138E-05
 -1.7478331E-05
 -1.1668195E-05
 -4.6935152E-06
  3.5843145E-06
  1.3234708E-05
  2.4436733E-05
  3.7489957E-05
  5.2674346E-05
  7.0214977E-05
  9.0316753E-05
  1.1294385E-04
  1.3739095E-04
  1.6219854E-04
  1.8567807E-04
  2.0656455E-04
  2.2422033E-04
  2.3843440E-04
  2.4920396E-04
  2.5660681E-04
  2.6066214E-04
  2.6125397E-04
  2.5824935E-04
  2.5167523E-04
  2.4172489E-04
  2.2864279E-04
  2.1269081E-04
  1.9419582E-04
  1.7354304E-04
  1.5113514E-04
  1.2742078E-04
  1.0293382E-04
  7.8224584E-05
  5.3748197E-05
  2.9848097E-05
  6.7987185E-06
 -1.5201877E-05
 -3.6043577E-05
 -5.5628287E-05
 -7.3787676E-05
 -9.0320049E-05
 -1.0508035E-04
 -1.1798656E-04
 -1.2898006E-04
 -1.3805219E-04
 -1.4529057E-04
 -1.5083117E-04
 -1.5476170E-04
 -1.5710643E-04
 -1.5788732E-04
 -1.5716701E-04
 -1.5505766E-04
 -1.5172421E-04
 -1.4736193E-04
 -1.4215306E-04
 -1.3627137E-04
 -1.2991759E-04
 -1.2327383E-04
 -1.1641325E-04
 -1.0935541E-04
 -1.0224811E-04
 -9.5382209E-05
 -8.8966015E-05
 -8.3022314E-05
 -7.7642399E-05
 -7.3244963E-05
 -7.0391652E-05
 -6.9319023E-05
 -6.9746515E-05
 -7.1149261E-05
 -7.3139046E-05
 -7.5576514E-05
 -7.8395111E-05
 -8.1370687E-05
 -8.4087405E-05
 -8.6173757E-05
 -8.7582579E-05
 -8.8581997E-05
 -8.9462701E-05
 -9.0339025E-05
 -9.1244248E-05
 -9.2268339E-05
 -9.3512572E-05
 -9.5036659E-05
 -9.6965436E-05
 -9.9508485E-05
 -1.0266092E-04
 -1.0588984E-04
 -1.0826240E-04
 -1.0892608E-04
 -1.0745130E-04
 -1.0382406E-04
 -9.8273893E-05
 -9.1114511E-05
 -8.2639293E-05
 -7.3118477E-05
 -6.2864499E-05
 -5.2177384E-05
 -4.1145478E-05
 -2.9606297E-05
 -1.7428998E-05
 -4.7838121E-06
  7.9322153E-06
  2.0297808E-05
  3.1838234E-05
  4.1895335E-05
  4.9744958E-05
  5.4882912E-05
  5.7145036E-05
  5.6667031E-05
  5.3912416E-05
  4.9699560E-05
  4.5004504E-05
  4.0662999E-05
  3.7273581E-05
  3.5261455E-05
  3.4866076E-05
  3.6107005E-05
  3.8912836E-05
  4.3267089E-05
  4.9117665E-05
  5.6193716E-05
  6.4036154E-05
  7.2162104E-05
 -1.6393525E-09
 -6.2427921E-09
 -1.0135530E-08
 -1.0563547E-08
 -1.1629113E-08
 -1.6230299E-08
 -2.0089781E-08
 -2.0023515E-08
 -2.0248466E-08
 -2.3907276E-08
 -2.6446044E-08
 -2.4368108E-08
 -2.2261739E-08
 -2.3812817E-08
 -2.4358405E-08
 -2.0073175E-08
 -1.5797237E-08
 -1.5620033E-08
 -1.4689302E-08
 -8.9369223E-09
 -3.6867229E-09
 -3.5504042E-09
 -3.2547263E-09
  1.9770081E-09
  6.7030013E-09
  5.9135017E-09
  5.2919322E-09
  1.0252807E-08
  1.5085334E-08
  1.4210299E-08
  1.3631754E-08
  1.9342988E-08
  2.5232158E-08
  2.5048937E-08
  2.5234652E-08
  3.2625366E-08
  4.0856921E-08
  4.2943327E-08
  4.5535668E-08
  5.5841333E-08
  6.6445516E-08
  6.8791685E-08
  6.9384484E-08
  7.6136473E-08
  8.1452839E-08
  7.6437516E-08
  6.8803239E-08
  6.8109067E-08
  6.6647509E-08
  5.4606655E-08
  4.0341153E-08
  3.4744282E-08
  2.9728913E-08
  1.4326106E-08
 -2.5167408E-09
 -8.6260457E-09
 -1.2855035E-08
 -2.7760649E-08
 -4.3688292E-08
 -4.6688804E-08
 -4.6274344E-08
 -5.7014120E-08
 -6.8913820E-08
 -6.6435547E-08
 -6.0337761E-08
 -6.8323629E-08
 -8.0988968E-08
 -8.1250633E-08
 -8.0015866E-08
 -9.5767689E-08
 -1.1663460E-07
 -1.2202213E-07
 -1.2355085E-07
 -1.4256086E-07
 -1.6606549E-07
 -1.7028071E-07
 -1.6826344E-07
 -1.8539819E-07
 -2.0776152E-07
 -2.0759803E-07
 -1.9938616E-07
 -2.1344917E-07
 -2.3521794E-07
 -2.3307359E-07
 -2.2486773E-07
 -2.4872662E-07
 -2.8971763E-07
 -3.0992982E-07
 -3.2890850E-07
 -3.9186273E-07
 -4.8009622E-07
 -5.4358634E-07
 -5.9989281E-07
 -6.9924806E-07
 -8.1350612E-07
 -8.7409586E-07
 -8.9985531E-07
 -9.5845701E-07
 -1.0205794E-06
 -1.0014611E-06
 -9.3161862E-07
 -9.1242919E-07
 -9.1149923E-07
 -8.0919472E-07
 -6.5012904E-07
 -5.9300214E-07
 -5.8410785E-07
 -4.0872746E-07
 -1.5316556E-07
 -1.6171985E-07
 -2.0245821E-07
  9.3991184E-07
  4.4628082E-06
  1.0183505E-05
  1.6604590E-05
  2.2327846E-05
  2.7003085E-05
  3.0897190E-05
  3.4101853E-05
  3.6488833E-05
  3.8101585E-05
  3.9185354E-05
  3.9920527E-05
  4.0389608E-05
  4.0756862E-05
  4.1279665E-05
  4.2168300E-05
  4.3582360E-05
  4.5738645E-05
  4.8906633E-05
  5.3336546E-05
  5.9299371E-05
  6.7150868E-05
  7.7227720E-05
  8.9666413E-05
  1.0434860E-04
  1.2090207E-04
  1.3857291E-04
  1.5607804E-04
  1.7169812E-04
  1.8356083E-04
  1.8981096E-04
  1.8862826E-04
  1.7843481E-04
  1.5851071E-04
  1.2968495E-04
  9.4455543E-05
  5.6234065E-05
  1.8142984E-05
 -1.7799266E-05
 -5.0653252E-05
 -8.0033184E-05
 -1.0573262E-04
 -1.2770198E-04
 -1.4607793E-04
 -1.6106579E-04
 -1.7284215E-04
 -1.8162122E-04
 -1.8772617E-04
 -1.9149820E-04
 -1.9316288E-04
 -1.9285228E-04
 -1.9074974E-04
 -1.8717295E-04
 -1.8252002E-04
 -1.7714649E-04
 -1.7126444E-04
 -1.6492205E-04
 -1.5807079E-04
 -1.5065519E-04
 -1.4265459E-04
 -1.3408740E-04
 -1.2501010E-04
 -1.1548177E-04
 -1.0548938E-04
 -9.4928990E-05
 -8.3692765E-05
 -7.1758361E-05
 -5.9189584E-05
 -4.6101548E-05
 -3.2634693E-05
 -1.8899991E-05
 -4.9625942E-06
  9.0117128E-06
  2.2619070E-05
  3.5418561E-05
  4.7299767E-05
  5.8427577E-05
  6.8775036E-05
  7.8011035E-05
  8.5960070E-05
  9.2795315E-05
  9.8568227E-05
  1.0300318E-04
  1.0610381E-04
  1.0836571E-04
  1.0962421E-04
  1.0807952E-04
  1.0158934E-04
  9.0207519E-05
  7.6767297E-05
  6.4746899E-05
  5.6092602E-05
  5.0988794E-05
  4.8507791E-05
  4.6781133E-05
  4.3418324E-05
  3.6880596E-05
  2.7408620E-05
  1.6191947E-05
  4.0255163E-06
 -8.7337958E-06
 -2.1490452E-05
 -3.3629578E-05
 -4.5263223E-05
 -5.7006568E-05
 -6.9088965E-05
 -8.1360064E-05
 -9.4097610E-05
 -1.0807959E-04
 -1.2378389E-04
 -1.4111149E-04
 -1.5989551E-04
 -1.7996501E-04
 -2.0053696E-04
 -2.2019511E-04
 -2.3776057E-04
 -2.5272468E-04
 -2.6466948E-04
 -2.7285120E-04
 -2.7670618E-04
 -2.7637664E-04
 -2.7249104E-04
 -2.6583145E-04
 -2.5740868E-04
 -2.4824392E-04
 -2.3845007E-04
 -2.2666699E-04
 -2.1078755E-04
 -1.8922763E-04
 -1.6148205E-04
 -1.2794460E-04
 -8.9708199E-05
 -4.8446745E-05
 -6.0820621E-06
  3.5599507E-05
  7.5068703E-05
  1.1107801E-04
  1.4280505E-04
  1.6989108E-04
  1.9223675E-04
  2.0989261E-04
  2.2320365E-04
  2.3282239E-04
  2.3941767E-04
  2.4350666E-04
  2.4561735E-04
  2.4635036E-04
  2.4612536E-04
  2.4505763E-04
  2.4319452E-04
  2.4065949E-04
  2.3745905E-04
  2.3339510E-04
  2.2831323E-04
  2.2222800E-04
  2.1509991E-04
  2.0675336E-04
  1.9716873E-04
  1.8661862E-04
  1.7537230E-04
  1.6350867E-04
  1.5116170E-04
  1.3868131E-04
  1.2637228E-04
  1.1431710E-04
  1.0262484E-04
  9.1599431E-05
  8.1473911E-05
  7.2219736E-05
  6.3800951E-05
  5.6369565E-05
  5.0020222E-05
  4.4599779E-05
  3.9956085E-05
  3.6129823E-05
  3.3104367E-05
  3.0621944E-05
  2.8462184E-05
  2.6661053E-05
  2.5248319E-05
  2.4021458E-05
  2.2794338E-05
  2.1614167E-05
  2.0514777E-05
  1.9326557E-05
  1.7973724E-05
  1.6696726E-05
  1.5725178E-05
  1.4980485E-05
  1.4346178E-05
  1.3958301E-05
  1.3951410E-05
  1.4177306E-05
  1.4462074E-05
  1.4891706E-05
  1.5554757E-05
  1.6253358E-05
  1.6769274E-05
  1.7172584E-05
  1.7563467E-05
  1.7751061E-05
  1.7498467E-05
  1.6845315E-05
  1.5873304E-05
  1.4398332E-05
  1.2227550E-05
  9.4888392E-06
  6.3757207E-06
  2.8045051E-06
 -1.3326953E-06
 -5.8089427E-06
 -1.0305207E-05
 -1.4781996E-05
 -1.9262861E-05
 -2.3492314E-05
 -2.7186357E-05
 -3.0405485E-05
 -3.3315042E-05
 -3.5804635E-05
 -3.7720725E-05
 -3.9243889E-05
 -4.0641597E-05
 -4.1865456E-05
 -4.2779793E-05
 -4.3554683E-05
 -4.4423006E-05
 -4.5273940E-05
 -4.5903096E-05
 -4.6440335E-05
 -4.7106456E-05
 -4.7776066E-05
 -4.8221747E-05
 -4.8566595E-05
 -4.9045382E-05
 -4.9541981E-05
 -4.9825161E-05
 -5.0019153E-05
 -5.0364939E-05
 -5.0734769E-05
 -5.0869876E-05
 -5.0882063E-05
 -5.1021794E-05
 -5.1165836E-05
 -5.1046856E-05
 -5.0777395E-05
 -5.0621522E-05
 -5.0457962E-05
 -5.0008006E-05
 -4.9387509E-05
 -4.8880858E-05
 -4.8372607E-05
 -4.7568941E-05
 -4.6580812E-05
 -4.5707304E-05
 -4.4839740E-05
 -4.3676300E-05
 -4.2333195E-05
 -4.1133138E-05
 -3.9978404E-05
 -3.8558577E-05
 -3.6992562E-05
 -3.5622943E-05
 -3.4355500E-05
 -3.2859298E-05
 -3.1243431E-05
 -2.9861787E-05
 -2.8620087E-05
 -2.7167040E-05
 -2.5604231E-05
 -2.4298548E-05
 -2.3153687E-05
 -2.1793508E-05
 -2.0310741E-05
 -1.9090605E-05
 -1.8043971E-05
 -1.6777863E-05
 -1.5380894E-05
 -1.4258298E-05
 -1.3327135E-05
 -1.2175631E-05
 -1.0888035E-05
 -9.8910832E-06
 -9.1080701E-06
 -8.1054404E-06
 -6.9592625E-06
 -6.1153250E-06
 -5.5020291E-06
 -4.6639670E-06
 -3.6700185E-06
 -2.9858975E-06
 -2.5451711E-06
 -1.8710396E-06
 -1.0250278E-06
 -4.8908623E-07
 -2.0030643E-07
  3.3004835E-07
  1.0487247E-06
  1.5287424E-06
  1.9909928E-06
  3.0720157E-06
  4.6345222E-06
  5.9130898E-06
  6.8030695E-06
  7.8748726E-06
  9.1410620E-06
  1.0000957E-05
  1.0435236E-05
  1.1051315E-05
  1.1880313E-05
  1.2335638E-05
  1.2440423E-05
  1.2869547E-05
  1.3682203E-05
  1.4258540E-05
  1.4596334E-05
  1.5397865E-05
  1.6755595E-05
  1.8055876E-05
  1.9314537E-05
  2.1259275E-05
  2.3917708E-05
  2.6476206E-05
  2.8702894E-05
  3.1111507E-05
  3.3533477E-05
  3.4979941E-05
  3.5151148E-05
  3.4632219E-05
  3.3384575E-05
  3.0582007E-05
  2.6219563E-05
  2.1337308E-05
  1.6354565E-05
  1.0752285E-05
  4.6833015E-06
 -7.7932202E-07
 -5.3632402E-06
 -9.8951687E-06
 -1.4513344E-05
 -1.8295148E-05
 -2.1049444E-05
 -2.3695624E-05
 -2.6417325E-05
 -2.8259046E-05
 -2.9036346E-05
 -2.9779689E-05
 -3.0761079E-05
 -3.0993062E-05
 -3.0245081E-05
 -2.9588742E-05
 -2.9333487E-05
 -2.8437214E-05
 -2.6621952E-05
 -2.5011061E-05
 -2.3964692E-05
 -2.2398252E-05
 -2.0000411E-05
 -1.7958295E-05
 -1.6674619E-05
 -1.4980425E-05
 -1.2463604E-05
 -1.0299815E-05
 -8.8641991E-06
 -6.8582913E-06
 -3.7819520E-06
 -8.8534193E-07
  1.3522067E-06
  4.2242727E-06
  8.2001288E-06
  1.1850058E-05
  1.4506852E-05
  1.7412960E-05
  2.1008002E-05
  2.3744884E-05
  2.4912932E-05
  2.5922196E-05
  2.7413269E-05
  2.7892731E-05
  2.6698372E-05
  2.5442590E-05
  2.4956538E-05
  2.3742292E-05
  2.1093176E-05
  1.8718159E-05
  1.7523254E-05
  1.5879532E-05
  1.2925117E-05
  1.0403576E-05
  9.2798055E-06
  7.7992572E-06
  4.9672017E-06
  2.6074040E-06
  1.7950376E-06
  6.8380837E-07
 -1.8294104E-06
 -3.8093197E-06
 -4.0510213E-06
 -4.5128745E-06
 -6.4516298E-06
 -7.8548383E-06
 -7.4098539E-06
 -1.3089226E-10
  8.0924867E-10
  4.1574539E-09
  6.9379107E-09
  6.1713701E-09
  5.0114557E-09
  6.7224386E-09
  8.2155633E-09
  6.1900076E-09
  3.9048582E-09
  4.8951603E-09
  5.8703447E-09
  3.1522460E-09
  1.3677864E-10
  7.1034367E-10
  1.4188108E-09
 -1.7899531E-09
 -5.3335039E-09
 -4.8887183E-09
 -4.0447512E-09
 -7.2648358E-09
 -1.0810918E-08
 -9.9521289E-09
 -8.5027274E-09
 -1.1445049E-08
 -1.4898390E-08
 -1.3658244E-08
 -1.1738800E-08
 -1.4660693E-08
 -1.8357825E-08
 -1.7046945E-08
 -1.4873504E-08
 -1.7851448E-08
 -2.1614984E-08
 -1.9675628E-08
 -1.6324998E-08
 -1.8210644E-08
 -2.0812397E-08
 -1.7153523E-08
 -1.2088356E-08
 -1.3289152E-08
 -1.5991331E-08
 -1.2103902E-08
 -6.3770442E-09
 -7.2632313E-09
 -9.9546114E-09
 -5.6775775E-09
  5.0177168E-10
 -7.5620976E-10
 -4.2418464E-09
 -4.5541348E-12
  6.7002719E-09
  5.4187366E-09
  1.6219381E-09
  6.4777530E-09
  1.4441238E-08
  1.3697031E-08
  9.9646966E-09
  1.5853782E-08
  2.5559745E-08
  2.5732710E-08
  2.2437343E-08
  3.0044664E-08
  4.2317538E-08
  4.3389772E-08
  3.8264385E-08
  4.1548130E-08
  4.5349829E-08
  3.1817038E-08
  8.4312139E-09
 -4.8877782E-09
 -1.4494443E-08
 -4.0260886E-08
 -7.3720820E-08
 -9.1362040E-08
 -1.0074834E-07
 -1.2704497E-07
 -1.6197018E-07
 -1.7740007E-07
 -1.8232528E-07
 -2.0894882E-07
 -2.4799971E-07
 -2.6295660E-07
 -2.6546442E-07
 -3.0099829E-07
 -3.5737131E-07
 -3.7863015E-07
 -3.8468309E-07
 -4.5991959E-07
 -5.5683790E-07
 -4.1029932E-07
  2.4322517E-07
  1.3957315E-06
  2.7925196E-06
  4.1897752E-06
  5.5099704E-06
  6.7762562E-06
  8.0008094E-06
  9.1675120E-06
  1.0265880E-05
  1.1305507E-05
  1.2312565E-05
  1.3321191E-05
  1.4360386E-05
  1.5455764E-05
  1.6649956E-05
  1.8004397E-05
  1.9576497E-05
  2.1421298E-05
  2.3620214E-05
  2.6272559E-05
  2.9451267E-05
  3.3205990E-05
  3.7606849E-05
  4.2713607E-05
  4.8472575E-05
  5.4703974E-05
  6.1212821E-05
  6.7814348E-05
  7.4158874E-05
  7.9580917E-05
  8.3246305E-05
  8.4528103E-05
  8.3291146E-05
  7.9888865E-05
  7.4934585E-05
  6.9030917E-05
  6.2618681E-05
  5.5987097E-05
  4.9335504E-05
  4.2777068E-05
  3.6344045E-05
  3.0082985E-05
  2.4119647E-05
  1.8540475E-05
  1.3247215E-05
  8.0494674E-06
  2.8710433E-06
 -2.2813356E-06
 -7.5216503E-06
 -1.3048093E-05
 -1.8866700E-05
 -2.4742587E-05
 -3.0478965E-05
 -3.6055582E-05
 -4.1430125E-05
 -4.6399462E-05
 -5.0733692E-05
 -5.4268934E-05
 -5.6829369E-05
 -5.8259171E-05
 -5.8509635E-05
 -5.7411573E-05
 -5.4464861E-05
 -4.9371643E-05
 -4.2751624E-05
 -3.5591700E-05
 -2.7930424E-05
 -1.9356507E-05
 -1.1644004E-05
 -9.6315798E-06
 -1.7533901E-05
 -3.4276898E-05
 -5.3878666E-05
 -7.0763737E-05
 -8.3596809E-05
 -9.3826849E-05
 -1.0237285E-04
 -1.0910581E-04
 -1.1444715E-04
 -1.1959842E-04
 -1.2516021E-04
 -1.3078508E-04
 -1.3650471E-04
 -1.4358280E-04
 -1.5373906E-04
 -1.6807273E-04
 -1.8695871E-04
 -2.1050870E-04
 -2.3885511E-04
 -2.7226040E-04
 -3.1109090E-04
 -3.5544499E-04
 -4.0471868E-04
 -4.5766530E-04
 -5.1268318E-04
 -5.6758232E-04
 -6.1902677E-04
 -6.6261279E-04
 -6.9366390E-04
 -7.0780306E-04
 -7.0095068E-04
 -6.6947658E-04
 -6.1098405E-04
 -5.2530621E-04
 -4.1523250E-04
 -2.8679692E-04
 -1.4870628E-04
 -1.0511131E-05
  1.1975542E-04
  2.3694646E-04
  3.3861425E-04
  4.2414205E-04
  4.9406447E-04
  5.4957706E-04
  5.9212971E-04
  6.2333874E-04
  6.4511289E-04
  6.5945572E-04
  6.6794083E-04
  6.7151606E-04
  6.7080715E-04
  6.6631334E-04
  6.5824261E-04
  6.4649596E-04
  6.3100632E-04
  6.1190000E-04
  5.8925990E-04
  5.6303554E-04
  5.3335592E-04
  5.0069758E-04
  4.6559761E-04
  4.2843839E-04
  3.8966752E-04
  3.4998724E-04
  3.1013382E-04
  2.7065328E-04
  2.3203982E-04
  1.9487618E-04
  1.5964497E-04
  1.2656648E-04
  9.5779709E-05
  6.7505309E-05
  4.1867184E-05
  1.8728360E-05
 -2.1167161E-06
 -2.0717242E-05
 -3.7056623E-05
 -5.1193954E-05
 -6.3167499E-05
 -7.2921743E-05
 -8.0484577E-05
 -8.6073116E-05
 -8.9894660E-05
 -9.2003531E-05
 -9.2483664E-05
 -9.1598129E-05
 -8.9615860E-05
 -8.6663291E-05
 -8.2892569E-05
 -7.8618454E-05
 -7.4128082E-05
 -6.9518435E-05
 -6.4873369E-05
 -6.0429596E-05
 -5.6406148E-05
 -5.2834843E-05
 -4.9719143E-05
 -4.7192356E-05
 -4.5353176E-05
 -4.4110358E-05
 -4.3356362E-05
 -4.3129345E-05
 -4.3439733E-05
 -4.4115135E-05
 -4.5001383E-05
 -4.6153022E-05
 -4.7644353E-05
 -4.9358270E-05
 -5.1146482E-05
 -5.3030690E-05
 -5.5053173E-05
 -5.7094210E-05
 -5.9037455E-05
 -6.0958329E-05
 -6.2949024E-05
 -6.4911648E-05
 -6.6721201E-05
 -6.8434339E-05
 -7.0135386E-05
 -7.1736882E-05
 -7.3140334E-05
 -7.4434982E-05
 -7.5725446E-05
 -7.6921926E-05
 -7.7917604E-05
 -7.8814948E-05
 -7.9755555E-05
 -8.0684491E-05
 -8.1506616E-05
 -8.2311977E-05
 -8.3207939E-05
 -8.4081701E-05
 -8.4765234E-05
 -8.5279506E-05
 -8.5675238E-05
 -8.5792672E-05
 -8.5434338E-05
 -8.4628809E-05
 -8.3478735E-05
 -8.1909813E-05
 -7.9833320E-05
 -7.7401193E-05
 -7.4827905E-05
 -7.2105271E-05
 -6.9158428E-05
 -6.6124667E-05
 -6.3192776E-05
 -6.0314014E-05
 -5.7358469E-05
 -5.4410273E-05
 -5.1617179E-05
 -4.8897702E-05
 -4.6100013E-05
 -4.3308355E-05
 -4.0687599E-05
 -3.8168291E-05
 -3.5598037E-05
 -3.3062024E-05
 -3.0733132E-05
 -2.8544642E-05
 -2.6338348E-05
 -2.4197669E-05
 -2.2298447E-05
 -2.0565714E-05
 -1.8820574E-05
 -1.7133352E-05
 -1.5681995E-05
 -1.4393078E-05
 -1.3080490E-05
 -1.1809327E-05
 -1.0756568E-05
 -9.8392775E-06
 -8.8552088E-06
 -7.8668972E-06
 -7.0646570E-06
 -6.3723651E-06
 -5.5799196E-06
 -4.7456047E-06
 -4.0672530E-06
 -3.4727364E-06
 -2.7474875E-06
 -1.9530326E-06
 -1.3006356E-06
 -7.2190232E-07
  7.4660420E-09
  8.2696852E-07
  1.5106966E-06
  2.1175688E-06
  2.8749596E-06
  3.7180712E-06
  4.4033786E-06
  4.9809264E-06
  5.6856616E-06
  6.4553665E-06
  7.0368305E-06
  7.4805907E-06
  8.0400150E-06
  8.6656946E-06
  9.1018337E-06
  9.4022762E-06
  9.8364853E-06
  1.0359625E-05
  1.0701221E-05
  1.0907809E-05
  1.1259570E-05
  1.1714807E-05
  1.1987744E-05
  1.2117186E-05
  1.2394918E-05
  1.2784532E-05
  1.2987672E-05
  1.3038791E-05
  1.3244659E-05
  1.3575239E-05
  1.3717393E-05
  1.3697937E-05
  1.3836492E-05
  1.4108053E-05
  1.4183597E-05
  1.4082885E-05
  1.4141349E-05
  1.4341993E-05
  1.4340936E-05
  1.4151498E-05
  1.4126985E-05
  1.4260540E-05
  1.4193576E-05
  1.3931858E-05
  1.3845488E-05
  1.3935813E-05
  1.3826315E-05
  1.3513215E-05
  1.3384394E-05
  1.3450955E-05
  1.3317875E-05
  1.2970424E-05
  1.2814248E-05
  1.2870525E-05
  1.2724791E-05
  1.2350774E-05
  1.2173269E-05
  1.2224855E-05
  1.2070893E-05
  1.1673033E-05
  1.1477398E-05
  1.1530730E-05
  1.1378536E-05
  1.0969574E-05
  1.0771651E-05
  1.0845549E-05
  1.0714180E-05
  1.0310442E-05
  1.0123558E-05
  1.0228632E-05
  1.0123790E-05
  9.7236925E-06
  9.5400255E-06
  9.6648700E-06
  9.5722680E-06
  9.1589818E-06
  8.9621844E-06
  9.0942385E-06
  9.0047761E-06
  8.5710408E-06
  8.3571567E-06
  8.4976336E-06
  8.4147150E-06
  7.9616730E-06
  7.7315108E-06
  7.8861403E-06
  7.8170106E-06
  7.3456358E-06
  7.1147592E-06
  7.3916649E-06
  7.6392089E-06
  7.6699898E-06
  8.0283680E-06
  8.8049255E-06
  9.3000945E-06
  9.3161261E-06
  9.5379746E-06
  1.0175430E-05
  1.0520416E-05
  1.0336482E-05
  1.0348861E-05
  1.0830596E-05
  1.1076119E-05
  1.0841358E-05
  1.0898227E-05
  1.1555994E-05
  1.2071566E-05
  1.2170560E-05
  1.2683131E-05
  1.3986555E-05
  1.5314370E-05
  1.6321950E-05
  1.7786257E-05
  1.9977777E-05
  2.1909334E-05
  2.3015382E-05
  2.3979539E-05
  2.5055728E-05
  2.5231024E-05
  2.3977911E-05
  2.2174327E-05
  2.0341475E-05
  1.7684881E-05
  1.3878781E-05
  1.0032540E-05
  6.8108743E-06
  3.3687006E-06
 -7.5240285E-07
 -4.5106231E-06
 -7.2990674E-06
 -1.0104507E-05
 -1.3509342E-05
 -1.6455378E-05
 -1.8280949E-05
 -2.0026353E-05
 -2.2360979E-05
 -2.4217643E-05
 -2.4908948E-05
 -2.5550169E-05
 -2.6883214E-05
 -2.7779919E-05
 -2.7474691E-05
 -2.7142327E-05
 -2.7613851E-05
 -2.7718650E-05
 -2.6624168E-05
 -2.5578558E-05
 -2.5512152E-05
 -2.5199208E-05
 -2.3705925E-05
 -2.2316390E-05
 -2.2022368E-05
 -2.1495463E-05
 -1.9654412E-05
 -1.7799512E-05
 -1.6996170E-05
 -1.5847263E-05
 -1.3184396E-05
 -1.0419782E-05
 -8.8025190E-06
 -6.9554430E-06
 -3.6831927E-06
 -5.5176679E-07
  1.0002489E-06
  2.3939997E-06
  4.9799164E-06
  7.1853838E-06
 -1.3964507E-10
 -1.0903176E-09
 -4.0283643E-09
 -9.8165991E-09
 -1.8491821E-08
 -2.9604831E-08
 -4.2587708E-08
 -5.6710650E-08
 -7.1150488E-08
 -8.5362174E-08
 -9.9082776E-08
 -1.1180906E-07
 -1.2260341E-07
 -1.3058728E-07
 -1.3533347E-07
 -1.3668982E-07
 -1.3464009E-07
 -1.2955091E-07
 -1.2220852E-07
 -1.1338099E-07
 -1.0357179E-07
 -9.3244410E-08
 -8.2870038E-08
 -7.2583084E-08
 -6.2157014E-08
 -5.1491821E-08
 -4.0808192E-08
 -3.0299375E-08
 -2.0049518E-08
 -1.0443852E-08
 -2.1746374E-09
  4.4200323E-09
  9.6730997E-09
  1.4103544E-08
  1.8035998E-08
  2.1836078E-08
  2.5999967E-08
  3.0723616E-08
  3.5772548E-08
  4.0987388E-08
  4.6515485E-08
  5.2385602E-08
  5.8348601E-08
  6.4368599E-08
  7.0790975E-08
  7.7768554E-08
  8.4966267E-08
  9.2048325E-08
  9.8978667E-08
  1.0563705E-07
  1.1168889E-07
  1.1711972E-07
  1.2238429E-07
  1.2773182E-07
  1.3285717E-07
  1.3744793E-07
  1.4153501E-07
  1.4505615E-07
  1.4765763E-07
  1.4922691E-07
  1.5007839E-07
  1.5037097E-07
  1.4991710E-07
  1.4869489E-07
  1.4671038E-07
  1.4303092E-07
  1.3586475E-07
  1.2418464E-07
  1.0860976E-07
  9.0262041E-08
  6.9581922E-08
  4.6827061E-08
  2.2841180E-08
 -1.5140984E-09
 -2.6091046E-08
 -5.0912718E-08
 -7.5496565E-08
 -9.9422671E-08
 -1.2301551E-07
 -1.4678650E-07
 -1.7076457E-07
 -1.9505964E-07
 -2.2053618E-07
 -2.4825673E-07
 -2.7881475E-07
 -3.1287587E-07
 -3.5178078E-07
 -3.9689445E-07
 -4.4888361E-07
 -5.0820864E-07
 -5.7549244E-07
 -6.5033623E-07
 -7.3001536E-07
 -8.0989349E-07
 -8.8465009E-07
 -9.4879556E-07
 -9.9719648E-07
 -1.0264295E-06
 -1.0354316E-06
 -1.0243267E-06
 -9.9335386E-07
 -9.4360075E-07
 -8.7776777E-07
 -7.9902929E-07
 -7.0964524E-07
 -6.1145386E-07
 -5.0683718E-07
 -3.9806292E-07
 -2.8633079E-07
 -1.7254870E-07
 -5.8434654E-08
  5.4169519E-08
  1.6436694E-07
  2.7146794E-07
  3.7385271E-07
  4.6971866E-07
  5.5833425E-07
  6.3943043E-07
  7.1204749E-07
  7.7522697E-07
  8.2921827E-07
  8.7475235E-07
  9.1173217E-07
  9.3988581E-07
  9.6004544E-07
  9.7341490E-07
  9.8015005E-07
  9.8000146E-07
  9.7374766E-07
  9.6258952E-07
  9.4671930E-07
  9.2594126E-07
  9.0113855E-07
  8.7363793E-07
  8.4367531E-07
  8.1101336E-07
  7.7652788E-07
  7.4158925E-07
  7.0637105E-07
  6.7038320E-07
  6.3417707E-07
  5.9883439E-07
  5.6420777E-07
  5.2939163E-07
  4.9454161E-07
  4.6049325E-07
  4.2697485E-07
  3.9303035E-07
  3.5891406E-07
  3.2573203E-07
  2.9346913E-07
  2.6123871E-07
  2.2926045E-07
  1.9865196E-07
  1.6938534E-07
  1.4040661E-07
  1.1173891E-07
  8.4498183E-08
  5.8781804E-08
  3.3527673E-08
  8.6010630E-09
 -1.4996054E-08
 -3.7269285E-08
 -5.9591137E-08
 -8.2503263E-08
 -1.0509237E-07
 -1.2707052E-07
 -1.4950858E-07
 -1.7272119E-07
 -1.9527698E-07
 -2.1611416E-07
 -2.3592339E-07
 -2.5519529E-07
 -2.7249894E-07
 -2.8633684E-07
 -2.9741867E-07
 -3.0707770E-07
 -3.1436298E-07
 -3.1727399E-07
 -3.1656458E-07
 -3.1507781E-07
 -3.1266825E-07
 -3.0589851E-07
 -2.9498796E-07
 -2.8573092E-07
 -2.7919350E-07
 -2.6624477E-07
 -2.4571005E-07
 -2.4711278E-07
 -3.1571875E-07
 -4.6080305E-07
 -6.2854605E-07
 -7.4237977E-07
 -7.6711660E-07
 -7.2129347E-07
 -6.3454848E-07
 -5.1579525E-07
 -3.6517235E-07
 -1.9239766E-07
 -8.7635570E-09
  1.8441443E-07
  3.8491174E-07
  5.7708132E-07
  7.4333360E-07
  8.8044806E-07
  9.9259421E-07
  1.0754561E-06
  1.1197449E-06
  1.1247014E-06
  1.0964004E-06
  1.0387488E-06
  9.5958831E-07
  8.8239705E-07
  8.4009730E-07
  8.5988029E-07
  9.6357223E-07
  1.1769371E-06
  1.5252019E-06
  2.0216617E-06
  2.6706045E-06
  3.4752536E-06
  4.4285730E-06
  5.4988368E-06
  6.6354341E-06
  7.7824343E-06
  8.8718571E-06
  9.8117771E-06
  1.0505504E-05
  1.0889499E-05
  1.0943611E-05
  1.0671018E-05
  1.0089002E-05
  9.2395194E-06
  8.1857452E-06
  6.9866419E-06
  5.6825620E-06
  4.3042673E-06
  2.8802051E-06
  1.4327815E-06
 -1.7465993E-08
 -1.4411708E-06
 -2.8070426E-06
 -4.1002190E-06
 -5.3191752E-06
 -6.4544533E-06
 -7.4872273E-06
 -8.4100657E-06
 -9.2311111E-06
 -9.9541721E-06
 -1.0571045E-05
 -1.1076914E-05
 -1.1477875E-05
 -1.1781029E-05
 -1.1993032E-05
 -1.2129844E-05
 -1.2211134E-05
 -1.2243419E-05
 -1.2224992E-05
 -1.2166943E-05
 -1.2090572E-05
 -1.2003446E-05
 -1.1895930E-05
 -1.1760057E-05
 -1.1592693E-05
 -1.1382655E-05
 -1.1115031E-05
 -1.0784481E-05
 -1.0384473E-05
 -9.8933215E-06
 -9.2966311E-06
 -8.6107393E-06
 -7.8503326E-06
 -6.9851553E-06
 -5.9706731E-06
 -4.8155603E-06
 -3.5771370E-06
 -2.2977906E-06
 -9.9234899E-07
  3.1211582E-07
  1.5830288E-06
  2.8267175E-06
  4.0634591E-06
  5.2540549E-06
  6.3143093E-06
  7.2083012E-06
  7.9625033E-06
  8.5861202E-06
  9.0570911E-06
  9.3981980E-06
  9.6816984E-06
  9.9383096E-06
  1.0145500E-05
  1.0321990E-05
  1.0536543E-05
  1.0800893E-05
  1.1059117E-05
  1.1303165E-05
  1.1572709E-05
  1.1817550E-05
  1.1920765E-05
  1.1901763E-05
  1.1905286E-05
  1.1940921E-05
  1.1941689E-05
  1.2290037E-05
  1.3964531E-05
  1.7689825E-05
  2.2940063E-05
  2.8128339E-05
  3.1868738E-05
  3.3861783E-05
  3.4602286E-05
  3.4608482E-05
  3.4105888E-05
  3.3178581E-05
  3.1922817E-05
  3.0465340E-05
  2.8953829E-05
  2.7531345E-05
  2.6322326E-05
  2.5526639E-05
  2.5519330E-05
  2.6729927E-05
  2.9390805E-05
  3.3475873E-05
  3.8833223E-05
  4.5243181E-05
  5.2412357E-05
  6.0087757E-05
  6.8095236E-05
  7.6044467E-05
  8.3113788E-05
  8.8427099E-05
  9.1444963E-05
  9.1395399E-05
  8.6339045E-05
  7.3661358E-05
  5.2106607E-05
  2.3039220E-05
 -1.0611652E-05
 -4.6169149E-05
 -8.1522216E-05
 -1.1430679E-04
 -1.4196773E-04
 -1.6294204E-04
 -1.7724208E-04
 -1.8569162E-04
 -1.8902331E-04
 -1.8783138E-04
 -1.8286963E-04
 -1.7503908E-04
 -1.6533313E-04
 -1.5501342E-04
 -1.4561055E-04
 -1.3855047E-04
 -1.3490004E-04
 -1.3545228E-04
 -1.4065854E-04
 -1.5024650E-04
 -1.6315344E-04
 -1.7804003E-04
 -1.9368573E-04
 -2.0879599E-04
 -2.2180617E-04
 -2.3123120E-04
 -2.3607700E-04
 -2.3570773E-04
 -2.2952382E-04
 -2.1704708E-04
 -1.9814404E-04
 -1.7281927E-04
 -1.4082810E-04
 -1.0177454E-04
 -5.5654909E-05
 -3.2575731E-06
  5.3764412E-05
  1.1294433E-04
  1.7126149E-04
  2.2580009E-04
  2.7444499E-04
  3.1602394E-04
  3.4995968E-04
  3.7601293E-04
  3.9429811E-04
  4.0523789E-04
  4.0933079E-04
  4.0700522E-04
  3.9869611E-04
  3.8496501E-04
  3.6653821E-04
  3.4429118E-04
  3.1913377E-04
  2.9177754E-04
  2.6262255E-04
  2.3196863E-04
  2.0031280E-04
  1.6834508E-04
  1.3668711E-04
  1.0572289E-04
  7.5611882E-05
  4.6321664E-05
  1.7684426E-05
 -1.0400865E-05
 -3.7748174E-05
 -6.3892156E-05
 -8.8277084E-05
 -1.1039848E-04
 -1.2988075E-04
 -1.4657919E-04
 -1.6058552E-04
 -1.7203161E-04
 -1.8094308E-04
 -1.8738944E-04
 -1.9166767E-04
 -1.9413457E-04
 -1.9488763E-04
 -1.9380244E-04
 -1.9088466E-04
 -1.8640459E-04
 -1.8066881E-04
 -1.7384172E-04
 -1.6604019E-04
 -1.5743329E-04
 -1.4815800E-04
 -1.3825372E-04
 -1.2777215E-04
 -1.1688452E-04
 -1.0582111E-04
 -9.4751798E-05
 -8.3751998E-05
 -7.2839423E-05
 -6.2051011E-05
 -5.1554111E-05
 -4.1670803E-05
 -3.2698757E-05
 -2.4689687E-05
 -1.7462804E-05
 -1.0816313E-05
 -4.6420382E-06
  1.1417333E-06
  6.6494022E-06
  1.1999691E-05
  1.7317589E-05
  2.2779934E-05
  2.8576796E-05
  3.4801076E-05
  4.1416715E-05
  4.8310209E-05
  5.5301833E-05
  6.2130668E-05
  6.8515918E-05
  7.4238247E-05
  7.9133315E-05
  8.3090097E-05
  8.6165921E-05
  8.8650137E-05
  9.0879927E-05
  9.2991584E-05
  9.4921073E-05
  9.6582087E-05
  9.7925942E-05
  9.8896839E-05
  9.9503814E-05
  9.9933895E-05
  1.0044513E-04
  1.0111762E-04
  1.0178763E-04
  1.0218560E-04
  1.0202688E-04
  1.0103171E-04
  9.9035336E-05
  9.6090458E-05
  9.2340095E-05
  8.7814064E-05
  8.2477840E-05
  7.6427306E-05
  6.9853995E-05
  6.2835956E-05
  5.5348064E-05
  4.7481462E-05
  3.9467057E-05
  3.1453008E-05
  2.3420913E-05
  1.5350863E-05
  7.3256269E-06
 -5.3604026E-07
 -8.0916607E-06
 -1.5112761E-05
 -2.1379190E-05
 -2.6861064E-05
 -3.1659081E-05
 -3.5763816E-05
 -3.9047012E-05
 -4.1502586E-05
 -4.3315147E-05
 -4.4665099E-05
 -4.5636141E-05
 -4.6321238E-05
 -4.6815581E-05
 -4.7071877E-05
 -4.6972182E-05
 -4.6600009E-05
 -4.6233246E-05
 -4.5968263E-05
 -4.5496534E-05
 -4.4314325E-05
 -4.2023810E-05
 -3.8442744E-05
 -3.3665568E-05
 -2.8126473E-05
 -2.2446056E-05
 -1.7139184E-05
  1.8392823E-09
  4.0787094E-09
  5.4871174E-10
 -4.1201664E-09
  5.3931126E-10
  9.4015604E-09
  1.0835475E-08
  9.2130348E-09
  1.5796999E-08
  2.5146580E-08
  2.4433962E-08
  1.8488244E-08
  2.0561011E-08
  2.5879707E-08
  2.0727914E-08
  1.0216747E-08
  9.2079793E-09
  1.3003009E-08
  6.3222472E-09
 -5.7850649E-09
 -6.8355939E-09
 -1.5842028E-09
 -7.2980102E-09
 -1.9218449E-08
 -1.9050681E-08
 -1.1446285E-08
 -1.5745435E-08
 -2.7354465E-08
 -2.5667891E-08
 -1.4995008E-08
 -1.7177401E-08
 -2.8424932E-08
 -2.6222855E-08
 -1.4761040E-08
 -1.8175859E-08
 -3.2282781E-08
 -3.1027081E-08
 -1.8039454E-08
 -2.0879286E-08
 -3.6088768E-08
 -3.4146765E-08
 -1.8042879E-08
 -1.9209985E-08
 -3.4945067E-08
 -3.1384371E-08
 -1.0440375E-08
 -8.1395068E-09
 -2.2981878E-08
 -1.6154843E-08
  1.1568517E-08
  1.8237319E-08
  3.2487186E-09
  1.0786460E-08
  4.0821011E-08
  4.3509818E-08
  1.5788956E-08
  1.0147020E-08
  3.0224363E-08
  1.9055587E-08
 -2.7041857E-08
 -4.2898758E-08
 -1.9617644E-08
 -2.5668710E-08
 -7.0014416E-08
 -7.5617322E-08
 -3.1093393E-08
 -2.4234108E-08
 -7.2278795E-08
 -7.8410579E-08
 -2.2011845E-08
 -1.3818642E-08
 -7.9821206E-08
 -9.1072451E-08
 -1.3314224E-08
  1.7722712E-09
 -9.0097032E-08
 -1.0516061E-07
  1.4128155E-08
  3.3961385E-08
 -1.2518170E-07
 -1.4782734E-07
  7.6992563E-08
  5.8744646E-08
 -3.4682006E-07
  2.1096764E-07
  3.8193348E-06
  1.1102433E-05
  2.0446854E-05
  2.9718716E-05
  3.8075661E-05
  4.5662429E-05
  5.2308038E-05
  5.7467405E-05
  6.1191109E-05
  6.4265776E-05
  6.7315632E-05
  7.0392140E-05
  7.3543953E-05
  7.7217010E-05
  8.1917125E-05
  8.7973429E-05
  9.5874086E-05
  1.0645446E-04
  1.2054975E-04
  1.3882662E-04
  1.6213067E-04
  1.9148435E-04
  2.2721125E-04
  2.6810044E-04
  3.1148255E-04
  3.5362222E-04
  3.8965640E-04
  4.1385327E-04
  4.2134937E-04
  4.1054128E-04
  3.8382629E-04
  3.4585918E-04
  3.0104720E-04
  2.5236746E-04
  2.0176225E-04
  1.5095611E-04
  1.0176511E-04
  5.5820616E-05
  1.4114961E-05
 -2.3145256E-05
 -5.6188859E-05
 -8.5226027E-05
 -1.1043268E-04
 -1.3224396E-04
 -1.5132030E-04
 -1.6812779E-04
 -1.8280624E-04
 -1.9553704E-04
 -2.0670856E-04
 -2.1649072E-04
 -2.2449763E-04
 -2.3010996E-04
 -2.3291068E-04
 -2.3262770E-04
 -2.2904892E-04
 -2.2237940E-04
 -2.1328934E-04
 -2.0205215E-04
 -1.8799212E-04
 -1.7053309E-04
 -1.5049735E-04
 -1.2937127E-04
 -1.0756194E-04
 -8.5155545E-05
 -6.5220062E-05
 -5.4721539E-05
 -6.0000773E-05
 -8.1033846E-05
 -1.1103063E-04
 -1.4164987E-04
 -1.6796548E-04
 -1.8913754E-04
 -2.0647258E-04
 -2.2203947E-04
 -2.3819700E-04
 -2.5697201E-04
 -2.7951298E-04
 -3.0638280E-04
 -3.3831564E-04
 -3.7668986E-04
 -4.2381568E-04
 -4.8324576E-04
 -5.5962260E-04
 -6.5770134E-04
 -7.8076322E-04
 -9.2835352E-04
 -1.0934179E-03
 -1.2608853E-03
 -1.4106631E-03
 -1.5245221E-03
 -1.5917494E-03
 -1.6093263E-03
 -1.5782132E-03
 -1.5004922E-03
 -1.3792599E-03
 -1.2194584E-03
 -1.0280363E-03
 -8.1361196E-04
 -5.8575004E-04
 -3.5341870E-04
 -1.2338531E-04
  9.9758043E-05
  3.1194006E-04
  5.0842867E-04
  6.8448554E-04
  8.3685922E-04
  9.6451241E-04
  1.0682576E-03
  1.1498722E-03
  1.2112313E-03
  1.2539440E-03
  1.2797009E-03
  1.2906878E-03
  1.2892393E-03
  1.2770854E-03
  1.2552973E-03
  1.2249707E-03
  1.1875575E-03
  1.1444645E-03
  1.0967135E-03
  1.0450907E-03
  9.9025038E-04
  9.3254633E-04
  8.7213580E-04
  8.0944336E-04
  7.4528810E-04
  6.8049325E-04
  6.1568443E-04
  5.5152510E-04
  4.8876373E-04
  4.2790416E-04
  3.6916172E-04
  3.1287284E-04
  2.5961120E-04
  2.0976752E-04
  1.6336021E-04
  1.2040230E-04
  8.1097256E-05
  4.5505476E-05
  1.3384315E-05
 -1.5422665E-05
 -4.0755498E-05
 -6.2505584E-05
 -8.0913625E-05
 -9.6299977E-05
 -1.0878719E-04
 -1.1847400E-04
 -1.2557200E-04
 -1.3016204E-04
 -1.3212259E-04
 -1.3153240E-04
 -1.2887624E-04
 -1.2465270E-04
 -1.1906339E-04
 -1.1227929E-04
 -1.0468956E-04
 -9.6647469E-05
 -8.8270448E-05
 -7.9737387E-05
 -7.1494178E-05
 -6.3917920E-05
 -5.7064499E-05
 -5.0999064E-05
 -4.6084191E-05
 -4.2665881E-05
 -4.0732586E-05
 -4.0127772E-05
 -4.0812516E-05
 -4.2658306E-05
 -4.5279809E-05
 -4.8371789E-05
 -5.1956311E-05
 -5.6035307E-05
 -6.0289396E-05
 -6.4410378E-05
 -6.8449946E-05
 -7.2544986E-05
 -7.6581549E-05
 -8.0429352E-05
 -8.4208412E-05
 -8.7991255E-05
 -9.1523296E-05
 -9.4580646E-05
 -9.7339078E-05
 -1.0005364E-04
 -1.0264535E-04
 -1.0494648E-04
 -1.0707021E-04
 -1.0916709E-04
 -1.1108340E-04
 -1.1263889E-04
 -1.1398757E-04
 -1.1532763E-04
 -1.1651120E-04
 -1.1732148E-04
 -1.1787281E-04
 -1.1834095E-04
 -1.1855920E-04
 -1.1829224E-04
 -1.1765635E-04
 -1.1685337E-04
 -1.1574432E-04
 -1.1411563E-04
 -1.1211690E-04
 -1.0999462E-04
 -1.0764058E-04
 -1.0485417E-04
 -1.0180625E-04
 -9.8778582E-05
 -9.5683339E-05
 -9.2313581E-05
 -8.8830900E-05
 -8.5517786E-05
 -8.2278581E-05
 -7.8881254E-05
 -7.5463096E-05
 -7.2289193E-05
 -6.9237198E-05
 -6.6042419E-05
 -6.2830426E-05
 -5.9875059E-05
 -5.7051453E-05
 -5.4077762E-05
 -5.1082996E-05
 -4.8373560E-05
 -4.5847712E-05
 -4.3215012E-05
 -4.0587420E-05
 -3.8262322E-05
 -3.6122332E-05
 -3.3856668E-05
 -3.1583473E-05
 -2.9634473E-05
 -2.7912063E-05
 -2.6091669E-05
 -2.4275132E-05
 -2.2793827E-05
 -2.1542952E-05
 -2.0175936E-05
 -1.8786468E-05
 -1.7716618E-05
 -1.6854425E-05
 -1.5819654E-05
 -1.4688621E-05
 -1.3822209E-05
 -1.3127594E-05
 -1.2221797E-05
 -1.1182803E-05
 -1.0388548E-05
 -9.7463471E-06
 -8.8495308E-06
 -7.7719051E-06
 -6.9217604E-06
 -6.2260565E-06
 -5.2638652E-06
 -4.1004491E-06
 -3.1652758E-06
 -2.4012650E-06
 -1.3786262E-06
 -1.6489457E-07
  7.8147013E-07
  1.5045653E-06
  2.4567153E-06
  3.5842581E-06
  4.4113676E-06
  4.9768278E-06
  5.7619845E-06
  6.7310807E-06
  7.3907672E-06
  7.7728000E-06
  8.3867144E-06
  9.2114878E-06
  9.7270195E-06
  9.9460331E-06
  1.0398530E-05
  1.1077522E-05
  1.1440688E-05
  1.1489599E-05
  1.1783235E-05
  1.2333077E-05
  1.2573443E-05
  1.2492665E-05
  1.2679354E-05
  1.3163282E-05
  1.3349923E-05
  1.3206140E-05
  1.3344003E-05
  1.3806955E-05
  1.3966730E-05
  1.3766984E-05
  1.3848247E-05
  1.4275474E-05
  1.4391175E-05
  1.4117632E-05
  1.4126954E-05
  1.4509244E-05
  1.4579617E-05
  1.4241429E-05
  1.4203370E-05
  1.4582602E-05
  1.4659541E-05
  1.4306097E-05
  1.4258570E-05
  1.4657702E-05
  1.4748388E-05
  1.4373492E-05
  1.4303243E-05
  1.4706502E-05
  1.4790714E-05
  1.4366852E-05
  1.4242708E-05
  1.4621969E-05
  1.4676489E-05
  1.4183610E-05
  1.3989621E-05
  1.4335526E-05
  1.4356908E-05
  1.3796381E-05
  1.3542072E-05
  1.3875520E-05
  1.3891889E-05
  1.3291238E-05
  1.3000566E-05
  1.3342357E-05
  1.3368583E-05
  1.2733301E-05
  1.2404767E-05
  1.2751142E-05
  1.2780765E-05
  1.2099670E-05
  1.1721722E-05
  1.2067424E-05
  1.2101001E-05
  1.1375620E-05
  1.0951068E-05
  1.1303555E-05
  1.1350622E-05
  1.0586597E-05
  1.0117246E-05
  1.0478620E-05
  1.0540773E-05
  9.7357524E-06
  9.2184437E-06
  9.5916030E-06
  9.6778695E-06
  8.8415991E-06
  8.2860670E-06
  8.6848222E-06
  8.8129773E-06
  7.9614210E-06
  7.3782853E-06
  7.8119165E-06
  7.9976780E-06
  7.1517138E-06
  6.5496765E-06
  7.0227979E-06
  7.3970841E-06
  7.0949154E-06
  7.6477654E-06
  9.7900675E-06
  1.1727550E-05
  1.2234543E-05
  1.2744231E-05
  1.4337598E-05
  1.5504940E-05
  1.5111324E-05
  1.4706304E-05
  1.5519638E-05
  1.6048582E-05
  1.5107854E-05
  1.4347637E-05
  1.5135705E-05
  1.5903808E-05
  1.5318739E-05
  1.5074274E-05
  1.6674736E-05
  1.8513923E-05
  1.9146039E-05
  2.0326554E-05
  2.3637178E-05
  2.7244165E-05
  2.9302191E-05
  3.1357813E-05
  3.4923534E-05
  3.7966987E-05
  3.8450296E-05
  3.8039168E-05
  3.8498063E-05
  3.7781756E-05
  3.3683715E-05
  2.7930233E-05
  2.2513657E-05
  1.5523317E-05
  5.0470512E-06
 -6.3438106E-06
 -1.5623205E-05
 -2.4244622E-05
 -3.4322329E-05
 -4.3639666E-05
 -4.9540973E-05
 -5.4061624E-05
 -5.9866532E-05
 -6.4833817E-05
 -6.6204309E-05
 -6.6272944E-05
 -6.8131900E-05
 -6.9639798E-05
 -6.7718567E-05
 -6.4693231E-05
 -6.3949483E-05
 -6.3289204E-05
 -5.9337272E-05
 -5.4510081E-05
 -5.2524898E-05
 -5.1050978E-05
 -4.6243658E-05
 -4.0478801E-05
 -3.7803442E-05
 -3.5849724E-05
 -3.0444424E-05
 -2.4077161E-05
 -2.1198377E-05
 -1.9289691E-05
 -1.3613002E-05
 -6.6240677E-06
 -3.2189459E-06
 -8.6598050E-07
 -4.5030610E-10
 -2.0747817E-09
 -4.6765805E-09
 -7.2671824E-09
 -9.0086170E-09
 -9.4216048E-09
 -8.2580813E-09
 -5.5328053E-09
 -1.7123351E-09
  2.4434574E-09
  6.3182606E-09
  9.5700283E-09
  1.1958444E-08
  1.3380345E-08
  1.4042797E-08
  1.4271208E-08
  1.4131241E-08
  1.3483103E-08
  1.2309077E-08
  1.0644287E-08
  8.2550979E-09
  4.7809361E-09
  2.1461999E-10
 -5.0581077E-09
 -1.0633851E-08
 -1.6163950E-08
 -2.1148065E-08
 -2.5099668E-08
 -2.7944839E-08
 -2.9911693E-08
 -3.1055983E-08
 -3.1248703E-08
 -3.0543600E-08
 -2.9112556E-08
 -2.6850010E-08
 -2.3490770E-08
 -1.9117415E-08
 -1.4127654E-08
 -8.7294643E-09
 -2.9132599E-09
  3.1344192E-09
  9.1157855E-09
  1.5126551E-08
  2.1554104E-08
  2.8427044E-08
  3.5345863E-08
  4.2057707E-08
  4.8568140E-08
  5.4681248E-08
  6.0029102E-08
  6.4632502E-08
  6.8839256E-08
  7.2595476E-08
  7.5358265E-08
  7.6857127E-08
  7.7370380E-08
  7.7129400E-08
  7.6050505E-08
  7.4192918E-08
  7.1846252E-08
  6.8980604E-08
  6.5246645E-08
  6.0712594E-08
  5.5880097E-08
  5.0610389E-08
  4.3648559E-08
  3.3623131E-08
  2.0061968E-08
  3.1772549E-09
 -1.6732082E-08
 -3.9240724E-08
 -6.3652720E-08
 -8.9330776E-08
 -1.1583556E-07
 -1.4247830E-07
 -1.6815576E-07
 -1.9192436E-07
 -2.1341324E-07
 -2.3256477E-07
 -2.4949333E-07
 -2.6482891E-07
 -2.7971748E-07
 -2.9525836E-07
 -3.1238397E-07
 -3.3241156E-07
 -3.5714709E-07
 -3.8825951E-07
 -4.2707811E-07
 -4.7505213E-07
 -5.3357167E-07
 -6.0282969E-07
 -6.8113764E-07
 -7.6524833E-07
 -8.5056189E-07
 -9.3099879E-07
 -9.9988608E-07
 -1.0518612E-06
 -1.0837597E-06
 -1.0937953E-06
 -1.0809148E-06
 -1.0453817E-06
 -9.8910141E-07
 -9.1471787E-07
 -8.2483859E-07
 -7.2229778E-07
 -6.1025457E-07
 -4.9144711E-07
 -3.6790081E-07
 -2.4164873E-07
 -1.1498411E-07
  1.0331188E-08
  1.3330541E-07
  2.5278686E-07
  3.6707758E-07
  4.7480640E-07
  5.7532168E-07
  6.6784241E-07
  7.5114002E-07
  8.2452073E-07
  8.8824100E-07
  9.4250953E-07
  9.8698956E-07
  1.0217343E-06
  1.0476364E-06
  1.0654254E-06
  1.0751409E-06
  1.0770580E-06
  1.0721280E-06
  1.0609876E-06
  1.0435555E-06
  1.0201373E-06
  9.9188253E-07
  9.5962696E-07
  9.2340099E-07
  8.8363862E-07
  8.4170722E-07
  7.9862554E-07
  7.5441847E-07
  7.0933601E-07
  6.6445705E-07
  6.2041403E-07
  5.7677209E-07
  5.3334475E-07
  4.9081865E-07
  4.4937664E-07
  4.0806751E-07
  3.6630081E-07
  3.2461162E-07
  2.8323979E-07
  2.4145274E-07
  1.9909984E-07
  1.5734850E-07
  1.1706631E-07
  7.8021614E-08
  4.0485794E-08
  5.9346092E-09
 -2.4760133E-08
 -5.2154220E-08
 -7.6380687E-08
 -9.6297150E-08
 -1.1141822E-07
 -1.2280917E-07
 -1.3108506E-07
 -1.3550962E-07
 -1.3609736E-07
 -1.3450678E-07
 -1.3175608E-07
 -1.2721293E-07
 -1.2091400E-07
 -1.1453520E-07
 -1.0890687E-07
 -1.0302021E-07
 -9.6653608E-08
 -9.1339636E-08
 -8.7531816E-08
 -8.3665022E-08
 -7.9280412E-08
 -7.6031817E-08
 -7.4349444E-08
 -7.2479708E-08
 -7.0140196E-08
 -6.9414092E-08
 -7.0663084E-08
 -7.1673057E-08
 -7.2230939E-08
 -7.4859926E-08
 -7.9568181E-08
 -8.3282181E-08
 -8.6025622E-08
 -9.1237538E-08
 -9.8267215E-08
 -1.0250288E-07
 -1.0505406E-07
 -1.1189943E-07
 -1.2014858E-07
 -1.2050580E-07
 -1.2388378E-07
 -1.6979027E-07
 -2.8717196E-07
 -4.5147780E-07
 -5.9921496E-07
 -6.8484576E-07
 -7.0853503E-07
 -6.9109331E-07
 -6.4371494E-07
 -5.6893680E-07
 -4.7254932E-07
 -3.6083622E-07
 -2.3478216E-07
 -9.6984699E-08
  4.1574587E-08
  1.6865199E-07
  2.7918526E-07
  3.7131184E-07
  4.3987856E-07
  4.7923140E-07
  4.8730135E-07
  4.6261974E-07
  4.0303439E-07
  3.1246924E-07
  2.0490644E-07
  9.8585581E-08
  1.1174784E-08
 -3.7154006E-08
 -2.2939851E-08
  7.3766515E-08
  2.6683045E-07
  5.7082002E-07
  1.0031738E-06
  1.5745809E-06
  2.2816839E-06
  3.1106497E-06
  4.0375203E-06
  5.0161038E-06
  5.9706554E-06
  6.8111590E-06
  7.4605905E-06
  7.8712719E-06
  8.0251621E-06
  7.9280453E-06
  7.6036099E-06
  7.0871329E-06
  6.4187175E-06
  5.6354484E-06
  4.7634962E-06
  3.8178714E-06
  2.8136333E-06
  1.7753016E-06
  7.3026069E-07
 -3.0390368E-07
 -1.3182502E-06
 -2.3016037E-06
 -3.2398027E-06
 -4.1241078E-06
 -4.9511018E-06
 -5.7155708E-06
 -6.4126548E-06
 -7.0444526E-06
 -7.6132624E-06
 -8.1105381E-06
 -8.5253332E-06
 -8.8622364E-06
 -9.1375223E-06
 -9.3594181E-06
 -9.5277310E-06
 -9.6515432E-06
 -9.7486436E-06
 -9.8254695E-06
 -9.8752371E-06
 -9.8974215E-06
 -9.8992623E-06
 -9.8748769E-06
 -9.8043993E-06
 -9.6796193E-06
 -9.5088180E-06
 -9.2887167E-06
 -8.9942941E-06
 -8.6079326E-06
 -8.1391418E-06
 -7.6038591E-06
 -7.0016749E-06
 -6.3228790E-06
 -5.5599330E-06
 -4.7052317E-06
 -3.7608656E-06
 -2.7611122E-06
 -1.7615789E-06
 -7.9311968E-07
  1.5206581E-07
  1.0792622E-06
  1.9631054E-06
  2.7727592E-06
  3.4962525E-06
  4.1247436E-06
  4.6427858E-06
  5.0523754E-06
  5.3776303E-06
  5.6291874E-06
  5.7973184E-06
  5.8975365E-06
  5.9824329E-06
  6.0841203E-06
  6.1867740E-06
  6.2813269E-06
  6.3947832E-06
  6.5280610E-06
  6.6229431E-06
  6.6442240E-06
  6.6374100E-06
  6.6384068E-06
  6.5936629E-06
  6.4883648E-06
  6.5430359E-06
  7.1774984E-06
  8.7515682E-06
  1.1372057E-05
  1.4874611E-05
  1.8828754E-05
  2.2547418E-05
  2.5300014E-05
  2.6715441E-05
  2.6987598E-05
  2.6620115E-05
  2.5985473E-05
  2.5172378E-05
  2.4187446E-05
  2.3153798E-05
  2.2253331E-05
  2.1567661E-05
  2.1104406E-05
  2.1005328E-05
  2.1641747E-05
  2.3422594E-05
  2.6524716E-05
  3.0862284E-05
  3.6268528E-05
  4.2580476E-05
  4.9535876E-05
  5.6729856E-05
  6.3738953E-05
  7.0158800E-05
  7.5426200E-05
  7.8734651E-05
  7.9264588E-05
  7.6408294E-05
  6.9679278E-05
  5.8625908E-05
  4.3132721E-05
  2.3716055E-05
  1.2196563E-06
 -2.3687329E-05
 -5.0253038E-05
 -7.6805140E-05
 -1.0070590E-04
 -1.1961746E-04
 -1.3274996E-04
 -1.4071941E-04
 -1.4446052E-04
 -1.4459953E-04
 -1.4163888E-04
 -1.3618721E-04
 -1.2884663E-04
 -1.2014971E-04
 -1.1073989E-04
 -1.0144524E-04
 -9.3090006E-05
 -8.6335400E-05
 -8.1666178E-05
 -7.9301091E-05
 -7.9042293E-05
 -8.0383739E-05
 -8.2855382E-05
 -8.6163229E-05
 -9.0006710E-05
 -9.3967727E-05
 -9.7648066E-05
 -1.0071940E-04
 -1.0271736E-04
 -1.0294179E-04
 -1.0070731E-04
 -9.5608957E-05
 -8.7460656E-05
 -7.6118202E-05
 -6.1518993E-05
 -4.3799650E-05
 -2.3185410E-05
  2.3132117E-07
  2.6462030E-05
  5.5322525E-05
  8.6181339E-05
  1.1794416E-04
  1.4920240E-04
  1.7845684E-04
  2.0438018E-04
  2.2601978E-04
  2.4283970E-04
  2.5464810E-04
  2.6152126E-04
  2.6373327E-04
  2.6164844E-04
  2.5561702E-04
  2.4595205E-04
  2.3298510E-04
  2.1713304E-04
  1.9891259E-04
  1.7886228E-04
  1.5741288E-04
  1.3486226E-04
  1.1154285E-04
  8.7992579E-05
  6.4856788E-05
  4.2581432E-05
  2.1257882E-05
  7.7979689E-07
 -1.8921584E-05
 -3.7806712E-05
 -5.5771277E-05
 -7.2662435E-05
 -8.8279070E-05
 -1.0241302E-04
 -1.1489504E-04
 -1.2561593E-04
 -1.3455690E-04
 -1.4180322E-04
 -1.4747059E-04
 -1.5161523E-04
 -1.5427373E-04
 -1.5557156E-04
 -1.5569279E-04
 -1.5473895E-04
 -1.5272888E-04
 -1.4976216E-04
 -1.4606533E-04
 -1.4182477E-04
 -1.3706909E-04
 -1.3175876E-04
 -1.2588216E-04
 -1.1940730E-04
 -1.1226240E-04
 -1.0447062E-04
 -9.6233991E-05
 -8.7796419E-05
 -7.9275473E-05
 -7.0690177E-05
 -6.2087165E-05
 -5.3574087E-05
 -4.5294822E-05
 -3.7433059E-05
 -3.0163486E-05
 -2.3517608E-05
 -1.7345081E-05
 -1.1457603E-05
 -5.7412813E-06
 -7.6449851E-08
  5.7560983E-06
  1.1987524E-05
  1.8713348E-05
  2.5868103E-05
  3.3257544E-05
  4.0550502E-05
  4.7335674E-05
  5.3300213E-05
  5.8334066E-05
  6.2434025E-05
  6.5597516E-05
  6.7869747E-05
  6.9393325E-05
  7.0315662E-05
  7.0702416E-05
  7.0585069E-05
  6.9988324E-05
  6.8840425E-05
  6.6971428E-05
  6.4302738E-05
  6.0961345E-05
  5.7147852E-05
  5.3016924E-05
  4.8769751E-05
  4.4707846E-05
  4.1048184E-05
  3.7794769E-05
  3.4928504E-05
  3.2607368E-05
  3.1019132E-05
  3.0131801E-05
  2.9754516E-05
  2.9771662E-05
  3.0171745E-05
  3.0934953E-05
  3.2051314E-05
  3.3557353E-05
  3.5372595E-05
  3.7176880E-05
  3.8654609E-05
  3.9844464E-05
  4.1117120E-05
  4.2886288E-05
  4.5491641E-05
  4.9223650E-05
  5.4160017E-05
  5.9936643E-05
  6.5853317E-05
  7.1209077E-05
  7.5407683E-05
  7.7845907E-05
  7.7998775E-05
  7.5694836E-05
  7.1152739E-05
  6.4725049E-05
  5.6741505E-05
  4.7562669E-05
  3.7568734E-05
