  2.7513050E-10
  1.3004622E-09
  3.0893892E-09
  5.2763967E-09
  7.6151219E-09
  1.0031254E-08
  1.2419505E-08
  1.4459019E-08
  1.5745631E-08
  1.6104373E-08
  1.5663490E-08
  1.4628553E-08
  1.3161585E-08
  1.1540453E-08
  1.0198434E-08
  9.3747374E-09
  8.8221288E-09
  8.0613187E-09
  6.8587602E-09
  5.2948006E-09
  3.5158123E-09
  1.7203929E-09
  3.2965292E-10
 -1.6202406E-10
  4.6364013E-10
  2.2397053E-09
  5.4882099E-09
  1.0868263E-08
  1.8793861E-08
  2.9000734E-08
  4.0743473E-08
  5.3145786E-08
  6.5264878E-08
  7.6142769E-08
  8.5045258E-08
  9.1509158E-08
  9.5054745E-08
  9.5095743E-08
  9.1301956E-08
  8.3841357E-08
  7.3094846E-08
  5.9330191E-08
  4.2818716E-08
  2.4048925E-08
  3.5988661E-09
 -1.8052784E-08
 -4.0401968E-08
 -6.2746025E-08
 -8.4284537E-08
 -1.0421356E-07
 -1.2153504E-07
 -1.3494279E-07
 -1.4314509E-07
 -1.4529674E-07
 -1.4110944E-07
 -1.3079071E-07
 -1.1506488E-07
 -9.5084744E-08
 -7.2095325E-08
 -4.7190326E-08
 -2.1380600E-08
  4.3293129E-09
  2.9035068E-08
  5.1916572E-08
  7.2092362E-08
  8.8786898E-08
  1.0176668E-07
  1.1133013E-07
  1.1772941E-07
  1.2088745E-07
  1.2080203E-07
  1.1784328E-07
  1.1240029E-07
  1.0455040E-07
  9.4345019E-08
  8.2134520E-08
  6.8339325E-08
  5.3184891E-08
  3.6973596E-08
  2.0388510E-08
  4.2236237E-09
 -1.1032779E-08
 -2.5175346E-08
 -3.8119115E-08
 -4.9979811E-08
 -6.1024409E-08
 -7.1292021E-08
 -8.0538769E-08
 -8.8771664E-08
 -9.6477940E-08
 -1.0402339E-07
 -1.1114415E-07
 -1.1733604E-07
 -1.2241836E-07
 -1.2640123E-07
 -1.2916151E-07
 -1.3064647E-07
 -1.3111016E-07
 -1.3078034E-07
 -1.2956667E-07
 -1.2743264E-07
 -1.2474705E-07
 -1.2191833E-07
 -1.1899547E-07
 -1.1597229E-07
 -1.1312556E-07
 -1.1065234E-07
 -1.0830824E-07
 -1.0581541E-07
 -1.0331009E-07
 -1.0098446E-07
 -9.8610265E-08
 -9.5843681E-08
 -9.2754071E-08
 -8.9769074E-08
 -8.7483862E-08
 -8.6817778E-08
 -8.8818297E-08
 -9.3794377E-08
 -1.0099362E-07
 -1.0950596E-07
 -1.1905467E-07
 -1.2958412E-07
 -1.4070835E-07
 -1.5209361E-07
 -1.6382998E-07
 -1.7589365E-07
 -1.8781523E-07
 -1.9945750E-07
 -2.1157351E-07
 -2.2505245E-07
 -2.4024874E-07
 -2.5768094E-07
 -2.7874978E-07
 -3.0507408E-07
 -3.3769206E-07
 -3.7745878E-07
 -4.2532133E-07
 -4.8121046E-07
 -5.4318093E-07
 -6.0836953E-07
 -6.7412083E-07
 -7.3747339E-07
 -7.9453525E-07
 -8.4158239E-07
 -8.7629502E-07
 -8.9714160E-07
 -9.0243998E-07
 -8.9112791E-07
 -8.6369005E-07
 -8.2116787E-07
 -7.6393570E-07
 -6.9253059E-07
 -6.0887521E-07
 -5.1544583E-07
 -4.1394748E-07
 -3.0596817E-07
 -1.9405812E-07
 -8.0786513E-08
  3.2534949E-08
  1.4491845E-07
  2.5437799E-07
  3.5893416E-07
  4.5804825E-07
  5.5160029E-07
  6.3836546E-07
  7.1704477E-07
  7.8784512E-07
  8.5139283E-07
  9.0704771E-07
  9.5401481E-07
  9.9311831E-07
  1.0256380E-06
  1.0513892E-06
  1.0698360E-06
  1.0820099E-06
  1.0892709E-06
  1.0912355E-06
  1.0870583E-06
  1.0776505E-06
  1.0643903E-06
  1.0468149E-06
  1.0239958E-06
  9.9702129E-07
  9.6759447E-07
  9.3539199E-07
  8.9948105E-07
  8.6107923E-07
  8.2206071E-07
  7.8201322E-07
  7.3978157E-07
  6.9660399E-07
  6.5453349E-07
  6.1311067E-07
  5.7097560E-07
  5.2936076E-07
  4.9037897E-07
  4.5327604E-07
  4.1619091E-07
  3.8014932E-07
  3.4725980E-07
  3.1649137E-07
  2.8558682E-07
  2.5560715E-07
  2.2896322E-07
  2.0454934E-07
  1.7975978E-07
  1.5567605E-07
  1.3497113E-07
  1.1635986E-07
  9.6788298E-08
  7.7419301E-08
  6.1410923E-08
  4.7528395E-08
  3.2437750E-08
  1.7507489E-08
  6.3537513E-09
 -2.5048905E-09
 -1.3064458E-08
 -2.3899766E-08
 -3.0885985E-08
 -3.5776416E-08
 -4.3276671E-08
 -5.1665509E-08
 -5.5880108E-08
 -5.7790629E-08
 -6.2991575E-08
 -6.9592197E-08
 -7.1627433E-08
 -7.1358066E-08
 -7.5610110E-08
 -8.2173777E-08
 -8.3697088E-08
 -8.2729400E-08
 -8.7471605E-08
 -9.4978866E-08
 -9.5852116E-08
 -9.3209842E-08
 -9.7563031E-08
 -1.0532276E-07
 -1.0460020E-07
 -9.9884645E-08
 -1.0527329E-07
 -1.1555956E-07
 -1.1423337E-07
 -1.0798444E-07
 -1.1681068E-07
 -1.3156233E-07
 -1.2697728E-07
 -1.1663541E-07
 -1.3416577E-07
 -1.5522440E-07
 -1.3103511E-07
 -1.4598687E-07
 -4.4365692E-07
 -1.1923685E-06
 -2.2742024E-06
 -3.4085258E-06
 -4.4434632E-06
 -5.3992176E-06
 -6.2429772E-06
 -6.7923111E-06
 -6.9178395E-06
 -6.7294586E-06
 -6.4651922E-06
 -6.2622953E-06
 -6.1252235E-06
 -6.0611933E-06
 -6.1358396E-06
 -6.4058522E-06
 -6.8937929E-06
 -7.6538563E-06
 -8.8048391E-06
 -1.0478268E-05
 -1.2773009E-05
 -1.5763288E-05
 -1.9484924E-05
 -2.3847546E-05
 -2.8533012E-05
 -3.2967491E-05
 -3.6404861E-05
 -3.8118807E-05
 -3.7645634E-05
 -3.4938941E-05
 -3.0315918E-05
 -2.4243636E-05
 -1.7151879E-05
 -9.3940707E-06
 -1.3039273E-06
  6.7751444E-06
  1.4532207E-05
  2.1744290E-05
  2.8269642E-05
  3.3975673E-05
  3.8682050E-05
  4.2191328E-05
  4.4374447E-05
  4.5214918E-05
  4.4790857E-05
  4.3263408E-05
  4.0888164E-05
  3.7971011E-05
  3.4750505E-05
  3.1328629E-05
  2.7736893E-05
  2.4039991E-05
  2.0340167E-05
  1.6712898E-05
  1.3195437E-05
  9.8302153E-06
  6.6683456E-06
  3.7281677E-06
  9.9512283E-07
 -1.5275856E-06
 -3.8012415E-06
 -5.7906127E-06
 -7.4928116E-06
 -8.9287951E-06
 -1.0142431E-05
 -1.1215026E-05
 -1.2247366E-05
 -1.3311374E-05
 -1.4432807E-05
 -1.5612935E-05
 -1.6831815E-05
 -1.8024395E-05
 -1.9086205E-05
 -1.9918725E-05
 -2.0457219E-05
 -2.0662532E-05
 -2.0518823E-05
 -2.0043781E-05
 -1.9272245E-05
 -1.8224418E-05
 -1.6914695E-05
 -1.5389118E-05
 -1.3719855E-05
 -1.1959524E-05
 -1.0136637E-05
 -8.3028399E-06
 -6.5462746E-06
 -4.9410328E-06
 -3.5101070E-06
 -2.2483750E-06
 -1.1524933E-06
 -2.1626721E-07
  5.7439968E-07
  1.2279301E-06
  1.7522285E-06
  2.1807427E-06
  2.5649961E-06
  2.9326948E-06
  3.2820831E-06
  3.6247566E-06
  4.0017048E-06
  4.4495755E-06
  4.9880318E-06
  5.6509052E-06
  6.4865098E-06
  7.5024582E-06
  8.6406899E-06
  9.8264400E-06
  1.1012747E-05
  1.2163078E-05
  1.3229329E-05
  1.4174610E-05
  1.4994458E-05
  1.5701426E-05
  1.6313214E-05
  1.6848209E-05
  1.7268343E-05
  1.7404396E-05
  1.7008699E-05
  1.5941165E-05
  1.4273372E-05
  1.2182611E-05
  9.8096534E-06
  7.2832868E-06
  4.8176285E-06
  2.6605369E-06
  9.2141295E-07
 -4.8962636E-07
 -1.7459564E-06
 -2.9893617E-06
 -4.3367427E-06
 -5.9211106E-06
 -7.8662997E-06
 -1.0246061E-05
 -1.3113208E-05
 -1.6563605E-05
 -2.0732232E-05
 -2.5696350E-05
 -3.1361535E-05
 -3.7415397E-05
 -4.3372700E-05
 -4.8684538E-05
 -5.2873485E-05
 -5.5647557E-05
 -5.6913468E-05
 -5.6634093E-05
 -5.4627406E-05
 -5.0531715E-05
 -4.4013443E-05
 -3.4977234E-05
 -2.3513381E-05
 -9.6972572E-06
  6.3998814E-06
  2.4428922E-05
  4.3565429E-05
  6.2649473E-05
  8.0475162E-05
  9.5952935E-05
  1.0819211E-04
  1.1668328E-04
  1.2148889E-04
  1.2317521E-04
  1.2245617E-04
  1.1981723E-04
  1.1536430E-04
  1.0892448E-04
  1.0028260E-04
  8.9392444E-05
  7.6426099E-05
  6.1668419E-05
  4.5422581E-05
  2.8046379E-05
  1.0048358E-05
 -7.8699095E-06
 -2.4821389E-05
 -3.9771669E-05
 -5.1684354E-05
 -5.9798946E-05
 -6.3878149E-05
 -6.4236323E-05
 -6.1537146E-05
 -5.6477606E-05
 -4.9505306E-05
 -4.0754774E-05
 -3.0294394E-05
 -1.8442734E-05
 -5.7692905E-06
  7.1886625E-06
  2.0032090E-05
  3.2268090E-05
  4.3170519E-05
  5.2016068E-05
  5.8305246E-05
  6.1600724E-05
  6.1374907E-05
  5.7381905E-05
  5.0174476E-05
  4.0932304E-05
  3.0633619E-05
  1.9517362E-05
  7.3749679E-06
 -5.8297055E-06
 -1.9717909E-05
 -3.3718159E-05
 -4.7417587E-05
 -6.0739610E-05
 -7.3776762E-05
 -8.6394037E-05
 -9.8133169E-05
 -1.0875283E-04
 -1.1878194E-04
 -1.2911562E-04
 -1.3985165E-04
 -1.4974787E-04
 -1.5699056E-04
 -1.6029304E-04
 -1.5916137E-04
 -1.5360078E-04
 -1.4422473E-04
 -1.3269144E-04
 -1.2148733E-04
 -1.1281262E-04
 -1.0752827E-04
 -1.0504710E-04
 -1.0400662E-04
 -1.0301948E-04
 -1.0110018E-04
 -9.7755212E-05
 -9.2838069E-05
 -8.6329157E-05
 -7.8219302E-05
 -6.8513662E-05
 -5.7231347E-05
 -4.4381748E-05
 -3.0019139E-05
 -1.4349888E-05
  2.2750951E-06
  1.9508927E-05
  3.7113688E-05
  5.4902572E-05
  7.2620700E-05
  8.9908252E-05
  1.0635809E-04
  1.2160114E-04
  1.3537172E-04
  1.4753916E-04
  1.5813585E-04
  1.6742710E-04
  1.7596234E-04
  1.8442672E-04
  1.9324565E-04
  2.0221887E-04
  2.1053484E-04
  2.1717053E-04
  2.2133288E-04
  2.2265351E-04
  2.2114582E-04
  2.1707341E-04
 -2.5588298E-10
 -1.2060815E-09
 -2.8993588E-09
 -4.8956457E-09
 -6.4096484E-09
 -6.7506489E-09
 -5.8695351E-09
 -4.1294088E-09
 -1.8962469E-09
  2.7046998E-10
  1.4538708E-09
  9.4020658E-10
 -1.2907440E-09
 -4.9555755E-09
 -9.9205142E-09
 -1.5859356E-08
 -2.1964315E-08
 -2.7580857E-08
 -3.2782712E-08
 -3.7837644E-08
 -4.2534140E-08
 -4.6558714E-08
 -5.0056613E-08
 -5.3183975E-08
 -5.5505787E-08
 -5.6447725E-08
 -5.5942412E-08
 -5.4044357E-08
 -5.0387239E-08
 -4.4702912E-08
 -3.7445876E-08
 -2.9236260E-08
 -2.0121483E-08
 -1.0014989E-08
  6.8660760E-10
  1.1643457E-08
  2.3175117E-08
  3.5614399E-08
  4.8716103E-08
  6.2455179E-08
  7.7511814E-08
  9.3830387E-08
  1.0947045E-07
  1.2226826E-07
  1.3218305E-07
  1.4076555E-07
  1.4884861E-07
  1.5614829E-07
  1.6264859E-07
  1.6875099E-07
  1.7418760E-07
  1.7824635E-07
  1.8102959E-07
  1.8319203E-07
  1.8455904E-07
  1.8430333E-07
  1.8231383E-07
  1.7902603E-07
  1.7405941E-07
  1.6644501E-07
  1.5609626E-07
  1.4363884E-07
  1.2890276E-07
  1.1105915E-07
  9.0176385E-08
  6.7152897E-08
  4.2186926E-08
  1.4877680E-08
 -1.4151016E-08
 -4.3275207E-08
 -7.1545720E-08
 -9.8860625E-08
 -1.2457231E-07
 -1.4757498E-07
 -1.6777683E-07
 -1.8582672E-07
 -2.0133868E-07
 -2.1298064E-07
 -2.2020201E-07
 -2.2310563E-07
 -2.2078881E-07
 -2.1192942E-07
 -1.9722295E-07
 -1.7932874E-07
 -1.6026065E-07
 -1.4071598E-07
 -1.2189908E-07
 -1.0565949E-07
 -9.2456119E-08
 -8.1317204E-08
 -7.2167040E-08
 -6.6111653E-08
 -6.3187557E-08
 -6.2082393E-08
 -6.2421151E-08
 -6.5065016E-08
 -6.9822526E-08
 -7.5211133E-08
 -8.0823604E-08
 -8.7505420E-08
 -9.4864966E-08
 -1.0118238E-07
 -1.0617152E-07
 -1.1116501E-07
 -1.1616521E-07
 -1.1954265E-07
 -1.2112969E-07
 -1.2263446E-07
 -1.2441022E-07
 -1.2489416E-07
 -1.2387927E-07
 -1.2309067E-07
 -1.2277538E-07
 -1.2115720E-07
 -1.1823548E-07
 -1.1664988E-07
 -1.1768309E-07
 -1.1987620E-07
 -1.2265278E-07
 -1.2757494E-07
 -1.3473407E-07
 -1.4171802E-07
 -1.4761078E-07
 -1.5422981E-07
 -1.6200592E-07
 -1.6866693E-07
 -1.7353912E-07
 -1.7896224E-07
 -1.8578143E-07
 -1.9180736E-07
 -1.9656618E-07
 -2.0306854E-07
 -2.1295492E-07
 -2.2463934E-07
 -2.3837660E-07
 -2.5818630E-07
 -2.8631237E-07
 -3.2066743E-07
 -3.6001165E-07
 -4.0617354E-07
 -4.5840750E-07
 -5.1112056E-07
 -5.6014409E-07
 -6.0563082E-07
 -6.4592416E-07
 -6.7493789E-07
 -6.8915369E-07
 -6.9093346E-07
 -6.8135608E-07
 -6.5654774E-07
 -6.1502493E-07
 -5.6150435E-07
 -4.9904605E-07
 -4.2481713E-07
 -3.3831060E-07
 -2.4586461E-07
 -1.5178577E-07
 -5.3126840E-08
  5.1150881E-08
  1.5450465E-07
  2.5242201E-07
  3.4862171E-07
  4.4500234E-07
  5.3498144E-07
  6.1417234E-07
  6.8764496E-07
  7.5857838E-07
  8.2032284E-07
  8.6850065E-07
  9.0973322E-07
  9.4871768E-07
  9.7858526E-07
  9.9467434E-07
  1.0051142E-06
  1.0159789E-06
  1.0194896E-06
  1.0099153E-06
  9.9661838E-07
  9.8684484E-07
  9.7119266E-07
  9.4233178E-07
  9.1130119E-07
  8.8707469E-07
  8.5824604E-07
  8.1557801E-07
  7.7281010E-07
  7.4157612E-07
  7.0746290E-07
  6.5802067E-07
  6.1043374E-07
  5.7975348E-07
  5.4645341E-07
  4.9306885E-07
  4.4302953E-07
  4.1766930E-07
  3.8875061E-07
  3.3042335E-07
  2.7931574E-07
  2.6890146E-07
  2.4877176E-07
  1.7328827E-07
  1.2235657E-07
  1.6042233E-07
  5.6023978E-08
 -6.5719797E-07
 -2.2136314E-06
 -4.3300633E-06
 -6.5059903E-06
 -8.4966050E-06
 -1.0344511E-05
 -1.2060852E-05
 -1.3516583E-05
 -1.4658108E-05
 -1.5624473E-05
 -1.6573598E-05
 -1.7528924E-05
 -1.8473085E-05
 -1.9478119E-05
 -2.0654370E-05
 -2.2058077E-05
 -2.3747487E-05
 -2.5883199E-05
 -2.8699140E-05
 -3.2414970E-05
 -3.7235535E-05
 -4.3373679E-05
 -5.0955412E-05
 -5.9850627E-05
 -6.9564681E-05
 -7.9208243E-05
 -8.7538399E-05
 -9.3190822E-05
 -9.5147836E-05
 -9.3160008E-05
 -8.7744018E-05
 -7.9761696E-05
 -6.9984781E-05
 -5.8970494E-05
 -4.7180765E-05
 -3.5081255E-05
 -2.3095872E-05
 -1.1504438E-05
 -4.2430838E-07
  1.0088952E-05
  1.9923289E-05
  2.8899696E-05
  3.6865415E-05
  4.3760203E-05
  4.9582191E-05
  5.4334982E-05
  5.8045407E-05
  6.0801351E-05
  6.2720275E-05
  6.3886568E-05
  6.4356478E-05
  6.4215106E-05
  6.3586020E-05
  6.2581043E-05
  6.1269617E-05
  5.9692902E-05
  5.7871930E-05
  5.5801549E-05
  5.3476550E-05
  5.0941682E-05
  4.8298029E-05
  4.5655488E-05
  4.3092852E-05
  4.0649218E-05
  3.8312697E-05
  3.6011596E-05
  3.3656914E-05
  3.1217489E-05
  2.8737861E-05
  2.6277374E-05
  2.3859639E-05
  2.1494596E-05
  1.9223598E-05
  1.7122144E-05
  1.5272819E-05
  1.3746166E-05
  1.2584285E-05
  1.1778857E-05
  1.1273131E-05
  1.1001756E-05
  1.0926856E-05
  1.1035841E-05
  1.1324792E-05
  1.1795179E-05
  1.2445024E-05
  1.3240609E-05
  1.4107860E-05
  1.4973459E-05
  1.5811065E-05
  1.6632541E-05
  1.7440885E-05
  1.8209663E-05
  1.8904133E-05
  1.9502044E-05
  1.9990846E-05
  2.0360785E-05
  2.0607740E-05
  2.0735502E-05
  2.0756721E-05
  2.0705489E-05
  2.0650778E-05
  2.0678501E-05
  2.0841100E-05
  2.1117359E-05
  2.1418044E-05
  2.1635233E-05
  2.1714810E-05
  2.1712767E-05
  2.1763117E-05
  2.1928590E-05
  2.2064329E-05
  2.1895523E-05
  2.1282207E-05
  2.0339226E-05
  1.9182789E-05
  1.7578675E-05
  1.4986346E-05
  1.1012269E-05
  5.7167708E-06
 -5.8293176E-07
 -7.6423985E-06
 -1.5212760E-05
 -2.2701643E-05
 -2.9217097E-05
 -3.4138888E-05
 -3.7566875E-05
 -4.0101491E-05
 -4.2279018E-05
 -4.4359080E-05
 -4.6567453E-05
 -4.9285001E-05
 -5.2911058E-05
 -5.7737405E-05
 -6.4159671E-05
 -7.2952156E-05
 -8.5079024E-05
 -1.0103083E-04
 -1.2027143E-04
 -1.4127104E-04
 -1.6197274E-04
 -1.8021437E-04
 -1.9393032E-04
 -2.0136154E-04
 -2.0143969E-04
 -1.9412204E-04
 -1.8031457E-04
 -1.6134926E-04
 -1.3840759E-04
 -1.1233208E-04
 -8.3878091E-05
 -5.4016407E-05
 -2.3892655E-05
  5.4618154E-06
  3.3195989E-05
  5.8363534E-05
  7.9879632E-05
  9.7171593E-05
  1.1091375E-04
  1.2272666E-04
  1.3386543E-04
  1.4435612E-04
  1.5359450E-04
  1.6152536E-04
  1.6886512E-04
  1.7632810E-04
  1.8414618E-04
  1.9242844E-04
  2.0152119E-04
  2.1173370E-04
  2.2299564E-04
  2.3508220E-04
  2.4801787E-04
  2.6203555E-04
  2.7731966E-04
  2.9406656E-04
  3.1267424E-04
  3.3355557E-04
  3.5671997E-04
  3.8158655E-04
  4.0687987E-04
  4.3021905E-04
  4.4783353E-04
  4.5529442E-04
  4.4913232E-04
  4.2805789E-04
  3.9290724E-04
  3.4575735E-04
  2.8910307E-04
  2.2538993E-04
  1.5676834E-04
  8.5054184E-05
  1.1899720E-05
 -6.1037841E-05
 -1.3209674E-04
 -1.9967473E-04
 -2.6225563E-04
 -3.1850202E-04
 -3.6744209E-04
 -4.0855049E-04
 -4.4162915E-04
 -4.6668854E-04
 -4.8398189E-04
 -4.9405231E-04
 -4.9764197E-04
 -4.9554917E-04
 -4.8854790E-04
 -4.7731693E-04
 -4.6234741E-04
 -4.4394360E-04
 -4.2236276E-04
 -3.9795085E-04
 -3.7116261E-04
 -3.4252129E-04
 -3.1256949E-04
 -2.8179109E-04
 -2.5056631E-04
 -2.1925977E-04
 -1.8834582E-04
 -1.5836394E-04
 -1.2973974E-04
 -1.0271492E-04
 -7.7432400E-05
 -5.3981552E-05
 -3.2349944E-05
 -1.2432029E-05
  5.8912319E-06
  2.2746615E-05
  3.8300506E-05
  5.2659016E-05
  6.5735090E-05
  7.7345452E-05
  8.7438246E-05
  9.6085998E-05
  1.0328287E-04
  1.0898174E-04
  1.1340540E-04
  1.1710993E-04
  1.2058469E-04
  1.2387606E-04
  1.2665011E-04
  1.2845002E-04
  1.2879168E-04
  1.2721238E-04
  1.2347198E-04
  1.1770917E-04
  1.1032202E-04
  1.0175491E-04
  9.2439688E-05
  8.2779901E-05
  7.3029514E-05
  6.3255182E-05
  5.3543437E-05
  4.4199540E-05
  3.5674391E-05
  2.8406494E-05
  2.2837661E-05
  1.9408466E-05
  1.8227873E-05
  1.8637136E-05
  1.9217949E-05
  1.8379009E-05
  1.5058411E-05
  9.0072535E-06
  5.3124859E-07
 -9.9805584E-06
 -2.2267646E-05
 -3.6003832E-05
 -5.0562790E-05
 -6.5142500E-05
 -7.9099576E-05
 -9.2053262E-05
 -1.0375538E-04
 -1.1409076E-04
 -1.2319720E-04
 -1.3132216E-04
 -1.3846607E-04
 -1.4434205E-04
 -1.4873080E-04
 -1.5166169E-04
 -1.5318656E-04
 -1.5323040E-04
 -1.5178512E-04
 -1.4901411E-04
 -1.4500725E-04
 -1.3962557E-04
 -1.3272822E-04
 -1.2435502E-04
 -1.1455515E-04
 -1.0328112E-04
 -9.0653302E-05
 -7.7115452E-05
 -6.3085841E-05
 -4.8595852E-05
 -3.3473636E-05
 -1.7750444E-05
 -1.7299753E-06
  1.4131032E-05
  2.9157178E-05
  4.2413969E-05
  5.3002459E-05
  6.0371538E-05
  6.4261061E-05
  6.4566651E-05
  6.1511295E-05
  5.5822427E-05
  4.8502152E-05
  4.0470331E-05
  3.2510648E-05
 -6.5044603E-10
 -3.3063512E-09
 -8.7200682E-09
 -1.6789425E-08
 -2.6993851E-08
 -3.8552418E-08
 -5.0753911E-08
 -6.3065301E-08
 -7.5033000E-08
 -8.6284182E-08
 -9.6614414E-08
 -1.0592058E-07
 -1.1405317E-07
 -1.2083377E-07
 -1.2613957E-07
 -1.2982224E-07
 -1.3161255E-07
 -1.3125286E-07
 -1.2865286E-07
 -1.2380320E-07
 -1.1669334E-07
 -1.0746285E-07
 -9.6376034E-08
 -8.3368278E-08
 -6.7928767E-08
 -4.9951815E-08
 -3.0557299E-08
 -1.1446367E-08
  6.6438850E-09
  2.4365553E-08
  4.2615220E-08
  6.1552456E-08
  8.0902062E-08
  1.0055786E-07
  1.2043874E-07
  1.4016786E-07
  1.5934505E-07
  1.7787573E-07
  1.9569012E-07
  2.1240891E-07
  2.2762056E-07
  2.4123327E-07
  2.5322959E-07
  2.6332461E-07
  2.7118151E-07
  2.7669569E-07
  2.7971936E-07
  2.7976117E-07
  2.7633092E-07
  2.6936871E-07
  2.5900687E-07
  2.4519403E-07
  2.2798375E-07
  2.0798012E-07
  1.8605793E-07
  1.6278891E-07
  1.3850536E-07
  1.1369561E-07
  8.8868028E-08
  6.4168240E-08
  3.9564654E-08
  1.5294592E-08
 -8.2295406E-09
 -3.0705440E-08
 -5.1628611E-08
 -6.9889140E-08
 -8.4294918E-08
 -9.4553698E-08
 -1.0139606E-07
 -1.0586896E-07
 -1.0891865E-07
 -1.1143451E-07
 -1.1405412E-07
 -1.1687163E-07
 -1.1976267E-07
 -1.2294566E-07
 -1.2681018E-07
 -1.3132814E-07
 -1.3614454E-07
 -1.4116911E-07
 -1.4657890E-07
 -1.5231608E-07
 -1.5808978E-07
 -1.6380402E-07
 -1.6948781E-07
 -1.7488800E-07
 -1.7962623E-07
 -1.8364420E-07
 -1.8698717E-07
 -1.8931100E-07
 -1.9018289E-07
 -1.8972854E-07
 -1.8839597E-07
 -1.8625283E-07
 -1.8315346E-07
 -1.7939585E-07
 -1.7546063E-07
 -1.7121739E-07
 -1.6613915E-07
 -1.6020282E-07
 -1.5382724E-07
 -1.4704821E-07
 -1.3958287E-07
 -1.3163604E-07
 -1.2380455E-07
 -1.1622444E-07
 -1.0861579E-07
 -1.0106258E-07
 -9.3872110E-08
 -8.6771834E-08
 -7.9177632E-08
 -7.1163115E-08
 -6.3227077E-08
 -5.5301577E-08
 -4.7123866E-08
 -3.9475843E-08
 -3.3805442E-08
 -3.0559104E-08
 -2.9014956E-08
 -2.8688794E-08
 -2.9600720E-08
 -3.1171435E-08
 -3.2322930E-08
 -3.2893212E-08
 -3.3647019E-08
 -3.4775049E-08
 -3.5788329E-08
 -3.7020854E-08
 -3.9730828E-08
 -4.4527049E-08
 -5.1246513E-08
 -6.0602616E-08
 -7.4337976E-08
 -9.3519120E-08
 -1.1839403E-07
 -1.5016873E-07
 -1.9097007E-07
 -2.4147295E-07
 -3.0021653E-07
 -3.6550571E-07
 -4.3592581E-07
 -5.0849400E-07
 -5.7847370E-07
 -6.4183126E-07
 -6.9609814E-07
 -7.3852249E-07
 -7.6581898E-07
 -7.7656784E-07
 -7.7163810E-07
 -7.5151593E-07
 -7.1554081E-07
 -6.6442209E-07
 -6.0083994E-07
 -5.2664888E-07
 -4.4215710E-07
 -3.4905281E-07
 -2.5109640E-07
 -1.5079071E-07
 -4.8327021E-08
  5.5088535E-08
  1.5615124E-07
  2.5300403E-07
  3.4645819E-07
  4.3624669E-07
  5.1965452E-07
  5.9544055E-07
  6.6526900E-07
  7.2945710E-07
  7.8535589E-07
  8.3192657E-07
  8.7161584E-07
  9.0551663E-07
  9.3129211E-07
  9.4835400E-07
  9.6015447E-07
  9.6852500E-07
  9.7090606E-07
  9.6622102E-07
  9.5789267E-07
  9.4758946E-07
  9.3197536E-07
  9.0956763E-07
  8.8446092E-07
  8.5893038E-07
  8.2919547E-07
  7.9337138E-07
  7.5621756E-07
  7.2052103E-07
  6.8177980E-07
  6.3763309E-07
  5.9386070E-07
  5.5397408E-07
  5.1236964E-07
  4.6588715E-07
  4.2169961E-07
  3.8437747E-07
  3.4664646E-07
  3.0383708E-07
  2.6461373E-07
  2.3450197E-07
  2.0327215E-07
  1.6418301E-07
  1.2934802E-07
  1.0702620E-07
  8.2578993E-08
  4.6015792E-08
  1.6264071E-08
  6.0118879E-09
 -1.1305453E-08
 -5.3224262E-08
 -7.7874816E-08
 -6.3927168E-08
 -1.4144211E-07
 -5.4374573E-07
 -1.3727526E-06
 -2.4707051E-06
 -3.5790913E-06
 -4.5737006E-06
 -5.4830971E-06
 -6.3336038E-06
 -7.0828601E-06
 -7.7054956E-06
 -8.2514143E-06
 -8.7849421E-06
 -9.3236304E-06
 -9.8700666E-06
 -1.0461067E-05
 -1.1152086E-05
 -1.1985261E-05
 -1.3008712E-05
 -1.4312813E-05
 -1.6023972E-05
 -1.8273153E-05
 -2.1179840E-05
 -2.4833076E-05
 -2.9230809E-05
 -3.4190736E-05
 -3.9288425E-05
 -4.3881126E-05
 -4.7256392E-05
 -4.8873921E-05
 -4.8558792E-05
 -4.6496869E-05
 -4.3050564E-05
 -3.8573271E-05
 -3.3351585E-05
 -2.7634613E-05
 -2.1653410E-05
 -1.5610172E-05
 -9.6648300E-06
 -3.9252163E-06
  1.5526573E-06
  6.7304004E-06
  1.1537931E-05
  1.5875548E-05
  1.9675304E-05
  2.2937173E-05
  2.5690972E-05
  2.7949942E-05
  2.9723502E-05
  3.1049189E-05
  3.1979471E-05
  3.2550517E-05
  3.2792002E-05
  3.2756536E-05
  3.2510536E-05
  3.2099699E-05
  3.1543197E-05
  3.0852512E-05
  3.0033370E-05
  2.9079734E-05
  2.7996184E-05
  2.6828217E-05
  2.5649260E-05
  2.4514115E-05
  2.3434299E-05
  2.2387430E-05
  2.1330085E-05
  2.0210866E-05
  1.8999823E-05
  1.7710763E-05
  1.6381271E-05
  1.5036495E-05
  1.3691661E-05
  1.2383499E-05
  1.1172760E-05
  1.0112333E-05
  9.2314849E-06
  8.5493593E-06
  8.0774998E-06
  7.8002977E-06
  7.6723263E-06
  7.6468405E-06
  7.6986571E-06
  7.8193589E-06
  8.0083810E-06
  8.2757260E-06
  8.6356840E-06
  9.0822032E-06
  9.5773803E-06
  1.0079773E-05
  1.0588887E-05
  1.1154743E-05
  1.1832328E-05
  1.2619432E-05
  1.3444163E-05
  1.4222974E-05
  1.4925756E-05
  1.5569636E-05
  1.6157217E-05
  1.6652926E-05
  1.7031158E-05
  1.7322269E-05
  1.7595970E-05
  1.7920787E-05
  1.8350551E-05
  1.8914674E-05
  1.9585956E-05
  2.0272706E-05
  2.0873875E-05
  2.1340988E-05
  2.1678616E-05
  2.1908068E-05
  2.2051372E-05
  2.2131577E-05
  2.2170419E-05
  2.2196095E-05
  2.2226610E-05
  2.2155966E-05
  2.1630978E-05
  2.0171032E-05
  1.7552375E-05
  1.4038224E-05
  1.0095244E-05
  5.8891992E-06
  1.2055675E-06
 -4.0992136E-06
 -9.7298689E-06
 -1.5157452E-05
 -2.0115755E-05
 -2.4780305E-05
 -2.9507341E-05
 -3.4544355E-05
 -4.0034269E-05
 -4.6195772E-05
 -5.3398096E-05
 -6.2065061E-05
 -7.2560921E-05
 -8.5150372E-05
 -9.9918099E-05
 -1.1652478E-04
 -1.3396908E-04
 -1.5072069E-04
 -1.6525468E-04
 -1.7645641E-04
 -1.8343622E-04
 -1.8510400E-04
 -1.8031230E-04
 -1.6866936E-04
 -1.5110977E-04
 -1.2945254E-04
 -1.0536647E-04
 -7.9809077E-05
 -5.3314376E-05
 -2.6517666E-05
 -2.6925113E-07
  2.4605017E-05
  4.7450339E-05
  6.7677902E-05
  8.4655323E-05
  9.7843564E-05
  1.0710034E-04
  1.1281848E-04
  1.1571002E-04
  1.1647277E-04
  1.1575337E-04
  1.1441709E-04
  1.1362784E-04
  1.1440634E-04
  1.1705325E-04
  1.2110057E-04
  1.2585153E-04
  1.3090583E-04
  1.3620600E-04
  1.4177310E-04
  1.4754418E-04
  1.5342452E-04
  1.5938051E-04
  1.6543359E-04
  1.7157086E-04
  1.7766848E-04
  1.8352299E-04
  1.8898748E-04
  1.9406680E-04
  1.9885422E-04
  2.0340987E-04
  2.0772492E-04
  2.1164404E-04
  2.1452500E-04
  2.1485446E-04
  2.1042982E-04
  1.9928742E-04
  1.8067640E-04
  1.5521872E-04
  1.2424424E-04
  8.9072935E-05
  5.0817252E-05
  1.0536481E-05
 -3.0699066E-05
 -7.1915361E-05
 -1.1227795E-04
 -1.5097768E-04
 -1.8713494E-04
 -2.1986591E-04
 -2.4841761E-04
 -2.7222076E-04
 -2.9088330E-04
 -3.0423983E-04
 -3.1242435E-04
 -3.1581384E-04
 -3.1483907E-04
 -3.0986901E-04
 -3.0129150E-04
 -2.8963282E-04
 -2.7551589E-04
 -2.5950471E-04
 -2.4202329E-04
 -2.2338572E-04
 -2.0383086E-04
 -1.8353421E-04
 -1.6265175E-04
 -1.4136781E-04
 -1.1987655E-04
 -9.8351142E-05
 -7.6994889E-05
 -5.6102668E-05
 -3.6001526E-05
 -1.6940743E-05
  9.0541926E-07
  1.7384338E-05
  3.2443673E-05
  4.6256089E-05
  5.9127437E-05
  7.1247130E-05
  8.2637016E-05
  9.3342955E-05
  1.0348715E-04
  1.1304285E-04
  1.2172385E-04
  1.2923070E-04
  1.3547110E-04
  1.4038471E-04
  1.4369939E-04
  1.4511758E-04
  1.4470675E-04
  1.4283444E-04
  1.3962574E-04
  1.3466305E-04
  1.2735662E-04
  1.1756056E-04
  1.0579920E-04
  9.3001981E-05
  8.0068225E-05
  6.7533168E-05
  5.5442863E-05
  4.3469430E-05
  3.1183605E-05
  1.8303817E-05
  4.8253842E-06
 -8.9387322E-06
 -2.2390866E-05
 -3.4754932E-05
 -4.5162586E-05
 -5.2693467E-05
 -5.6604895E-05
 -5.6889774E-05
 -5.4694341E-05
 -5.1914878E-05
 -5.0115144E-05
 -4.9791906E-05
 -5.0631723E-05
 -5.2213025E-05
 -5.4286877E-05
 -5.6613670E-05
 -5.8909212E-05
 -6.1005303E-05
 -6.2850413E-05
 -6.4307584E-05
 -6.5139451E-05
 -6.5271095E-05
 -6.4940621E-05
 -6.4546926E-05
 -6.4497224E-05
 -6.5272325E-05
 -6.7477617E-05
 -7.1657923E-05
 -7.8057543E-05
 -8.6563457E-05
 -9.6752308E-05
 -1.0790029E-04
 -1.1906019E-04
 -1.2930436E-04
 -1.3795005E-04
 -1.4457405E-04
 -1.4893099E-04
 -1.5095431E-04
 -1.5075831E-04
 -1.4851210E-04
 -1.4432466E-04
 -1.3832697E-04
 -1.3082776E-04
 -1.2230175E-04
 -1.1138027E-09
 -4.2915715E-09
 -6.9721255E-09
 -6.9469559E-09
 -6.8930399E-09
 -9.1486028E-09
 -1.1011278E-08
 -1.0073569E-08
 -9.1486365E-09
 -1.0823779E-08
 -1.2293403E-08
 -1.0902633E-08
 -9.5486659E-09
 -1.1028564E-08
 -1.2395740E-08
 -1.0735994E-08
 -9.0788301E-09
 -1.0499181E-08
 -1.1914867E-08
 -1.0091791E-08
 -8.1435418E-09
 -9.4290549E-09
 -1.0765001E-08
 -8.6447152E-09
 -6.3328001E-09
 -7.5239823E-09
 -8.9223402E-09
 -6.7047021E-09
 -4.2813091E-09
 -5.7027596E-09
 -7.5333881E-09
 -5.5665050E-09
 -3.3314502E-09
 -5.2606257E-09
 -7.7958893E-09
 -6.3516796E-09
 -4.6156261E-09
 -7.4387074E-09
 -1.1074386E-08
 -1.0391412E-08
 -9.0717514E-09
 -1.2267209E-08
 -1.5952425E-08
 -1.4456411E-08
 -1.1671393E-08
 -1.3418710E-08
 -1.5702302E-08
 -1.2446121E-08
 -7.7692865E-09
 -8.0991107E-09
 -9.3066417E-09
 -4.7341615E-09
  1.3159518E-09
  1.7482580E-09
  8.3176754E-10
  5.9117946E-09
  1.2560371E-08
  1.2980776E-08
  1.1569246E-08
  1.6381476E-08
  2.2832234E-08
  2.2399893E-08
  1.9747247E-08
  2.3838282E-08
  2.9893922E-08
  2.8398807E-08
  2.4115725E-08
  2.7001771E-08
  3.2227369E-08
  2.9376881E-08
  2.3465105E-08
  2.5592852E-08
  3.0775748E-08
  2.7383772E-08
  2.0518321E-08
  2.2474964E-08
  2.8082503E-08
  2.4349276E-08
  1.6509894E-08
  1.8252859E-08
  2.4147296E-08
  1.9543128E-08
  9.8629025E-09
  1.0672140E-08
  1.6594322E-08
  1.1288376E-08
  4.6002802E-10
  1.7386061E-09
  9.4175094E-09
  4.6784456E-09
 -6.5934191E-09
 -4.0696753E-09
  6.3251067E-09
  2.6693665E-09
 -8.9564409E-09
 -4.6715707E-09
  9.3647792E-09
  7.0582811E-09
 -5.1975744E-09
  1.5120456E-09
  2.0521245E-08
  1.9299948E-08
  4.8568025E-09
  1.4448275E-08
  4.0205407E-08
  3.7598781E-08
  1.5627815E-08
  3.0133762E-08
  6.7985738E-08
  4.9009167E-08
  9.9111279E-09
  1.9318503E-07
  8.4772569E-07
  1.9762392E-06
  3.3574233E-06
  4.7819781E-06
  6.1839373E-06
  7.5679882E-06
  8.9163614E-06
  1.0200949E-05
  1.1426760E-05
  1.2623655E-05
  1.3815578E-05
  1.5014668E-05
  1.6233405E-05
  1.7496133E-05
  1.8844201E-05
  2.0327645E-05
  2.1993226E-05
  2.3896084E-05
  2.6124382E-05
  2.8791828E-05
  3.2004253E-05
  3.5855293E-05
  4.0445746E-05
  4.5861259E-05
  5.2111893E-05
  5.9107228E-05
  6.6667388E-05
  7.4499352E-05
  8.2156577E-05
  8.9077694E-05
  9.4696057E-05
  9.8521479E-05
  1.0020241E-04
  9.9646240E-05
  9.7111180E-05
  9.3092967E-05
  8.8068446E-05
  8.2364553E-05
  7.6216900E-05
  6.9813817E-05
  6.3247062E-05
  5.6528675E-05
  4.9710507E-05
  4.2916945E-05
  3.6245641E-05
  2.9736206E-05
  2.3461205E-05
  1.7540628E-05
  1.2035115E-05
  6.9295438E-06
  2.2402464E-06
 -1.9890522E-06
 -5.8227670E-06
 -9.4217830E-06
 -1.2859862E-05
 -1.6096783E-05
 -1.9161042E-05
 -2.2180568E-05
 -2.5181338E-05
 -2.8041335E-05
 -3.0703028E-05
 -3.3234071E-05
 -3.5620367E-05
 -3.7731170E-05
 -3.9570215E-05
 -4.1310712E-05
 -4.2982207E-05
 -4.4388391E-05
 -4.5438414E-05
 -4.6261179E-05
 -4.6888941E-05
 -4.7196310E-05
 -4.7291487E-05
 -4.7527647E-05
 -4.7924310E-05
 -4.8075348E-05
 -4.7886562E-05
 -4.7811012E-05
 -4.8011720E-05
 -4.8029382E-05
 -4.7787293E-05
 -4.7995651E-05
 -4.8745649E-05
 -4.8966933E-05
 -4.9128350E-05
 -5.3826872E-05
 -6.9054287E-05
 -9.5871495E-05
 -1.2828667E-04
 -1.5832916E-04
 -1.8205501E-04
 -1.9996389E-04
 -2.1352716E-04
 -2.2345754E-04
 -2.3064839E-04
 -2.3654164E-04
 -2.4204576E-04
 -2.4723585E-04
 -2.5239043E-04
 -2.5839929E-04
 -2.6598250E-04
 -2.7543382E-04
 -2.8745001E-04
 -3.0350321E-04
 -3.2512276E-04
 -3.5338633E-04
 -3.8922724E-04
 -4.3346232E-04
 -4.8608315E-04
 -5.4590404E-04
 -6.1098766E-04
 -6.7870115E-04
 -7.4492296E-04
 -8.0367725E-04
 -8.4806950E-04
 -8.7153184E-04
 -8.6827599E-04
 -8.3343260E-04
 -7.6382054E-04
 -6.5920106E-04
 -5.2322255E-04
 -3.6353746E-04
 -1.9072159E-04
 -1.5875719E-05
  1.5209589E-04
  3.0780758E-04
  4.4876841E-04
  5.7401560E-04
  6.8323873E-04
  7.7643158E-04
  8.5372018E-04
  9.1540132E-04
  9.6208212E-04
  9.9452015E-04
  1.0133224E-03
  1.0191398E-03
  1.0132144E-03
  9.9736592E-04
  9.7333133E-04
  9.4244059E-04
  9.0596464E-04
  8.6527056E-04
  8.2137960E-04
  7.7473576E-04
  7.2564330E-04
  6.7461253E-04
  6.2208273E-04
  5.6817936E-04
  5.1303749E-04
  4.5711856E-04
  4.0103312E-04
  3.4540184E-04
  2.9114581E-04
  2.3957164E-04
  1.9180861E-04
  1.4830963E-04
  1.0906440E-04
  7.3995034E-05
  4.2892167E-05
  1.5266634E-05
 -9.3964481E-06
 -3.1399926E-05
 -5.1053998E-05
 -6.8874149E-05
 -8.5286709E-05
 -1.0032881E-04
 -1.1385333E-04
 -1.2579966E-04
 -1.3604536E-04
 -1.4426283E-04
 -1.5021775E-04
 -1.5402459E-04
 -1.5588854E-04
 -1.5583256E-04
 -1.5392074E-04
 -1.5050400E-04
 -1.4597375E-04
 -1.4049943E-04
 -1.3426904E-04
 -1.2774208E-04
 -1.2135965E-04
 -1.1520919E-04
 -1.0926740E-04
 -1.0378630E-04
 -9.9166849E-05
 -9.5643714E-05
 -9.3349656E-05
 -9.2458416E-05
 -9.2951850E-05
 -9.4422736E-05
 -9.6388438E-05
 -9.8633041E-05
 -1.0101792E-04
 -1.0321342E-04
 -1.0492788E-04
 -1.0619282E-04
 -1.0712302E-04
 -1.0759991E-04
 -1.0747964E-04
 -1.0688286E-04
 -1.0595533E-04
 -1.0455029E-04
 -1.0246660E-04
 -9.9793258E-05
 -9.6700285E-05
 -9.3108785E-05
 -8.8910325E-05
 -8.4312545E-05
 -7.9636658E-05
 -7.4986405E-05
 -7.0458402E-05
 -6.6453249E-05
 -6.3400032E-05
 -6.1359126E-05
 -6.0238388E-05
 -6.0167164E-05
 -6.1263541E-05
 -6.3244443E-05
 -6.5677188E-05
 -6.8435373E-05
 -7.1521674E-05
 -7.4658456E-05
 -7.7491932E-05
 -8.0026497E-05
 -8.2432518E-05
 -8.4597246E-05
 -8.6289612E-05
 -8.7588465E-05
 -8.8701905E-05
 -8.9523106E-05
 -8.9805813E-05
 -8.9620189E-05
 -8.9191773E-05
 -8.8451634E-05
 -8.7199231E-05
 -8.5551168E-05
 -8.3766543E-05
 -8.1783306E-05
 -7.9394144E-05
 -7.6723874E-05
 -7.4053482E-05
 -7.1324626E-05
 -6.8304951E-05
 -6.5089269E-05
 -6.1936225E-05
 -5.8759717E-05
 -5.5296630E-05
 -5.1636023E-05
 -4.8062691E-05
 -4.4521752E-05
 -4.0773906E-05
 -3.6940550E-05
 -3.3343866E-05
 -2.9937582E-05
 -2.6453823E-05
 -2.2982840E-05
 -1.9833264E-05
 -1.6943006E-05
 -1.4017423E-05
 -1.1133196E-05
 -8.6023283E-06
 -6.3471298E-06
 -4.0256264E-06
 -1.6758590E-06
  3.8933467E-07
  2.2284103E-06
  4.1695857E-06
  6.1546548E-06
  7.8380672E-06
  9.2602677E-06
  1.0759206E-05
  1.2286434E-05
  1.3489627E-05
  1.4409354E-05
  1.5402336E-05
  1.6430515E-05
  1.7132199E-05
  1.7549557E-05
  1.8065395E-05
  1.8659406E-05
  1.8962030E-05
  1.9012572E-05
  1.9212493E-05
  1.9550891E-05
  1.9643767E-05
  1.9526833E-05
  1.9625284E-05
  1.9941490E-05
  2.0072501E-05
  2.0036803E-05
  2.0262734E-05
  2.0739342E-05
  2.1017739E-05
  2.1086842E-05
  2.1391692E-05
  2.1935515E-05
  2.2234955E-05
  2.2230273E-05
  2.2359905E-05
  2.2662276E-05
  2.2703929E-05
  2.2481863E-05
  2.2479189E-05
  2.2727168E-05
  2.2740755E-05
  2.2486356E-05
  2.2460756E-05
  2.2697652E-05
  2.2674343E-05
  2.2332377E-05
  2.2190256E-05
  2.2300925E-05
  2.2122838E-05
  2.1585667E-05
  2.1234546E-05
  2.1137579E-05
  2.0722946E-05
  1.9899851E-05
  1.9248195E-05
  1.8881152E-05
  1.8241239E-05
  1.7263816E-05
  1.6597700E-05
  1.6408736E-05
  1.6129385E-05
  1.5673866E-05
  1.5703992E-05
  1.6378464E-05
  1.7051387E-05
  1.7537326E-05
  1.8430253E-05
  1.9815343E-05
  2.0941630E-05
  2.1563974E-05
  2.2323246E-05
  2.3392853E-05
  2.4072011E-05
  2.4155628E-05
  2.4353711E-05
  2.4881554E-05
  2.5007155E-05
  2.4491523E-05
  2.4075283E-05
  2.4013345E-05
  2.3561004E-05
  2.2470169E-05
  2.1531700E-05
  2.1042964E-05
  2.0229405E-05
  1.8808374E-05
  1.7600825E-05
  1.6931976E-05
  1.5982672E-05
  1.4424782E-05
  1.3110590E-05
  1.2404177E-05
  1.1452592E-05
  9.8890814E-06
  8.6008595E-06
  7.9865231E-06
  7.1439877E-06
  5.6520607E-06
  4.4303583E-06
  3.9208339E-06
  3.1799423E-06
  1.7350595E-06
  5.4261523E-07
  9.5796281E-08
 -5.7932584E-07
 -1.9856066E-06
 -3.0947544E-06
 -3.3294641E-06
 -3.6878057E-06
 -4.7299618E-06
 -5.4038455E-06
 -5.1041579E-06
 -4.9063215E-06
 -5.4606980E-06
 -5.6914441E-06
 -4.9429718E-06
 -4.3449827E-06
 -4.6203772E-06
 -4.6505716E-06
 -3.7108716E-06
 -2.9737992E-06
 -3.2259220E-06
 -3.2909102E-06
 -2.3616435E-06
 -1.6555178E-06
 -2.0337764E-06
 -2.2645809E-06
 -1.4524226E-06
 -8.5998340E-07
 -1.4302238E-06
 -1.8777849E-06
 -1.2174130E-06
 -7.6255026E-07
 -1.5437741E-06
 -2.2147458E-06
 -1.6877256E-06
  1.9628721E-11
  1.4916219E-09
  5.6405716E-09
  9.2379810E-09
  9.4067563E-09
  9.4625374E-09
  1.2435255E-08
  1.4944394E-08
  1.3826332E-08
  1.2560486E-08
  1.4494709E-08
  1.6106560E-08
  1.3928142E-08
  1.1609179E-08
  1.2833759E-08
  1.3911864E-08
  1.1020211E-08
  7.9707974E-09
  8.8091738E-09
  9.6693125E-09
  6.3412626E-09
  2.8138969E-09
  3.5403185E-09
  4.4791615E-09
  9.9926856E-10
 -2.7259053E-09
 -1.7977868E-09
 -4.4648102E-10
 -3.7749830E-09
 -7.4248092E-09
 -6.0147567E-09
 -3.9864041E-09
 -6.9875732E-09
 -1.0497232E-08
 -8.6224201E-09
 -6.0144316E-09
 -8.8611936E-09
 -1.2384390E-08
 -1.0076386E-08
 -6.8619315E-09
 -9.6597432E-09
 -1.3518834E-08
 -1.1214694E-08
 -7.7974072E-09
 -1.0804244E-08
 -1.4992414E-08
 -1.2352841E-08
 -8.1814280E-09
 -1.0870878E-08
 -1.5006520E-08
 -1.1773089E-08
 -6.7355388E-09
 -9.2227523E-09
 -1.3605922E-08
 -1.0116699E-08
 -4.5613584E-09
 -7.2945299E-09
 -1.2449670E-08
 -9.1909245E-09
 -3.6391552E-09
 -7.4185591E-09
 -1.4492914E-08
 -1.2782960E-08
 -8.5847267E-09
 -1.4688600E-08
 -2.4502675E-08
 -2.4141386E-08
 -1.9912495E-08
 -2.6137748E-08
 -3.6053983E-08
 -3.4176065E-08
 -2.7203729E-08
 -3.1453666E-08
 -3.9883332E-08
 -3.4815507E-08
 -2.3276449E-08
 -2.4236995E-08
 -3.0663426E-08
 -2.2272987E-08
 -6.4848589E-09
 -5.6705991E-09
 -1.2488185E-08
 -2.4308031E-09
  1.6800076E-08
  1.7331232E-08
  6.9447674E-09
  1.8215845E-08
  4.2428056E-08
  3.7460339E-08
  1.9287050E-08
  9.2408030E-08
  3.6305633E-07
  8.5716465E-07
  1.5361261E-06
  2.3505347E-06
  3.2593607E-06
  4.2337297E-06
  5.2656933E-06
  6.3547814E-06
  7.4837280E-06
  8.6328473E-06
  9.8108258E-06
  1.1036499E-05
  1.2300903E-05
  1.3589647E-05
  1.4931169E-05
  1.6375614E-05
  1.7940922E-05
  1.9635418E-05
  2.1518921E-05
  2.3679200E-05
  2.6163339E-05
  2.9001787E-05
  3.2281685E-05
  3.6109726E-05
  4.0506824E-05
  4.5421875E-05
  5.0833394E-05
  5.6722311E-05
  6.2921397E-05
  6.9085174E-05
  7.4836331E-05
  7.9877515E-05
  8.3983614E-05
  8.7015214E-05
  8.8976536E-05
  8.9968999E-05
  9.0063360E-05
  8.9287139E-05
  8.7710068E-05
  8.5420928E-05
  8.2431929E-05
  7.8737590E-05
  7.4454052E-05
  6.9751884E-05
  6.4665692E-05
  5.9136244E-05
  5.3217587E-05
  4.7039350E-05
  4.0577474E-05
  3.3704113E-05
  2.6483012E-05
  1.9164121E-05
  1.1857092E-05
  4.4792678E-06
 -2.9413977E-06
 -1.0213952E-05
 -1.7278873E-05
 -2.4232497E-05
 -3.1024210E-05
 -3.7492064E-05
 -4.3691867E-05
 -4.9715338E-05
 -5.5216311E-05
 -5.9801023E-05
 -6.3906904E-05
 -6.8327608E-05
 -7.2723036E-05
 -7.6183322E-05
 -8.0362035E-05
 -9.0549016E-05
 -1.1131804E-04
 -1.4109667E-04
 -1.7275986E-04
 -1.9986081E-04
 -2.2087453E-04
 -2.3734827E-04
 -2.5024582E-04
 -2.5957945E-04
 -2.6611940E-04
 -2.7140349E-04
 -2.7628051E-04
 -2.8078511E-04
 -2.8536978E-04
 -2.9120283E-04
 -2.9927993E-04
 -3.1015297E-04
 -3.2455646E-04
 -3.4350174E-04
 -3.6768627E-04
 -3.9746016E-04
 -4.3332443E-04
 -4.7568468E-04
 -5.2394933E-04
 -5.7637494E-04
 -6.3068152E-04
 -6.8402302E-04
 -7.3224725E-04
 -7.6999550E-04
 -7.9189730E-04
 -7.9319539E-04
 -7.6920219E-04
 -7.1525620E-04
 -6.2830478E-04
 -5.0879782E-04
 -3.6122877E-04
 -1.9348160E-04
 -1.5791204E-05
  1.6086793E-04
  3.2711416E-04
  4.7697010E-04
  6.0782349E-04
  7.1902364E-04
  8.1069407E-04
  8.8338205E-04
  9.3799981E-04
  9.7568479E-04
  9.9777873E-04
  1.0059696E-03
  1.0022862E-03
  9.8880962E-04
  9.6733007E-04
  9.3921967E-04
  9.0559473E-04
  8.6760806E-04
  8.2654878E-04
  7.8360009E-04
  7.3955167E-04
  6.9482002E-04
  6.4962968E-04
  6.0400588E-04
  5.5769552E-04
  5.1035633E-04
  4.6184484E-04
  4.1218789E-04
  3.6141646E-04
  3.0974686E-04
  2.5790956E-04
  2.0699753E-04
  1.5794579E-04
  1.1137215E-04
  6.7841494E-05
  2.7901249E-05
 -8.2013848E-06
 -4.0508450E-05
 -6.9003407E-05
 -9.3612725E-05
 -1.1461867E-04
 -1.3268743E-04
 -1.4833448E-04
 -1.6168039E-04
 -1.7285928E-04
 -1.8229269E-04
 -1.9033764E-04
 -1.9696914E-04
 -2.0203658E-04
 -2.0556158E-04
 -2.0756511E-04
 -2.0787855E-04
 -2.0639380E-04
 -2.0330177E-04
 -1.9886803E-04
 -1.9318184E-04
 -1.8634065E-04
 -1.7867115E-04
 -1.7053388E-04
 -1.6208475E-04
 -1.5344114E-04
 -1.4491135E-04
 -1.3685194E-04
 -1.2945400E-04
 -1.2285526E-04
 -1.1729959E-04
 -1.1299462E-04
 -1.0993965E-04
 -1.0801934E-04
 -1.0709564E-04
 -1.0690746E-04
 -1.0712924E-04
 -1.0769212E-04
 -1.0881098E-04
 -1.1052335E-04
 -1.1244387E-04
 -1.1415025E-04
 -1.1554618E-04
 -1.1664277E-04
 -1.1727556E-04
 -1.1731468E-04
 -1.1691625E-04
 -1.1627776E-04
 -1.1533426E-04
 -1.1394454E-04
 -1.1216630E-04
 -1.1007766E-04
 -1.0751918E-04
 -1.0427764E-04
 -1.0034189E-04
 -9.5725845E-05
 -9.0241781E-05
 -8.3726576E-05
 -7.6318458E-05
 -6.8262576E-05
 -5.9654005E-05
 -5.0659906E-05
 -4.1803825E-05
 -3.3728571E-05
 -2.6827245E-05
 -2.1348618E-05
 -1.7636585E-05
 -1.5931802E-05
 -1.6085665E-05
 -1.7755239E-05
 -2.0719956E-05
 -2.4743047E-05
 -2.9334980E-05
 -3.3989356E-05
 -3.8509563E-05
 -4.2829713E-05
 -4.6711266E-05
 -4.9928036E-05
 -5.2559473E-05
 -5.4771175E-05
 -5.6476063E-05
 -5.7525987E-05
 -5.8043668E-05
 -5.8222675E-05
 -5.7978377E-05
 -5.7141526E-05
 -5.5819663E-05
 -5.4218879E-05
 -5.2291012E-05
 -4.9920101E-05
 -4.7278958E-05
 -4.4625787E-05
 -4.1916683E-05
 -3.8993447E-05
 -3.5978668E-05
 -3.3093380E-05
 -3.0252531E-05
 -2.7241440E-05
 -2.4130954E-05
 -2.1113898E-05
 -1.8094524E-05
 -1.4859087E-05
 -1.1500446E-05
 -8.2540519E-06
 -5.0677127E-06
 -1.7629282E-06
  1.5305486E-06
  4.5410316E-06
  7.3074680E-06
  1.0026151E-05
  1.2600005E-05
  1.4796412E-05
  1.6705557E-05
  1.8575283E-05
  2.0332132E-05
  2.1737955E-05
  2.2878165E-05
  2.4010562E-05
  2.5072921E-05
  2.5838555E-05
  2.6419826E-05
  2.7104183E-05
  2.7823477E-05
  2.8306436E-05
  2.8623679E-05
  2.9045244E-05
  2.9488412E-05
  2.9660998E-05
  2.9631567E-05
  2.9693474E-05
  2.9779989E-05
  2.9591738E-05
  2.9192968E-05
  2.8890236E-05
  2.8625080E-05
  2.8092269E-05
  2.7362237E-05
  2.6768304E-05
  2.6268481E-05
  2.5549851E-05
  2.4679095E-05
  2.4004112E-05
  2.3491371E-05
  2.2821358E-05
  2.2066806E-05
  2.1599144E-05
  2.1387017E-05
  2.1076516E-05
  2.0705347E-05
  2.0628529E-05
  2.0787533E-05
  2.0779604E-05
  2.0612995E-05
  2.0656091E-05
  2.0872410E-05
  2.0863230E-05
  2.0645130E-05
  2.0612088E-05
  2.0740235E-05
  2.0619284E-05
  2.0267553E-05
  2.0109423E-05
  2.0140085E-05
  1.9936206E-05
  1.9507175E-05
  1.9291101E-05
  1.9282188E-05
  1.9025476E-05
  1.8512636E-05
  1.8200599E-05
  1.8095900E-05
  1.7724824E-05
  1.7070757E-05
  1.6616335E-05
  1.6384291E-05
  1.5883292E-05
  1.5091215E-05
  1.4524064E-05
  1.4229516E-05
  1.3702118E-05
  1.2910804E-05
  1.2395933E-05
  1.2215020E-05
  1.1827405E-05
  1.1171235E-05
  1.0795503E-05
  1.0760957E-05
  1.0494641E-05
  9.9162180E-06
  9.6006715E-06
  9.6255953E-06
  9.3914605E-06
  8.8026627E-06
  8.4666308E-06
  8.4850672E-06
  8.2351580E-06
  7.6058495E-06
  7.2351081E-06
  7.2437979E-06
  6.9789685E-06
  6.3091188E-06
  5.8937139E-06
  5.8461455E-06
  5.4471811E-06
  4.5430179E-06
  3.8851335E-06
  3.6973854E-06
  3.2771511E-06
  2.4300209E-06
  1.8917865E-06
  1.8748785E-06
  1.6279632E-06
  9.2160258E-07
  5.1433369E-07
  6.3380270E-07
  4.8372397E-07
 -1.9977756E-07
 -6.2193203E-07
 -5.2054793E-07
 -7.2616774E-07
 -1.5375787E-06
 -2.1309511E-06
 -2.2214449E-06
 -2.6820435E-06
 -3.8298226E-06
 -4.7570752E-06
 -5.0789686E-06
 -5.6432891E-06
 -6.7484311E-06
 -7.4022118E-06
 -7.1586105E-06
 -6.9173057E-06
 -7.0600163E-06
 -6.6208577E-06
 -5.2051132E-06
 -3.8685121E-06
 -3.1436016E-06
 -2.0908474E-06
 -2.9403054E-07
  1.1610648E-06
  1.7432553E-06
  2.5105057E-06
  3.9947481E-06
  5.0957660E-06
  5.2354208E-06
  5.5202486E-06
  6.5383456E-06
  7.1383015E-06
  6.6892567E-06
  6.3716334E-06
  6.8641602E-06
  6.9799908E-06
  6.0285884E-06
  5.2497526E-06
  5.3975332E-06
  5.2306873E-06
  3.9822130E-06
  2.9453658E-06
  2.9476755E-06
  2.6849775E-06
  1.3065930E-06
  1.6649369E-07
  1.7792468E-07
 -2.8513000E-08
 -1.4014231E-06
 -2.5358986E-06
 -2.4392207E-06
 -2.5592665E-06
 -3.9538158E-06
 -5.1591169E-06
 -5.0825047E-06
 -5.2349010E-06
 -6.7658739E-06
 -8.1149501E-06
 -8.0414766E-06
 -8.0907394E-06
 -9.5017213E-06
 -1.0630429E-05
 -1.0123367E-05
 -9.6274443E-06
 -7.5981062E-11
 -6.2736032E-11
  8.1124896E-10
  3.4462508E-09
  8.3803977E-09
  1.5599149E-08
  2.4506948E-08
  3.4421593E-08
  4.5047017E-08
  5.6288624E-08
  6.7815371E-08
  7.9069103E-08
  8.9497000E-08
  9.8477450E-08
  1.0523708E-07
  1.0922080E-07
  1.1044608E-07
  1.0924435E-07
  1.0586618E-07
  1.0063916E-07
  9.4238025E-08
  8.7351410E-08
  8.0207222E-08
  7.2767506E-08
  6.5189148E-08
  5.7698156E-08
  5.0221900E-08
  4.2625452E-08
  3.5203133E-08
  2.8514027E-08
  2.2834454E-08
  1.8143030E-08
  1.4456137E-08
  1.1710397E-08
  9.4457180E-09
  7.0827095E-09
  4.4454689E-09
  1.6249055E-09
 -1.4993020E-09
 -5.1255196E-09
 -9.0739611E-09
 -1.2987371E-08
 -1.6910320E-08
 -2.1206205E-08
 -2.6015149E-08
 -3.1276507E-08
 -3.7146595E-08
 -4.3841670E-08
 -5.1147101E-08
 -5.8623545E-08
 -6.6247331E-08
 -7.4343575E-08
 -8.2976463E-08
 -9.1937096E-08
 -1.0123131E-07
 -1.1099510E-07
 -1.2098238E-07
 -1.3071315E-07
 -1.4009191E-07
 -1.4932978E-07
 -1.5833082E-07
 -1.6675277E-07
 -1.7461321E-07
 -1.8219966E-07
 -1.8938107E-07
 -1.9560682E-07
 -2.0058232E-07
 -2.0437531E-07
 -2.0691205E-07
 -2.0799006E-07
 -2.0774245E-07
 -2.0644812E-07
 -2.0391781E-07
 -1.9970824E-07
 -1.9388497E-07
 -1.8690227E-07
 -1.7880242E-07
 -1.6925904E-07
 -1.5835023E-07
 -1.4651195E-07
 -1.3374815E-07
 -1.1968434E-07
 -1.0441141E-07
 -8.8473044E-08
 -7.2006259E-08
 -5.4735334E-08
 -3.6866933E-08
 -1.9138092E-08
 -1.8837714E-09
  1.5137717E-08
  3.1967812E-08
  4.8382226E-08
  6.4649605E-08
  8.1412111E-08
  9.8670746E-08
  1.1576225E-07
  1.3241713E-07
  1.4890207E-07
  1.6504201E-07
  1.8012885E-07
  1.9395371E-07
  2.0691017E-07
  2.1891262E-07
  2.2926596E-07
  2.3779516E-07
  2.4501776E-07
  2.5097876E-07
  2.5503036E-07
  2.5701212E-07
  2.5749995E-07
  2.5661475E-07
  2.5378438E-07
  2.4899322E-07
  2.4297020E-07
  2.3566626E-07
  2.2577036E-07
  2.1226016E-07
  1.9530904E-07
  1.7526773E-07
  1.5207209E-07
  1.2624450E-07
  9.9209501E-08
  7.1920681E-08
  4.4261149E-08
  1.6306219E-08
 -1.1087675E-08
 -3.7557939E-08
 -6.3831294E-08
 -9.0413053E-08
 -1.1696797E-07
 -1.4367109E-07
 -1.7185933E-07
 -2.0263465E-07
 -2.3616968E-07
 -2.7315036E-07
 -3.1547773E-07
 -3.6458465E-07
 -4.2024763E-07
 -4.8174695E-07
 -5.4866172E-07
 -6.1951096E-07
 -6.9100389E-07
 -7.5968501E-07
 -8.2308259E-07
 -8.7848429E-07
 -9.2231483E-07
 -9.5202211E-07
 -9.6723863E-07
 -9.6802410E-07
 -9.5351027E-07
 -9.2344783E-07
 -8.7941828E-07
 -8.2309305E-07
 -7.5484866E-07
 -6.7553100E-07
 -5.8793614E-07
 -4.9489705E-07
 -3.9744387E-07
 -2.9650903E-07
 -1.9477802E-07
 -9.4889273E-08
  2.7115554E-09
  9.8142920E-08
  1.8984926E-07
  2.7615380E-07
  3.5754493E-07
  4.3499756E-07
  5.0734224E-07
  5.7283347E-07
  6.3203896E-07
  6.8636450E-07
  7.3486001E-07
  7.7559554E-07
  8.0926753E-07
  8.3800467E-07
  8.6124311E-07
  8.7659487E-07
  8.8454192E-07
  8.8797822E-07
  8.8678740E-07
  8.7776050E-07
  8.6110867E-07
  8.4147109E-07
  8.1983086E-07
  7.9095247E-07
  7.5412970E-07
  7.1888132E-07
  6.8782680E-07
  6.3604489E-07
  5.2405591E-07
  3.4116303E-07
  1.2762544E-07
 -5.6807689E-08
 -1.8225269E-07
 -2.5835459E-07
 -3.0290167E-07
 -3.1914590E-07
 -3.0613674E-07
 -2.7275189E-07
 -2.2928580E-07
 -1.7522557E-07
 -1.0750290E-07
 -3.4474269E-08
  2.9870119E-08
  8.0950699E-08
  1.2111056E-07
  1.4505540E-07
  1.3971120E-07
  9.7850688E-08
  2.1418746E-08
 -8.7410037E-08
 -2.2637215E-07
 -3.8289895E-07
 -5.3419649E-07
 -6.5901548E-07
 -7.3954902E-07
 -7.5112411E-07
 -6.6210112E-07
 -4.4782405E-07
 -9.5855484E-08
  4.0281748E-07
  1.0541271E-06
  1.8473415E-06
  2.7511619E-06
  3.7256914E-06
  4.7252679E-06
  5.6860899E-06
  6.5288591E-06
  7.1875652E-06
  7.6301221E-06
  7.8478606E-06
  7.8402245E-06
  7.6200949E-06
  7.2198200E-06
  6.6750708E-06
  6.0064463E-06
  5.2247178E-06
  4.3449704E-06
  3.3852411E-06
  2.3599669E-06
  1.2864763E-06
  1.9134107E-07
 -9.0000020E-07
 -1.9737181E-06
 -3.0197816E-06
 -4.0231098E-06
 -4.9726928E-06
 -5.8701398E-06
 -6.7174151E-06
 -7.5042562E-06
 -8.2196493E-06
 -8.8684174E-06
 -9.4651577E-06
 -1.0019289E-05
 -1.0536888E-05
 -1.1028377E-05
 -1.1501623E-05
 -1.1954637E-05
 -1.2386952E-05
 -1.2810977E-05
 -1.3240576E-05
 -1.3675386E-05
 -1.4106748E-05
 -1.4531262E-05
 -1.4948054E-05
 -1.5349497E-05
 -1.5722158E-05
 -1.6049020E-05
 -1.6307284E-05
 -1.6476786E-05
 -1.6552356E-05
 -1.6528867E-05
 -1.6372105E-05
 -1.6032376E-05
 -1.5497586E-05
 -1.4807090E-05
 -1.4003687E-05
 -1.3102011E-05
 -1.2113314E-05
 -1.1060863E-05
 -9.9515482E-06
 -8.7743638E-06
 -7.5540715E-06
 -6.3672810E-06
 -5.2772698E-06
 -4.2925049E-06
 -3.4138461E-06
 -2.6684786E-06
 -2.0584089E-06
 -1.5290827E-06
 -1.0348051E-06
 -5.8357773E-07
 -1.7402522E-07
  2.4758810E-07
  7.1392242E-07
  1.1890284E-06
  1.6489703E-06
  2.1233977E-06
  2.5921804E-06
  2.9533062E-06
  3.1826423E-06
  3.3883221E-06
  3.6022657E-06
  3.7592731E-06
  4.1668445E-06
  5.7864590E-06
  9.5221203E-06
  1.5092114E-05
  2.0961381E-05
  2.5595562E-05
  2.8572675E-05
  3.0381980E-05
  3.1518943E-05
  3.2108219E-05
  3.2185206E-05
  3.1919546E-05
  3.1508760E-05
  3.1053194E-05
  3.0569874E-05
  3.0059175E-05
  2.9646913E-05
  2.9757955E-05
  3.1019623E-05
  3.3857050E-05
  3.8284175E-05
  4.4154851E-05
  5.1391638E-05
  5.9828904E-05
  6.9108282E-05
  7.8943158E-05
  8.9163485E-05
  9.9187484E-05
  1.0783839E-04
  1.1421154E-04
  1.1837382E-04
  1.2036635E-04
  1.1852424E-04
  1.0971167E-04
  9.1738846E-05
  6.5204425E-05
  3.2860058E-05
 -2.1271417E-06
 -3.6916339E-05
 -6.8926456E-05
 -9.6261589E-05
 -1.1840568E-04
 -1.3598340E-04
 -1.4971913E-04
 -1.5989502E-04
 -1.6666115E-04
 -1.7032848E-04
 -1.7124561E-04
 -1.6978920E-04
 -1.6666153E-04
 -1.6297148E-04
 -1.5991091E-04
 -1.5848539E-04
 -1.5948365E-04
 -1.6335433E-04
 -1.6997593E-04
 -1.7874871E-04
 -1.8899138E-04
 -2.0006955E-04
 -2.1112103E-04
 -2.2093421E-04
 -2.2825121E-04
 -2.3206641E-04
 -2.3161648E-04
 -2.2635151E-04
 -2.1609318E-04
 -2.0107796E-04
 -1.8168319E-04
 -1.5813822E-04
 -1.3048336E-04
 -9.8625373E-05
 -6.2388113E-05
 -2.1762573E-05
  2.2663833E-05
  6.9558220E-05
  1.1718911E-04
  1.6385622E-04
  2.0801506E-04
  2.4828163E-04
  2.8360609E-04
  3.1345271E-04
  3.3769585E-04
  3.5631843E-04
  3.6919859E-04
  3.7610013E-04
  3.7687723E-04
  3.7184532E-04
  3.6197435E-04
  3.4847658E-04
  3.3203047E-04
  3.1255421E-04
  2.8992255E-04
  2.6479622E-04
  2.3854691E-04
  2.1241547E-04
  1.8690695E-04
  1.6193613E-04
  1.3731379E-04
  1.1301939E-04
  8.9171554E-05
  6.5896704E-05
  4.3271557E-05
  2.1423766E-05
  7.1004479E-07
 -1.8286644E-05
 -3.5049936E-05
 -4.9400347E-05
 -6.1375555E-05
 -7.0879680E-05
 -7.7641263E-05
 -8.1638937E-05
 -8.3496481E-05
 -8.4314655E-05
 -8.5044223E-05
 -8.6008862E-05
 -8.6988279E-05
 -8.7664928E-05
 -8.7928231E-05
 -8.7807945E-05
 -8.7264700E-05
 -8.6141750E-05
 -8.4283238E-05
 -8.1631617E-05
 -7.8225064E-05
 -7.4127172E-05
 -6.9287045E-05
 -6.3396983E-05
 -5.5982127E-05
 -4.6797963E-05
 -3.6149835E-05
 -2.4707933E-05
 -1.3012210E-05
 -1.2782102E-06
  1.0332116E-05
  2.1438827E-05
  3.1518714E-05
  4.0124345E-05
  4.6952853E-05
  5.1796040E-05
  5.4493416E-05
  5.4867276E-05
  5.2684722E-05
  4.7802354E-05
  4.0407143E-05
  3.1032214E-05
  2.0334202E-05
  9.0156473E-06
 -1.9953902E-06
 -1.1534709E-05
 -1.8626355E-05
 -2.2951062E-05
 -2.4879611E-05
 -2.5161058E-05
 -2.4635390E-05
 -2.4051986E-05
 -2.3907931E-05
 -2.4402358E-05
 -2.5593738E-05
 -2.7563832E-05
 -3.0395098E-05
 -3.4083980E-05
 -3.8545859E-05
 -4.3603704E-05
 -4.8886923E-05
 -5.3859858E-05
 -5.8096739E-05
 -6.1493702E-05
 -6.4140848E-05
 -6.6080953E-05
 -6.7299952E-05
 -6.7855603E-05
 -6.7858200E-05
 -6.7351160E-05
 -6.6320237E-05
 -6.4793698E-05
 -6.2847714E-05
 -6.0547492E-05
 -5.7946563E-05
 -5.5082630E-05
 -5.1910338E-05
 -4.8327875E-05
 -4.4365359E-05
 -4.0272960E-05
 -3.6332181E-05
 -3.2657874E-05
 -2.9272951E-05
 -2.6274074E-05
 -2.3793977E-05
 -2.1869113E-05
 -2.0460246E-05
 -1.9534840E-05
 -1.9016941E-05
 -1.8737172E-05
 -1.8575040E-05
 -1.8609162E-05
 -1.9007020E-05
 -1.9794725E-05
 -2.0819258E-05
 -2.1890410E-05
 -2.2905777E-05
 -2.3949773E-05
 -2.5378653E-05
 -2.7697561E-05
 -3.1194100E-05
 -3.5717443E-05
 -4.0871015E-05
 -4.6288995E-05
 -5.1598487E-05
 -1.1771882E-09
 -4.8786410E-09
 -8.3783034E-09
 -7.9466540E-09
 -5.8025407E-09
 -5.9595124E-09
 -6.3549375E-09
 -3.1844931E-09
  9.0187602E-10
  1.3665382E-09
  4.3971385E-10
  2.4651676E-09
  4.9017514E-09
  3.1459002E-09
 -1.1774803E-10
  1.5980439E-11
  8.7518354E-10
 -2.5170706E-09
 -7.2139206E-09
 -7.8713427E-09
 -7.4609314E-09
 -1.1483015E-08
 -1.6740842E-08
 -1.7399747E-08
 -1.6743511E-08
 -2.0808752E-08
 -2.6075003E-08
 -2.6210598E-08
 -2.5035764E-08
 -2.9376469E-08
 -3.5300996E-08
 -3.5501376E-08
 -3.3747241E-08
 -3.7269761E-08
 -4.1809024E-08
 -3.9783597E-08
 -3.5914454E-08
 -3.8378552E-08
 -4.2307612E-08
 -3.9264236E-08
 -3.4631999E-08
 -3.7401740E-08
 -4.1793701E-08
 -3.8299000E-08
 -3.3160603E-08
 -3.6430766E-08
 -4.1293582E-08
 -3.7009130E-08
 -3.0870478E-08
 -3.4091759E-08
 -3.8438515E-08
 -3.1700402E-08
 -2.2653637E-08
 -2.4015563E-08
 -2.5649740E-08
 -1.3368558E-08
  2.1875857E-09
  6.1962053E-09
  1.0510254E-08
  3.0424708E-08
  5.1322687E-08
  5.5053537E-08
  5.6577683E-08
  7.4440344E-08
  9.0859501E-08
  8.5395506E-08
  7.8727354E-08
  9.3708699E-08
  1.0675194E-07
  9.3181661E-08
  8.1557090E-08
  9.9873510E-08
  1.1388704E-07
  9.1957808E-08
  7.6355597E-08
  1.0349446E-07
  1.1955701E-07
  8.1515587E-08
  6.0448940E-08
  1.0786187E-07
  1.2160196E-07
  3.6012235E-08
  1.7679742E-08
  1.4548846E-07
 -7.0544672E-08
 -1.4388020E-06
 -4.2037664E-06
 -7.7270743E-06
 -1.1209743E-05
 -1.4404264E-05
 -1.7387783E-05
 -2.0006528E-05
 -2.1986651E-05
 -2.3422825E-05
 -2.4716104E-05
 -2.6060612E-05
 -2.7349015E-05
 -2.8571827E-05
 -2.9960544E-05
 -3.1700099E-05
 -3.3825421E-05
 -3.6487141E-05
 -4.0048872E-05
 -4.4839297E-05
 -5.1060775E-05
 -5.9016093E-05
 -6.9123380E-05
 -8.1498576E-05
 -9.5643540E-05
 -1.1058454E-04
 -1.2504328E-04
 -1.3732031E-04
 -1.4534591E-04
 -1.4736097E-04
 -1.4280052E-04
 -1.3253007E-04
 -1.1821808E-04
 -1.0142184E-04
 -8.3083025E-05
 -6.3667343E-05
 -4.3611944E-05
 -2.3515622E-05
 -3.9068318E-06
  1.4969190E-05
  3.2979115E-05
  4.9862854E-05
  6.5367625E-05
  7.9501988E-05
  9.2414819E-05
  1.0411181E-04
  1.1455090E-04
  1.2392247E-04
  1.3251555E-04
  1.4035174E-04
  1.4725284E-04
  1.5318103E-04
  1.5814113E-04
  1.6185918E-04
  1.6407872E-04
  1.6519929E-04
  1.6611745E-04
  1.6738617E-04
  1.6902538E-04
  1.7110356E-04
  1.7377839E-04
  1.7673161E-04
  1.7950164E-04
  1.8250885E-04
  1.8629042E-04
  1.8871219E-04
  1.8417279E-04
  1.6752833E-04
  1.3909032E-04
  1.0489859E-04
  7.2193659E-05
  4.5410823E-05
  2.5908172E-05
  1.3471667E-05
  7.0486567E-06
  5.0464032E-06
  6.0685934E-06
  9.1764177E-06
  1.2948973E-05
  1.4628634E-05
  1.0610192E-05
 -2.5467371E-06
 -2.7942835E-05
 -6.8836300E-05
 -1.2882198E-04
 -2.1117365E-04
 -3.1701149E-04
 -4.4238873E-04
 -5.7633885E-04
 -7.0288545E-04
 -8.0683833E-04
 -8.7884738E-04
 -9.1578386E-04
 -9.1767323E-04
 -8.8525808E-04
 -8.1989000E-04
 -7.2440115E-04
 -6.0370105E-04
 -4.6493177E-04
 -3.1664051E-04
 -1.6645495E-04
 -1.8711246E-05
  1.2547300E-04
  2.6554236E-04
  3.9905994E-04
  5.2178930E-04
  6.2965840E-04
  7.2045741E-04
  7.9412840E-04
  8.5191737E-04
  8.9515874E-04
  9.2445686E-04
  9.3973277E-04
  9.4089215E-04
  9.2837127E-04
  9.0314879E-04
  8.6640887E-04
  8.1917486E-04
  7.6215918E-04
  6.9608906E-04
  6.2241225E-04
  5.4363761E-04
  4.6270213E-04
  3.8186403E-04
  3.0220859E-04
  2.2405977E-04
  1.4764559E-04
  7.3475559E-05
  2.4359697E-06
 -6.4344444E-05
 -1.2587430E-04
 -1.8162772E-04
 -2.3144481E-04
 -2.7518292E-04
 -3.1262854E-04
 -3.4371423E-04
 -3.6864899E-04
 -3.8783200E-04
 -4.0172983E-04
 -4.1073814E-04
 -4.1500127E-04
 -4.1447359E-04
 -4.0937480E-04
 -4.0051705E-04
 -3.8896542E-04
 -3.7542201E-04
 -3.6012923E-04
 -3.4327002E-04
 -3.2518973E-04
 -3.0627946E-04
 -2.8693807E-04
 -2.6765533E-04
 -2.4885969E-04
 -2.3063768E-04
 -2.1282204E-04
 -1.9538050E-04
 -1.7851891E-04
 -1.6241698E-04
 -1.4710543E-04
 -1.3261742E-04
 -1.1901720E-04
 -1.0623189E-04
 -9.4054594E-05
 -8.2328144E-05
 -7.0920789E-05
 -5.9537844E-05
 -4.7834168E-05
 -3.5787773E-05
 -2.3764236E-05
 -1.2176594E-05
 -1.2740952E-06
  8.7470853E-06
  1.7699973E-05
  2.5542025E-05
  3.2320935E-05
  3.7910038E-05
  4.2010837E-05
  4.4503267E-05
  4.5616773E-05
  4.5698849E-05
  4.4990633E-05
  4.3661865E-05
  4.1854411E-05
  3.9617120E-05
  3.6967413E-05
  3.4066383E-05
  3.1172662E-05
  2.8403527E-05
  2.5713849E-05
  2.3104516E-05
  2.0637190E-05
  1.8228457E-05
  1.5652189E-05
  1.2777688E-05
  9.5999940E-06
  6.0333332E-06
  1.9319773E-06
 -2.6298035E-06
 -7.3262863E-06
 -1.1879857E-05
 -1.6184003E-05
 -2.0112802E-05
 -2.3464494E-05
 -2.6152680E-05
 -2.8217346E-05
 -2.9587869E-05
 -3.0067327E-05
 -2.9612209E-05
 -2.8403651E-05
 -2.6590522E-05
 -2.4187300E-05
 -2.1262213E-05
 -1.7974759E-05
 -1.4370928E-05
 -1.0387094E-05
 -6.1125711E-06
 -1.8025498E-06
  2.4194851E-06
  6.6179700E-06
  1.0759471E-05
  1.4643676E-05
  1.8179157E-05
  2.1452744E-05
  2.4457755E-05
  2.7033260E-05
  2.9150053E-05
  3.0978055E-05
  3.2588789E-05
  3.3868324E-05
  3.4803037E-05
  3.5562571E-05
  3.6210859E-05
  3.6622831E-05
  3.6777299E-05
  3.6839712E-05
  3.6861660E-05
  3.6695994E-05
  3.6306174E-05
  3.5856447E-05
  3.5395053E-05
  3.4758265E-05
  3.3895973E-05
  3.2979449E-05
  3.2076419E-05
  3.1039406E-05
  2.9831599E-05
  2.8635895E-05
  2.7516813E-05
  2.6305084E-05
  2.4946705E-05
  2.3630959E-05
  2.2438444E-05
  2.1204422E-05
  1.9871948E-05
  1.8632090E-05
  1.7565035E-05
  1.6494560E-05
  1.5353338E-05
  1.4334358E-05
  1.3517804E-05
  1.2710717E-05
  1.1825745E-05
  1.1050974E-05
  1.0468634E-05
  9.8793889E-06
  9.1881266E-06
  8.5857519E-06
  8.1597364E-06
  7.7101895E-06
  7.1488216E-06
  6.6879566E-06
  6.4284832E-06
  6.1575865E-06
  5.7669240E-06
  5.4669322E-06
  5.3671274E-06
  5.2566988E-06
  5.0301069E-06
  4.9098289E-06
  5.0072067E-06
  5.0873582E-06
  5.0166491E-06
  5.0103108E-06
  5.1803945E-06
  5.2805008E-06
  5.1672496E-06
  5.0677045E-06
  5.1128036E-06
  5.0621729E-06
  4.7794802E-06
  4.5162897E-06
  4.4250214E-06
  4.2616389E-06
  3.8806161E-06
  3.5436999E-06
  3.4153932E-06
  3.2405674E-06
  2.8559834E-06
  2.5237271E-06
  2.4108895E-06
  2.2459153E-06
  1.8520221E-06
  1.5063994E-06
  1.3961454E-06
  1.2418917E-06
  8.4912676E-07
  4.9947437E-07
  3.9215172E-07
  2.3983728E-07
 -1.6293598E-07
 -5.2156020E-07
 -6.2042614E-07
 -7.5648336E-07
 -1.1494966E-06
 -1.4925643E-06
 -1.5528344E-06
 -1.6378260E-06
 -1.9842018E-06
 -2.2750237E-06
 -2.2627228E-06
 -2.2693196E-06
 -2.5512118E-06
 -2.7804113E-06
 -2.6923331E-06
 -2.6244963E-06
 -2.8566251E-06
 -3.0511546E-06
 -2.9241387E-06
 -2.8243219E-06
 -3.0495894E-06
 -3.2473210E-06
 -3.1113545E-06
 -3.0034075E-06
 -3.2423832E-06
 -3.4599411E-06
 -3.3246538E-06
 -3.2099422E-06
 -3.4565335E-06
 -3.6812223E-06
 -3.5290691E-06
 -3.3889492E-06
 -3.6259828E-06
 -3.8407097E-06
 -3.6528199E-06
 -3.4687141E-06
 -3.6818658E-06
 -3.8784483E-06
 -3.6535703E-06
 -3.4322734E-06
 -3.6348995E-06
 -3.8287671E-06
 -3.5821736E-06
 -3.3386925E-06
 -3.5407024E-06
 -3.7321636E-06
 -3.4638697E-06
 -3.1984896E-06
 -3.3243809E-06
 -3.1903332E-06
 -2.1932660E-06
 -9.2568075E-07
 -1.3923443E-07
  5.1941566E-07
  1.5988070E-06
  2.6166249E-06
  2.9646237E-06
  3.1252016E-06
  3.7344530E-06
  4.3338659E-06
  4.3216060E-06
  4.2242959E-06
  4.7161307E-06
  5.3070598E-06
  5.3478216E-06
  5.3865197E-06
  6.1463575E-06
  7.1323129E-06
  7.6803881E-06
  8.3898412E-06
  1.0029647E-05
  1.2031637E-05
  1.3586723E-05
  1.5189594E-05
  1.7515178E-05
  1.9833460E-05
  2.1185548E-05
  2.2053278E-05
  2.3174791E-05
  2.3821991E-05
  2.3007011E-05
  2.1252479E-05
  1.9351841E-05
  1.6568318E-05
  1.1984132E-05
  6.4565579E-06
  1.2727919E-06
 -3.9258812E-06
 -9.8798309E-06
 -1.5684727E-05
 -2.0169260E-05
 -2.4008725E-05
 -2.8268109E-05
 -3.2156644E-05
 -3.4501663E-05
 -3.6085559E-05
 -3.8134585E-05
 -3.9874103E-05
 -4.0060582E-05
 -3.9521248E-05
 -3.9596893E-05
 -3.9515136E-05
 -3.7987491E-05
 -3.5927329E-05
 -3.4793520E-05
 -3.3749595E-05
 -3.1357042E-05
 -2.8532877E-05
 -2.6823542E-05
 -2.5343508E-05
 -2.2552978E-05
 -1.9431118E-05
 -1.7630578E-05
 -1.6165592E-05
 -1.3312083E-05
 -1.0062484E-05
 -8.1824528E-06
 -6.6323828E-06
 -3.5821108E-06
  5.3822968E-10
  2.5470688E-09
  6.1001071E-09
  1.0470552E-08
  1.4794975E-08
  1.8270303E-08
  2.0438929E-08
  2.1245933E-08
  2.0858035E-08
  1.9556181E-08
  1.7764876E-08
  1.5948803E-08
  1.4356795E-08
  1.2959791E-08
  1.1671336E-08
  1.0492081E-08
  9.4108836E-09
  8.3591685E-09
  7.3777207E-09
  6.7022721E-09
  6.5874053E-09
  7.1404429E-09
  8.3621448E-09
  1.0179865E-08
  1.2343965E-08
  1.4439411E-08
  1.6121742E-08
  1.7258616E-08
  1.7803822E-08
  1.7700618E-08
  1.6996234E-08
  1.5879410E-08
  1.4468844E-08
  1.2672207E-08
  1.0334938E-08
  7.3894415E-09
  3.7792205E-09
 -5.8966043E-10
 -5.6953704E-09
 -1.1339920E-08
 -1.7362952E-08
 -2.3799810E-08
 -3.0746573E-08
 -3.8213955E-08
 -4.6189903E-08
 -5.4663840E-08
 -6.3475348E-08
 -7.2300878E-08
 -8.0895617E-08
 -8.9198409E-08
 -9.7146220E-08
 -1.0461592E-07
 -1.1163774E-07
 -1.1838367E-07
 -1.2476357E-07
 -1.3026437E-07
 -1.3437932E-07
 -1.3699454E-07
 -1.3819407E-07
 -1.3794210E-07
 -1.3618754E-07
 -1.3305936E-07
 -1.2869941E-07
 -1.2306580E-07
 -1.1612335E-07
 -1.0806331E-07
 -9.9127440E-08
 -8.9387726E-08
 -7.8899589E-08
 -6.7879384E-08
 -5.6505634E-08
 -4.4703693E-08
 -3.2296935E-08
 -1.9153150E-08
 -5.0033426E-09
  1.0587265E-08
  2.7757876E-08
  4.6038604E-08
  6.4725086E-08
  8.3343622E-08
  1.0152321E-07
  1.1871816E-07
  1.3443007E-07
  1.4852660E-07
  1.6102842E-07
  1.7175893E-07
  1.8049641E-07
  1.8727560E-07
  1.9223455E-07
  1.9535739E-07
  1.9667497E-07
  1.9652421E-07
  1.9529709E-07
  1.9311766E-07
  1.9004891E-07
  1.8638033E-07
  1.8237738E-07
  1.7796360E-07
  1.7298157E-07
  1.6754271E-07
  1.6178190E-07
  1.5551566E-07
  1.4852843E-07
  1.4098264E-07
  1.3317002E-07
  1.2507620E-07
  1.1657606E-07
  1.0783808E-07
  9.9129515E-08
  9.0425821E-08
  8.1624293E-08
  7.2956979E-08
  6.4767775E-08
  5.6984657E-08
  4.9095032E-08
  4.0426599E-08
  3.0184427E-08
  1.7573935E-08
  2.3509550E-09
 -1.4932979E-08
 -3.3529282E-08
 -5.3035141E-08
 -7.3074808E-08
 -9.2949911E-08
 -1.1213518E-07
 -1.3077896E-07
 -1.4923944E-07
 -1.6749415E-07
 -1.8550605E-07
 -2.0379510E-07
 -2.2311950E-07
 -2.4396758E-07
 -2.6692396E-07
 -2.9319258E-07
 -3.2421292E-07
 -3.6107210E-07
 -4.0468615E-07
 -4.5593703E-07
 -5.1485841E-07
 -5.7997374E-07
 -6.4894277E-07
 -7.1938211E-07
 -7.8852207E-07
 -8.5277111E-07
 -9.0857958E-07
 -9.5348406E-07
 -9.8576675E-07
 -1.0037191E-06
 -1.0060720E-06
 -9.9265901E-07
 -9.6383189E-07
 -9.1966990E-07
 -8.6054229E-07
 -7.8795279E-07
 -7.0402524E-07
 -6.1063531E-07
 -5.0975746E-07
 -4.0399422E-07
 -2.9583970E-07
 -1.8691981E-07
 -7.8692899E-08
  2.6814455E-08
  1.2781500E-07
  2.2356703E-07
  3.1352542E-07
  3.9650735E-07
  4.7159818E-07
  5.3899777E-07
  5.9901481E-07
  6.5115819E-07
  6.9518421E-07
  7.3199317E-07
  7.6245732E-07
  7.8645894E-07
  8.0407921E-07
  8.1643628E-07
  8.2425021E-07
  8.2697352E-07
  8.2443671E-07
  8.1775983E-07
  8.0752096E-07
  7.9289873E-07
  7.7383493E-07
  7.5191321E-07
  7.2785048E-07
  7.0064351E-07
  6.7050644E-07
  6.3958169E-07
  6.0829217E-07
  5.7476240E-07
  5.3946906E-07
  5.0559549E-07
  4.7281193E-07
  4.3740732E-07
  4.0155015E-07
  3.7202406E-07
  3.4108731E-07
  2.7889240E-07
  1.6140196E-07
  4.0605812E-09
 -1.4668082E-07
 -2.5623646E-07
 -3.2391799E-07
 -3.6314262E-07
 -3.7807646E-07
 -3.6776163E-07
 -3.3840726E-07
 -2.9825787E-07
 -2.4737105E-07
 -1.8309339E-07
 -1.1070549E-07
 -3.9692591E-08
  2.6235249E-08
  8.6995250E-08
  1.3748726E-07
  1.6892690E-07
  1.7630566E-07
  1.5809006E-07
  1.1182062E-07
  3.7339156E-08
 -5.7383225E-08
 -1.5940829E-07
 -2.5726672E-07
 -3.3850210E-07
 -3.8390922E-07
 -3.7110431E-07
 -2.8224912E-07
 -1.0283971E-07
  1.8392224E-07
  5.9364788E-07
  1.1315481E-06
  1.7907774E-06
  2.5557058E-06
  3.3975068E-06
  4.2661900E-06
  5.0959520E-06
  5.8245569E-06
  6.4088385E-06
  6.8263635E-06
  7.0709252E-06
  7.1496243E-06
  7.0794699E-06
  6.8808890E-06
  6.5709974E-06
  6.1601977E-06
  5.6537465E-06
  5.0578983E-06
  4.3853038E-06
  3.6530257E-06
  2.8762220E-06
  2.0675257E-06
  1.2418133E-06
  4.1536234E-07
 -4.0127560E-07
 -1.2040957E-06
 -1.9880617E-06
 -2.7446854E-06
 -3.4681400E-06
 -4.1564690E-06
 -4.8052648E-06
 -5.4087641E-06
 -5.9697509E-06
 -6.4992100E-06
 -7.0029250E-06
 -7.4779214E-06
 -7.9250167E-06
 -8.3529958E-06
 -8.7655217E-06
 -9.1566135E-06
 -9.5254481E-06
 -9.8822647E-06
 -1.0231533E-05
 -1.0563052E-05
 -1.0869031E-05
 -1.1154670E-05
 -1.1418908E-05
 -1.1639014E-05
 -1.1790462E-05
 -1.1871359E-05
 -1.1891461E-05
 -1.1845857E-05
 -1.1713699E-05
 -1.1474616E-05
 -1.1115468E-05
 -1.0634547E-05
 -1.0054277E-05
 -9.4168681E-06
 -8.7507342E-06
 -8.0523350E-06
 -7.3149927E-06
 -6.5596328E-06
 -5.8198420E-06
 -5.1139841E-06
 -4.4524336E-06
 -3.8545350E-06
 -3.3348049E-06
 -2.8878194E-06
 -2.5077074E-06
 -2.2021427E-06
 -1.9633303E-06
 -1.7500334E-06
 -1.5280324E-06
 -1.3034503E-06
 -1.0860795E-06
 -8.5415104E-07
 -5.9684328E-07
 -3.5425910E-07
 -1.6199067E-07
  5.0890776E-09
  1.6900151E-07
  2.7921624E-07
  3.1847958E-07
  4.7539595E-07
  1.1136395E-06
  2.5552292E-06
  4.9528771E-06
  8.3013520E-06
  1.2365782E-05
  1.6544820E-05
  2.0025625E-05
  2.2295322E-05
  2.3481574E-05
  2.4089273E-05
  2.4461229E-05
  2.4613921E-05
  2.4523084E-05
  2.4343886E-05
  2.4265399E-05
  2.4290008E-05
  2.4313180E-05
  2.4421754E-05
  2.5019956E-05
  2.6609832E-05
  2.9471979E-05
  3.3592863E-05
  3.8859358E-05
  4.5207569E-05
  5.2524141E-05
  6.0496430E-05
  6.8670837E-05
  7.6589742E-05
  8.3716710E-05
  8.9267443E-05
  9.2323324E-05
  9.2151349E-05
  8.8245564E-05
  8.0090867E-05
  6.7263696E-05
  4.9987877E-05
  2.9319943E-05
  6.4853321E-06
 -1.7766817E-05
 -4.2800657E-05
 -6.7282359E-05
 -8.9302528E-05
 -1.0748315E-04
 -1.2165293E-04
 -1.3232922E-04
 -1.3990131E-04
 -1.4453493E-04
 -1.4653173E-04
 -1.4638032E-04
 -1.4453426E-04
 -1.4142045E-04
 -1.3764194E-04
 -1.3396361E-04
 -1.3108674E-04
 -1.2953093E-04
 -1.2962405E-04
 -1.3140569E-04
 -1.3456703E-04
 -1.3864867E-04
 -1.4329253E-04
 -1.4820372E-04
 -1.5296407E-04
 -1.5708357E-04
 -1.6020992E-04
 -1.6209616E-04
 -1.6235090E-04
 -1.6039390E-04
 -1.5569288E-04
 -1.4790973E-04
 -1.3681798E-04
 -1.2227948E-04
 -1.0439221E-04
 -8.3509687E-05
 -5.9981146E-05
 -3.3923086E-05
 -5.3072290E-06
  2.5783716E-05
  5.9004309E-05
  9.3709728E-05
  1.2894426E-04
  1.6351383E-04
  1.9619541E-04
  2.2594427E-04
  2.5195844E-04
  2.7366390E-04
  2.9073143E-04
  3.0307673E-04
  3.1075478E-04
  3.1381939E-04
  3.1230703E-04
  3.0638071E-04
  2.9649009E-04
  2.8335105E-04
  2.6768554E-04
  2.4993028E-04
  2.3025183E-04
  2.0891320E-04
  1.8657354E-04
  1.6411065E-04
  1.4213676E-04
  1.2077214E-04
  9.9896068E-05
  7.9508820E-05
  5.9797476E-05
  4.0945350E-05
  2.2998913E-05
  5.9546142E-06
 -1.0046395E-05
 -2.4644820E-05
 -3.7443802E-05
 -4.8304097E-05
 -5.7409768E-05
 -6.4973836E-05
 -7.0941649E-05
 -7.5125012E-05
 -7.7639364E-05
 -7.9075260E-05
 -8.0169775E-05
 -8.1363796E-05
 -8.2675360E-05
 -8.3862222E-05
 -8.4617932E-05
 -8.4708692E-05
 -8.4066407E-05
 -8.2777646E-05
 -8.0947379E-05
 -7.8577228E-05
 -7.5575932E-05
 -7.1831790E-05
 -6.7241272E-05
 -6.1715982E-05
 -5.5214001E-05
 -4.7760252E-05
 -3.9443818E-05
 -3.0447780E-05
 -2.1092190E-05
 -1.1790351E-05
 -2.9428702E-06
  5.0817307E-06
  1.1877807E-05
  1.7021448E-05
  2.0213476E-05
  2.1356287E-05
  2.0484855E-05
  1.7722361E-05
  1.3349004E-05
  7.8125067E-06
  1.5774025E-06
 -4.9961068E-06
 -1.1570079E-05
 -1.7672313E-05
 -2.2663999E-05
 -2.5824125E-05
 -2.6492184E-05
 -2.4319201E-05
 -1.9552193E-05
 -1.3035495E-05
 -5.7912121E-06
  1.4641128E-06
  8.4336689E-06
  1.5029604E-05
  2.1190115E-05
  2.6847882E-05
  3.1916759E-05
  3.6271802E-05
  3.9820960E-05
  4.2604348E-05
  4.4742672E-05
  4.6269768E-05
  4.7078855E-05
  4.7048954E-05
  4.6172307E-05
  4.4547942E-05
  4.2296288E-05
  3.9480896E-05
  3.6061556E-05
  3.1920456E-05
  2.6996040E-05
  2.1422802E-05
  1.5508640E-05
  9.5453051E-06
  3.6309029E-06
 -2.3624427E-06
 -8.7084272E-06
 -1.5715117E-05
 -2.3607572E-05
 -3.2417305E-05
 -4.1922223E-05
 -5.1667463E-05
 -6.1048355E-05
 -6.9413552E-05
 -7.6160657E-05
 -8.0825957E-05
 -8.3179853E-05
 -8.3291961E-05
 -8.1478647E-05
 -7.8118683E-05
 -7.3482697E-05
 -6.7730216E-05
