 -1.0056818E-11
 -1.3354878E-10
 -6.3099670E-10
 -1.8256934E-09
 -3.9860306E-09
 -7.2633108E-09
 -1.1661387E-08
 -1.7050432E-08
 -2.3177371E-08
 -2.9647445E-08
 -3.5954749E-08
 -4.1671193E-08
 -4.6728495E-08
 -5.1490783E-08
 -5.6399585E-08
 -6.1457527E-08
 -6.6137524E-08
 -6.9903138E-08
 -7.2780239E-08
 -7.5320614E-08
 -7.8049041E-08
 -8.1089354E-08
 -8.4302201E-08
 -8.7511232E-08
 -9.0371479E-08
 -9.2135480E-08
 -9.1879066E-08
 -8.9142496E-08
 -8.4304595E-08
 -7.8293915E-08
 -7.2060963E-08
 -6.6436414E-08
 -6.2334564E-08
 -6.0688116E-08
 -6.1811690E-08
 -6.4691037E-08
 -6.6991163E-08
 -6.5992801E-08
 -5.9795411E-08
 -4.7862848E-08
 -3.0628346E-08
 -8.7656327E-09
  1.7102426E-08
  4.6192856E-08
  7.7413404E-08
  1.0958675E-07
  1.4171100E-07
  1.7289462E-07
  2.0216686E-07
  2.2854888E-07
  2.5131195E-07
  2.7006473E-07
  2.8463191E-07
  2.9497411E-07
  3.0118656E-07
  3.0340101E-07
  3.0163631E-07
  2.9582762E-07
  2.8600124E-07
  2.7232181E-07
  2.5496072E-07
  2.3399321E-07
  2.0939814E-07
  1.8110106E-07
  1.4916526E-07
  1.1419366E-07
  7.7546666E-08
  4.0932257E-08
  5.6899863E-09
 -2.7427092E-08
 -5.7853672E-08
 -8.4923180E-08
 -1.0809465E-07
 -1.2722511E-07
 -1.4244443E-07
 -1.5392006E-07
 -1.6189239E-07
 -1.6677734E-07
 -1.6902165E-07
 -1.6889906E-07
 -1.6655528E-07
 -1.6217463E-07
 -1.5600999E-07
 -1.4834418E-07
 -1.3951463E-07
 -1.2987667E-07
 -1.1965609E-07
 -1.0894523E-07
 -9.7920321E-08
 -8.6921986E-08
 -7.6214256E-08
 -6.5800840E-08
 -5.5603415E-08
 -4.5699750E-08
 -3.6269576E-08
 -2.7443406E-08
 -1.9348107E-08
 -1.2176669E-08
 -6.0494001E-09
 -8.9102847E-10
  3.4229024E-09
  6.8925559E-09
  9.4895807E-09
  1.1311725E-08
  1.2493695E-08
  1.3058629E-08
  1.3003922E-08
  1.2444684E-08
  1.1515191E-08
  1.0196630E-08
  8.4088487E-09
  6.2540537E-09
  4.0105110E-09
  1.7617744E-09
 -1.0741986E-09
 -5.9273457E-09
 -1.4651274E-08
 -2.8581711E-08
 -4.7805653E-08
 -7.1346832E-08
 -9.7969021E-08
 -1.2664680E-07
 -1.5647743E-07
 -1.8667662E-07
 -2.1685905E-07
 -2.4702803E-07
 -2.7716973E-07
 -3.0717575E-07
 -3.3730143E-07
 -3.6837949E-07
 -4.0145434E-07
 -4.3759101E-07
 -4.7826529E-07
 -5.2561307E-07
 -5.8206808E-07
 -6.4997317E-07
 -7.3146174E-07
 -8.2791041E-07
 -9.3883875E-07
 -1.0614351E-06
 -1.1912815E-06
 -1.3231239E-06
 -1.4508151E-06
 -1.5673735E-06
 -1.6660576E-06
 -1.7415225E-06
 -1.7899298E-06
 -1.8086283E-06
 -1.7963637E-06
 -1.7534358E-06
 -1.6810155E-06
 -1.5804594E-06
 -1.4536446E-06
 -1.3035603E-06
 -1.1339761E-06
 -9.4872451E-07
 -7.5166895E-07
 -5.4689582E-07
 -3.3826728E-07
 -1.2895231E-07
  7.8205225E-08
  2.8025232E-07
  4.7458184E-07
  6.5944386E-07
  8.3347470E-07
  9.9512329E-07
  1.1431036E-06
  1.2769734E-06
  1.3966334E-06
  1.5016799E-06
  1.5918927E-06
  1.6679022E-06
  1.7306588E-06
  1.7806525E-06
  1.8183189E-06
  1.8446769E-06
  1.8607416E-06
  1.8667497E-06
  1.8627532E-06
  1.8494736E-06
  1.8277480E-06
  1.7976977E-06
  1.7593934E-06
  1.7138192E-06
  1.6622191E-06
  1.6050485E-06
  1.5425834E-06
  1.4759628E-06
  1.4065099E-06
  1.3345991E-06
  1.2603617E-06
  1.1849177E-06
  1.1096761E-06
  1.0350270E-06
  9.6101894E-07
  8.8866602E-07
  8.1916301E-07
  7.5243389E-07
  6.8792514E-07
  6.2616471E-07
  5.6797717E-07
  5.1288242E-07
  4.5998834E-07
  4.0977324E-07
  3.6318914E-07
  3.1973403E-07
  2.7833477E-07
  2.3937793E-07
  2.0378997E-07
  1.7087700E-07
  1.3930874E-07
  1.0948735E-07
  8.2588514E-08
  5.8057481E-08
  3.4589583E-08
  1.2761916E-08
 -6.0497811E-09
 -2.2538046E-08
 -3.8335429E-08
 -5.2916484E-08
 -6.4775129E-08
 -7.4753004E-08
 -8.4751505E-08
 -9.4072959E-08
 -1.0078159E-07
 -1.0574151E-07
 -1.1124065E-07
 -1.1661664E-07
 -1.1972770E-07
 -1.2174698E-07
 -1.2557035E-07
 -1.3048364E-07
 -1.3380775E-07
 -1.3674639E-07
 -1.4256406E-07
 -1.5005108E-07
 -1.5554242E-07
 -1.6031919E-07
 -1.6842330E-07
 -1.7827773E-07
 -1.8514339E-07
 -1.9074176E-07
 -2.0042951E-07
 -2.1196797E-07
 -2.1887084E-07
 -2.2380539E-07
 -2.3447386E-07
 -2.4712750E-07
 -2.5194592E-07
 -2.5435361E-07
 -2.6732681E-07
 -2.8115920E-07
 -2.7703314E-07
 -2.8799724E-07
 -4.0770155E-07
 -6.9854315E-07
 -1.1109781E-06
 -1.5336745E-06
 -1.9074728E-06
 -2.2410802E-06
 -2.5221934E-06
 -2.6794696E-06
 -2.6616106E-06
 -2.5104359E-06
 -2.3184009E-06
 -2.1397902E-06
 -1.9776248E-06
 -1.8356723E-06
 -1.7401313E-06
 -1.7137688E-06
 -1.7658501E-06
 -1.9170807E-06
 -2.2123104E-06
 -2.7006063E-06
 -3.4173954E-06
 -4.3870787E-06
 -5.6177346E-06
 -7.0675792E-06
 -8.6059345E-06
 -1.0003124E-05
 -1.0965106E-05
 -1.1211489E-05
 -1.0571895E-05
 -9.0445910E-06
 -6.7712263E-06
 -3.9493179E-06
 -7.5745345E-07
  2.6590919E-06
  6.1644960E-06
  9.6201966E-06
  1.2901790E-05
  1.5920701E-05
  1.8620300E-05
  2.0946516E-05
  2.2825676E-05
  2.4177225E-05
  2.4947392E-05
  2.5126796E-05
  2.4744721E-05
  2.3866123E-05
  2.2596058E-05
  2.1060958E-05
  1.9361461E-05
  1.7545011E-05
  1.5631364E-05
  1.3652660E-05
  1.1655193E-05
  9.6746744E-06
  7.7316190E-06
  5.8478417E-06
  4.0479845E-06
  2.3439113E-06
  7.3461513E-07
 -7.7455360E-07
 -2.1650326E-06
 -3.4200193E-06
 -4.5361053E-06
 -5.5205687E-06
 -6.3905791E-06
 -7.1776417E-06
 -7.9201136E-06
 -8.6448590E-06
 -9.3607414E-06
 -1.0066811E-05
 -1.0753737E-05
 -1.1395149E-05
 -1.1950038E-05
 -1.2380217E-05
 -1.2661494E-05
 -1.2781015E-05
 -1.2735946E-05
 -1.2536479E-05
 -1.2199397E-05
 -1.1736311E-05
 -1.1156781E-05
 -1.0481906E-05
 -9.7422371E-06
 -8.9610421E-06
 -8.1527396E-06
 -7.3404967E-06
 -6.5613326E-06
 -5.8471314E-06
 -5.2099717E-06
 -4.6499354E-06
 -4.1667013E-06
 -3.7588684E-06
 -3.4221507E-06
 -3.1536038E-06
 -2.9494668E-06
 -2.7961205E-06
 -2.6732359E-06
 -2.5691027E-06
 -2.4827748E-06
 -2.4085948E-06
 -2.3300811E-06
 -2.2317990E-06
 -2.1041110E-06
 -1.9324227E-06
 -1.6974166E-06
 -1.3953088E-06
 -1.0473499E-06
 -6.8205708E-07
 -3.1794974E-07
  3.1335532E-08
  3.4879190E-07
  6.2125696E-07
  8.4729209E-07
  1.0328603E-06
  1.1869973E-06
  1.3180895E-06
  1.4111254E-06
  1.4007692E-06
  1.1927691E-06
  7.3446819E-07
  5.4420866E-08
 -7.7719955E-07
 -1.7035879E-06
 -2.6739185E-06
 -3.6057909E-06
 -4.4023973E-06
 -5.0185504E-06
 -5.4873335E-06
 -5.8765831E-06
 -6.2415061E-06
 -6.6258826E-06
 -7.0807641E-06
 -7.6560982E-06
 -8.3818004E-06
 -9.2772743E-06
 -1.0379129E-05
 -1.1741169E-05
 -1.3393181E-05
 -1.5294445E-05
 -1.7319320E-05
 -1.9277550E-05
 -2.0953999E-05
 -2.2159829E-05
 -2.2781414E-05
 -2.2788285E-05
 -2.2172881E-05
 -2.0868310E-05
 -1.8738263E-05
 -1.5660573E-05
 -1.1604067E-05
 -6.6045982E-06
 -6.9267674E-07
  6.0972079E-06
  1.3621199E-05
  2.1553014E-05
  2.9432378E-05
  3.6773461E-05
  4.3136322E-05
  4.8167189E-05
  5.1664450E-05
  5.3647069E-05
  5.4335200E-05
  5.4017677E-05
  5.2895462E-05
  5.1012630E-05
  4.8303620E-05
  4.4694920E-05
  4.0177863E-05
  3.4817338E-05
  2.8722299E-05
  2.2022472E-05
  1.4870711E-05
  7.4659747E-06
  8.3947270E-08
 -6.9085900E-06
 -1.3085481E-05
 -1.8040635E-05
 -2.1480435E-05
 -2.3296807E-05
 -2.3599910E-05
 -2.2669148E-05
 -2.0803438E-05
 -1.8169947E-05
 -1.4805300E-05
 -1.0759582E-05
 -6.1882224E-06
 -1.2930057E-06
  3.7488051E-06
  8.7484896E-06
  1.3466115E-05
  1.7660546E-05
  2.1110411E-05
  2.3546430E-05
  2.4695424E-05
  2.4477204E-05
  2.2945000E-05
  1.9783940E-05
  1.4062978E-05
  4.9719511E-06
 -7.0745459E-06
 -2.0428437E-05
 -3.3487038E-05
 -4.5693403E-05
 -5.7134333E-05
 -6.7660971E-05
 -7.6950113E-05
 -8.5172644E-05
 -9.2870047E-05
 -1.0001135E-04
 -1.0572760E-04
 -1.0937171E-04
 -1.1163424E-04
 -1.1436456E-04
 -1.1944895E-04
 -1.2804510E-04
 -1.4068399E-04
 -1.5769743E-04
 -1.7928953E-04
 -2.0498947E-04
 -2.3275129E-04
 -2.5855252E-04
 -2.7736247E-04
 -2.8517822E-04
 -2.8052030E-04
 -2.6417887E-04
 -2.3782947E-04
 -2.0303804E-04
 -1.6117227E-04
 -1.1355948E-04
 -6.1434141E-05
 -5.9504746E-06
  5.1573210E-05
  1.0953743E-04
  1.6627531E-04
  2.2027406E-04
  2.7016699E-04
  3.1473651E-04
  3.5311747E-04
  3.8493256E-04
  4.1010918E-04
  4.2860353E-04
  4.4035612E-04
  4.4540089E-04
  4.4386680E-04
  4.3586420E-04
  4.2141278E-04
  4.0044406E-04
  3.7289015E-04
  3.3898233E-04
  2.9970281E-04
  2.5694340E-04
  2.1301833E-04
  1.6985089E-04
  1.2854216E-04
  8.9580375E-05
  5.3273212E-05
  1.9926341E-05
 -1.0247682E-05
 -3.5386125E-10
 -1.6486597E-09
 -3.9302535E-09
 -6.8172419E-09
 -9.8204609E-09
 -1.2412418E-08
 -1.4358426E-08
 -1.5791494E-08
 -1.6976054E-08
 -1.8213077E-08
 -1.9930891E-08
 -2.2558909E-08
 -2.6231703E-08
 -3.0790417E-08
 -3.6028528E-08
 -4.1697508E-08
 -4.7354678E-08
 -5.2550231E-08
 -5.7180500E-08
 -6.1382160E-08
 -6.5122478E-08
 -6.8205559E-08
 -7.0609296E-08
 -7.2426019E-08
 -7.3487200E-08
 -7.3426101E-08
 -7.2093819E-08
 -6.9540562E-08
 -6.5654007E-08
 -6.0267325E-08
 -5.3590870E-08
 -4.6071388E-08
 -3.7856879E-08
 -2.8869994E-08
 -1.9306977E-08
 -9.4791002E-09
  7.4964768E-10
  1.1694041E-08
  2.3138506E-08
  3.4805776E-08
  4.7591474E-08
  6.3228860E-08
  8.2197602E-08
  1.0272799E-07
  1.2238404E-07
  1.3999011E-07
  1.5559432E-07
  1.6936578E-07
  1.8129357E-07
  1.9148098E-07
  2.0000688E-07
  2.0672137E-07
  2.1161614E-07
  2.1509075E-07
  2.1750179E-07
  2.1883176E-07
  2.1913371E-07
  2.1886245E-07
  2.1841707E-07
  2.1780983E-07
  2.1712536E-07
  2.1680376E-07
  2.1707444E-07
  2.1755760E-07
  2.1774420E-07
  2.1733999E-07
  2.1578829E-07
  2.1204598E-07
  2.0530196E-07
  1.9547420E-07
  1.8268223E-07
  1.6678797E-07
  1.4777859E-07
  1.2594880E-07
  1.0127707E-07
  7.3203580E-08
  4.1374555E-08
  5.9625016E-09
 -3.3007421E-08
 -7.5687957E-08
 -1.2112582E-07
 -1.6668156E-07
 -2.0941205E-07
 -2.4756963E-07
 -2.8048063E-07
 -3.0790483E-07
 -3.3017912E-07
 -3.4820178E-07
 -3.6252186E-07
 -3.7296712E-07
 -3.7958333E-07
 -3.8314118E-07
 -3.8421410E-07
 -3.8262306E-07
 -3.7835656E-07
 -3.7214298E-07
 -3.6451814E-07
 -3.5524857E-07
 -3.4427163E-07
 -3.3221158E-07
 -3.1933081E-07
 -3.0502497E-07
 -2.8904375E-07
 -2.7212519E-07
 -2.5473150E-07
 -2.3634765E-07
 -2.1679749E-07
 -1.9700197E-07
 -1.7760470E-07
 -1.5817277E-07
 -1.3864987E-07
 -1.2014752E-07
 -1.0323259E-07
 -8.6946841E-08
 -7.0856224E-08
 -5.6757020E-08
 -4.7019356E-08
 -4.2430763E-08
 -4.2803048E-08
 -4.8217604E-08
 -5.8244471E-08
 -7.1281377E-08
 -8.6134207E-08
 -1.0308878E-07
 -1.2227761E-07
 -1.4250345E-07
 -1.6296144E-07
 -1.8449421E-07
 -2.0777982E-07
 -2.3204827E-07
 -2.5711165E-07
 -2.8488040E-07
 -3.1735425E-07
 -3.5510013E-07
 -3.9940022E-07
 -4.5375401E-07
 -5.2118855E-07
 -6.0182941E-07
 -6.9465045E-07
 -7.9909069E-07
 -9.1274592E-07
 -1.0297716E-06
 -1.1438387E-06
 -1.2505295E-06
 -1.3450575E-06
 -1.4207855E-06
 -1.4728212E-06
 -1.5005493E-06
 -1.5042210E-06
 -1.4821364E-06
 -1.4338982E-06
 -1.3629980E-06
 -1.2728801E-06
 -1.1636536E-06
 -1.0358565E-06
 -8.9375908E-07
 -7.4128326E-07
 -5.7843579E-07
 -4.0567789E-07
 -2.2782770E-07
 -4.9431549E-08
  1.2951065E-07
  3.0875140E-07
  4.8334709E-07
  6.4893987E-07
  8.0668974E-07
  9.5767109E-07
  1.0975408E-06
  1.2225868E-06
  1.3355656E-06
  1.4391929E-06
  1.5297414E-06
  1.6040412E-06
  1.6664471E-06
  1.7211497E-06
  1.7643526E-06
  1.7924733E-06
  1.8106583E-06
  1.8237656E-06
  1.8269222E-06
  1.8154752E-06
  1.7955739E-06
  1.7732245E-06
  1.7424805E-06
  1.6977029E-06
  1.6469406E-06
  1.5981141E-06
  1.5436693E-06
  1.4761962E-06
  1.4060997E-06
  1.3436096E-06
  1.2780619E-06
  1.1988975E-06
  1.1203749E-06
  1.0565680E-06
  9.9120371E-07
  9.0830127E-07
  8.3022456E-07
  7.7831629E-07
  7.2186896E-07
  6.3226770E-07
  5.5934021E-07
  5.4368036E-07
  4.3925994E-07
 -4.8012907E-08
 -1.0625009E-06
 -2.4172334E-06
 -3.7888594E-06
 -5.0220669E-06
 -6.1472174E-06
 -7.1728891E-06
 -8.0177406E-06
 -8.6515111E-06
 -9.1677612E-06
 -9.6681706E-06
 -1.0165783E-05
 -1.0649919E-05
 -1.1168947E-05
 -1.1792794E-05
 -1.2554136E-05
 -1.3489132E-05
 -1.4701215E-05
 -1.6337139E-05
 -1.8530714E-05
 -2.1407708E-05
 -2.5100489E-05
 -2.9681516E-05
 -3.5054207E-05
 -4.0889434E-05
 -4.6608082E-05
 -5.1404604E-05
 -5.4400520E-05
 -5.4957221E-05
 -5.2950047E-05
 -4.8754344E-05
 -4.2961139E-05
 -3.6094327E-05
 -2.8532351E-05
 -2.0583808E-05
 -1.2551362E-05
 -4.7069179E-06
  2.7720616E-06
  9.8164937E-06
  1.6399787E-05
  2.2456650E-05
  2.7876560E-05
  3.2569606E-05
  3.6509573E-05
  3.9705814E-05
  4.2168354E-05
  4.3925502E-05
  4.5048280E-05
  4.5622317E-05
  4.5706081E-05
  4.5341862E-05
  4.4594541E-05
  4.3550084E-05
  4.2280953E-05
  4.0834228E-05
  3.9243096E-05
  3.7524227E-05
  3.5671648E-05
  3.3682227E-05
  3.1590727E-05
  2.9465165E-05
  2.7373006E-05
  2.5364085E-05
  2.3467692E-05
  2.1675640E-05
  1.9933776E-05
  1.8180550E-05
  1.6400127E-05
  1.4623275E-05
  1.2882923E-05
  1.1191682E-05
  9.5608848E-06
  8.0189930E-06
  6.6083185E-06
  5.3784752E-06
  4.3788209E-06
  3.6359725E-06
  3.1345226E-06
  2.8314478E-06
  2.6881216E-06
  2.6803013E-06
  2.7899300E-06
  3.0082497E-06
  3.3411466E-06
  3.7892416E-06
  4.3218160E-06
  4.8862403E-06
  5.4430052E-06
  5.9798012E-06
  6.4964092E-06
  6.9904545E-06
  7.4540867E-06
  7.8706744E-06
  8.2175193E-06
  8.4818193E-06
  8.6678156E-06
  8.7799508E-06
  8.8116649E-06
  8.7653625E-06
  8.6740311E-06
  8.5894635E-06
  8.5560532E-06
  8.5998327E-06
  8.7187173E-06
  8.8637544E-06
  8.9534469E-06
  8.9438363E-06
  8.8839224E-06
  8.8712441E-06
  8.9359737E-06
  8.9782588E-06
  8.8384450E-06
  8.4392295E-06
  7.8398361E-06
  7.1034610E-06
  6.0979055E-06
  4.4933699E-06
  2.0250213E-06
 -1.2784423E-06
 -5.1916495E-06
 -9.5392788E-06
 -1.4180418E-05
 -1.8755127E-05
 -2.2676535E-05
 -2.5534991E-05
 -2.7422442E-05
 -2.8747259E-05
 -2.9828494E-05
 -3.0806532E-05
 -3.1847943E-05
 -3.3217624E-05
 -3.5138699E-05
 -3.7767073E-05
 -4.1387073E-05
 -4.6527035E-05
 -5.3769167E-05
 -6.3388732E-05
 -7.5075841E-05
 -8.7884277E-05
 -1.0044393E-04
 -1.1131527E-04
 -1.1922417E-04
 -1.2310802E-04
 -1.2224317E-04
 -1.1656157E-04
 -1.0674105E-04
 -9.3749979E-05
 -7.8304649E-05
 -6.0882565E-05
 -4.2087628E-05
 -2.2673468E-05
 -3.2538326E-06
  1.5663592E-05
  3.3359873E-05
  4.9030485E-05
  6.2302715E-05
  7.3138377E-05
  8.0977712E-05
  8.4510568E-05
  8.2891922E-05
  7.7036937E-05
  6.9246023E-05
  6.1616222E-05
  5.5187083E-05
  5.0422354E-05
  4.7770111E-05
  4.7439098E-05
  4.9067461E-05
  5.2011797E-05
  5.5807643E-05
  6.0131959E-05
  6.4511070E-05
  6.8309957E-05
  7.0847760E-05
  7.1233742E-05
  6.8129535E-05
  5.9902046E-05
  4.5077726E-05
  2.2723210E-05
 -7.1586937E-06
 -4.2961765E-05
 -8.0988531E-05
 -1.1604215E-04
 -1.4317375E-04
 -1.5944376E-04
 -1.6449534E-04
 -1.5984697E-04
 -1.4773417E-04
 -1.3026143E-04
 -1.0905441E-04
 -8.5268970E-05
 -5.9794660E-05
 -3.3503144E-05
 -7.3773522E-06
  1.7549955E-05
  4.0357154E-05
  6.0365455E-05
  7.7217592E-05
  9.0927162E-05
  1.0183968E-04
  1.1043622E-04
  1.1708388E-04
  1.2194740E-04
  1.2509964E-04
  1.2663900E-04
  1.2668532E-04
  1.2535221E-04
  1.2279085E-04
  1.1921037E-04
  1.1478503E-04
  1.0956344E-04
  1.0351653E-04
  9.6654461E-05
  8.9078851E-05
  8.0990656E-05
  7.2708841E-05
  6.4620821E-05
  5.7019170E-05
  4.9985403E-05
  4.3454802E-05
  3.7325477E-05
  3.1444957E-05
  2.5581403E-05
  1.9540403E-05
  1.3304620E-05
  6.9984858E-06
  7.7669529E-07
 -5.1618085E-06
 -1.0526086E-05
 -1.5045960E-05
 -1.8617891E-05
 -2.1243730E-05
 -2.2897024E-05
 -2.3608340E-05
 -2.3625707E-05
 -2.3263201E-05
 -2.2548302E-05
 -2.1208696E-05
 -1.9096373E-05
 -1.6507758E-05
 -1.4047070E-05
 -1.2317723E-05
 -1.1778507E-05
 -1.2673617E-05
 -1.4904357E-05
 -1.8026720E-05
 -2.1497704E-05
 -2.4912024E-05
 -2.7997357E-05
 -3.0537161E-05
 -3.2432257E-05
 -3.3763579E-05
 -3.4673514E-05
 -3.5211287E-05
 -3.5329314E-05
 -3.4896260E-05
 -3.3577453E-05
 -3.0814197E-05
 -2.6166985E-05
 -1.9763558E-05
 -1.2323592E-05
 -4.7092399E-06
  2.4949982E-06
  9.0023750E-06
  1.4616111E-05
  1.9150122E-05
  2.2534437E-05
  2.4889647E-05
  2.6434691E-05
  2.7324684E-05
  2.7575052E-05
  2.7085232E-05
  2.5670066E-05
  2.3087690E-05
  1.9145471E-05
  1.3856405E-05
  7.4655645E-06
  2.8497357E-07
 -7.4596110E-06
 -1.5594847E-05
 -2.3904024E-05
 -3.2157972E-05
 -4.0191670E-05
 -4.7855010E-05
 -5.4924749E-05
 -6.1164690E-05
 -6.6449145E-05
 -7.0741495E-05
 -7.4000367E-05
 -7.6226665E-05
 -7.7561490E-05
 -7.8178506E-05
 -7.8061814E-05
 -7.7018041E-05
 -7.4936186E-05
 -7.1947179E-05
 -6.8355228E-05
 -6.4567401E-05
 -6.1114813E-05
 -5.8585298E-05
 -5.7436835E-05
 -5.7909303E-05
 -6.0078764E-05
 -6.3846375E-05
 -6.8835914E-05
 -7.4432508E-05
 -8.0003570E-05
 -8.5053594E-05
 -1.8053453E-10
 -8.3158391E-10
 -1.9734248E-09
 -3.5367456E-09
 -5.5436784E-09
 -7.8702245E-09
 -1.0303214E-08
 -1.2839658E-08
 -1.5636935E-08
 -1.8672457E-08
 -2.1745604E-08
 -2.4790561E-08
 -2.7874343E-08
 -3.0910726E-08
 -3.3694533E-08
 -3.6191381E-08
 -3.8485659E-08
 -4.0498072E-08
 -4.2063739E-08
 -4.3194778E-08
 -4.3957030E-08
 -4.4257011E-08
 -4.4063093E-08
 -4.3455437E-08
 -4.1874845E-08
 -3.7736378E-08
 -2.9785317E-08
 -1.8870381E-08
 -7.5106303E-09
  2.4464180E-09
  1.1003873E-08
  1.8866197E-08
  2.6175767E-08
  3.2796251E-08
  3.8922789E-08
  4.4730406E-08
  4.9963575E-08
  5.4417931E-08
  5.8399301E-08
  6.2307990E-08
  6.6245811E-08
  7.0421329E-08
  7.5447709E-08
  8.1813837E-08
  8.9490172E-08
  9.8409352E-08
  1.0884020E-07
  1.2087480E-07
  1.3399520E-07
  1.4753033E-07
  1.6107538E-07
  1.7408291E-07
  1.8555963E-07
  1.9464485E-07
  2.0107325E-07
  2.0466595E-07
  2.0484291E-07
  2.0109088E-07
  1.9345063E-07
  1.8204349E-07
  1.6649321E-07
  1.4622093E-07
  1.2087247E-07
  9.0083311E-08
  5.3468767E-08
  1.1587871E-08
 -3.3357509E-08
 -7.8349657E-08
 -1.2094031E-07
 -1.5964324E-07
 -1.9360634E-07
 -2.2255941E-07
 -2.4677695E-07
 -2.6653416E-07
 -2.8176441E-07
 -2.9251368E-07
 -2.9928671E-07
 -3.0255188E-07
 -3.0235083E-07
 -2.9881210E-07
 -2.9257842E-07
 -2.8427715E-07
 -2.7403314E-07
 -2.6194067E-07
 -2.4850300E-07
 -2.3412083E-07
 -2.1866344E-07
 -2.0205655E-07
 -1.8478057E-07
 -1.6727469E-07
 -1.4939127E-07
 -1.3098659E-07
 -1.1250842E-07
 -9.4450748E-08
 -7.6808071E-08
 -5.9633798E-08
 -4.3471879E-08
 -2.8534785E-08
 -1.4082719E-08
  5.8878413E-10
  1.5063339E-08
  2.8448579E-08
  4.0565034E-08
  5.1704411E-08
  6.1720783E-08
  7.0220153E-08
  7.7266776E-08
  8.3122799E-08
  8.7641773E-08
  9.0615259E-08
  9.2346596E-08
  9.3263644E-08
  9.3380393E-08
  9.2608076E-08
  9.0876817E-08
  8.7276177E-08
  7.9865508E-08
  6.7268353E-08
  4.9948056E-08
  2.9250630E-08
  5.9768510E-09
 -1.9296737E-08
 -4.5449664E-08
 -7.1599224E-08
 -9.8084492E-08
 -1.2565329E-07
 -1.5428668E-07
 -1.8383784E-07
 -2.1516155E-07
 -2.4952780E-07
 -2.8757472E-07
 -3.2997664E-07
 -3.7855611E-07
 -4.3567502E-07
 -5.0320352E-07
 -5.8312258E-07
 -6.7813102E-07
 -7.8995441E-07
 -9.1724701E-07
 -1.0560776E-06
 -1.2016553E-06
 -1.3483136E-06
 -1.4887489E-06
 -1.6151690E-06
 -1.7212155E-06
 -1.8019765E-06
 -1.8531586E-06
 -1.8719001E-06
 -1.8578912E-06
 -1.8122666E-06
 -1.7358800E-06
 -1.6298734E-06
 -1.4970763E-06
 -1.3412773E-06
 -1.1657487E-06
 -9.7387374E-07
 -7.7031461E-07
 -5.5984123E-07
 -3.4564368E-07
 -1.3027204E-07
  8.2705583E-08
  2.8971078E-07
  4.8892747E-07
  6.7929864E-07
  8.5867333E-07
  1.0247956E-06
  1.1771765E-06
  1.3160212E-06
  1.4402394E-06
  1.5485390E-06
  1.6415153E-06
  1.7205455E-06
  1.7856134E-06
  1.8364013E-06
  1.8744262E-06
  1.9017008E-06
  1.9182810E-06
  1.9235092E-06
  1.9185463E-06
  1.9051332E-06
  1.8830216E-06
  1.8513393E-06
  1.8113559E-06
  1.7651264E-06
  1.7126439E-06
  1.6532607E-06
  1.5886279E-06
  1.5211205E-06
  1.4506868E-06
  1.3764873E-06
  1.3001999E-06
  1.2242750E-06
  1.1484669E-06
  1.0717400E-06
  9.9591784E-07
  9.2351104E-07
  8.5371931E-07
  7.8476194E-07
  7.1815987E-07
  6.5615666E-07
  5.9715165E-07
  5.3874487E-07
  4.8283198E-07
  4.3209661E-07
  3.8433180E-07
  3.3664537E-07
  2.9190963E-07
  2.5337380E-07
  2.1689884E-07
  1.7834088E-07
  1.4382155E-07
  1.1756610E-07
  8.0349459E-08
 -1.3718164E-09
 -1.3715150E-07
 -2.9646839E-07
 -4.3896722E-07
 -5.4926625E-07
 -6.3349432E-07
 -6.9491597E-07
 -7.2884268E-07
 -7.3607885E-07
 -7.2636954E-07
 -7.0800536E-07
 -6.8346321E-07
 -6.5546317E-07
 -6.2977040E-07
 -6.1172267E-07
 -6.0599626E-07
 -6.2038532E-07
 -6.6618293E-07
 -7.5576372E-07
 -9.0236699E-07
 -1.1186806E-06
 -1.4092645E-06
 -1.7610635E-06
 -2.1366566E-06
 -2.4687106E-06
 -2.6617672E-06
 -2.6165483E-06
 -2.2724566E-06
 -1.6345366E-06
 -7.6080744E-07
  2.7252054E-07
  1.3952174E-06
  2.5491358E-06
  3.6881679E-06
  4.7763428E-06
  5.7831867E-06
  6.6835250E-06
  7.4644581E-06
  8.1262970E-06
  8.6702312E-06
  9.0888652E-06
  9.3737990E-06
  9.5272371E-06
  9.5597561E-06
  9.4813231E-06
  9.3013077E-06
  9.0331450E-06
  8.6914915E-06
  8.2870356E-06
  7.8295088E-06
  7.3325077E-06
  6.8099862E-06
  6.2713061E-06
  5.7241459E-06
  5.1774573E-06
  4.6361988E-06
  4.0980713E-06
  3.5614846E-06
  3.0329934E-06
  2.5226077E-06
  2.0371249E-06
  1.5821679E-06
  1.1631689E-06
  7.7759711E-07
  4.1261120E-07
  5.7432942E-08
 -2.8703784E-07
 -6.1562093E-07
 -9.2784751E-07
 -1.2228170E-06
 -1.4927704E-06
 -1.7294137E-06
 -1.9301028E-06
 -2.0915293E-06
 -2.2055333E-06
 -2.2687796E-06
 -2.2891402E-06
 -2.2759850E-06
 -2.2328134E-06
 -2.1656806E-06
 -2.0878128E-06
 -2.0070834E-06
 -1.9188103E-06
 -1.8191307E-06
 -1.7149803E-06
 -1.6133080E-06
 -1.5129913E-06
 -1.4155576E-06
 -1.3288902E-06
 -1.2499280E-06
 -1.1599534E-06
 -1.0503169E-06
 -9.3745382E-07
 -8.3865115E-07
 -7.4948821E-07
 -6.6101336E-07
 -5.8188789E-07
 -5.2426986E-07
 -4.8255959E-07
 -4.4494874E-07
 -4.1099076E-07
 -3.7854659E-07
 -3.2977096E-07
 -2.5241962E-07
 -1.6149028E-07
 -7.9311064E-08
 -9.0290087E-09
  5.2817541E-08
  9.6997098E-08
  1.1905644E-07
  1.3758597E-07
  1.7012678E-07
  2.1040620E-07
  2.5426641E-07
  3.2049218E-07
  4.0737694E-07
  4.4953111E-07
  3.6419834E-07
  1.3553120E-07
 -1.8178054E-07
 -5.3533597E-07
 -9.1926830E-07
 -1.3536853E-06
 -1.8497299E-06
 -2.3891296E-06
 -2.9202174E-06
 -3.3942217E-06
 -3.8271432E-06
 -4.2990609E-06
 -4.8704451E-06
 -5.5388273E-06
 -6.3082239E-06
 -7.2494449E-06
 -8.4426511E-06
 -9.9084609E-06
 -1.1648759E-05
 -1.3691786E-05
 -1.6006996E-05
 -1.8409628E-05
 -2.0635800E-05
 -2.2489590E-05
 -2.3843866E-05
 -2.4538269E-05
 -2.4381172E-05
 -2.3253808E-05
 -2.1158869E-05
 -1.8211327E-05
 -1.4650516E-05
 -1.0788684E-05
 -6.8361883E-06
 -2.8246182E-06
  1.2120199E-06
  5.0812600E-06
  8.5859947E-06
  1.1709663E-05
  1.4461883E-05
  1.6666329E-05
  1.8148559E-05
  1.9020710E-05
  1.9485860E-05
  1.9495244E-05
  1.9004176E-05
  1.8410181E-05
  1.8024757E-05
  1.6928803E-05
  1.3114412E-05
  5.4126499E-06
 -5.0156500E-06
 -1.5616502E-05
 -2.4646735E-05
 -3.2014712E-05
 -3.8283586E-05
 -4.3641179E-05
 -4.7974787E-05
 -5.1356295E-05
 -5.4110169E-05
 -5.6651828E-05
 -5.9469501E-05
 -6.3165549E-05
 -6.8516558E-05
 -7.6665186E-05
 -8.9190551E-05
 -1.0774704E-04
 -1.3361931E-04
 -1.6754535E-04
 -2.0914648E-04
 -2.5542945E-04
 -2.9984256E-04
 -3.3408706E-04
 -3.5206275E-04
 -3.5238074E-04
 -3.3728854E-04
 -3.0990457E-04
 -2.7278802E-04
 -2.2816149E-04
 -1.7812714E-04
 -1.2435927E-04
 -6.8168149E-05
 -1.1084969E-05
  4.4972025E-05
  9.8223405E-05
  1.4742040E-04
  1.9167170E-04
  2.3024874E-04
  2.6274202E-04
  2.8918620E-04
  3.0987055E-04
  3.2513740E-04
  3.3539534E-04
  3.4112952E-04
  3.4278911E-04
  3.4076170E-04
  3.3546882E-04
  3.2732735E-04
  3.1657715E-04
  3.0329885E-04
  2.8765507E-04
  2.6999478E-04
  2.5070546E-04
  2.3012646E-04
  2.0867003E-04
  1.8688709E-04
  1.6532638E-04
  1.4440292E-04
  1.2442125E-04
  1.0558769E-04
  8.7916429E-05
  7.1213093E-05
  5.5239099E-05
  3.9872080E-05
  2.5108740E-05
  1.1007703E-05
 -2.3135726E-06
 -1.4676365E-05
 -2.5880905E-05
 -3.5739740E-05
 -4.4094464E-05
 -5.0866391E-05
 -5.6112855E-05
 -6.0019291E-05
 -6.2859472E-05
 -6.4969725E-05
 -6.6665001E-05
 -6.8088477E-05
 -6.9202666E-05
 -7.0026690E-05
 -7.0824390E-05
 -7.1929586E-05
 -7.3401447E-05
 -7.4958974E-05
 -7.6241020E-05
 -7.7035584E-05
 -7.7285709E-05
 -7.7004661E-05
 -7.6218756E-05
 -7.4928452E-05
 -7.3128977E-05
 -7.0923539E-05
 -6.8580157E-05
 -6.6396417E-05
 -6.4506232E-05
 -6.2800340E-05
 -6.0881022E-05
 -5.7996469E-05
 -5.3207714E-05
 -4.5906141E-05
 -3.6217883E-05
 -2.4798155E-05
 -1.2272219E-05
  1.0124159E-06
  1.4811514E-05
  2.8833270E-05
  4.2792366E-05
  5.6422592E-05
  6.9378861E-05
  8.1252198E-05
  9.1705268E-05
  1.0048545E-04
  1.0732322E-04
  1.1196307E-04
  1.1429965E-04
  1.1435616E-04
  1.1214457E-04
  1.0769402E-04
  1.0121002E-04
  9.3054128E-05
  8.3562853E-05
  7.3022806E-05
  6.1797458E-05
  5.0289887E-05
  3.8745282E-05
  2.7228196E-05
  1.5803540E-05
  4.5994043E-06
 -6.3020002E-06
 -1.6868900E-05
 -2.6997981E-05
 -3.6538160E-05
 -4.5450764E-05
 -5.7742939E-11
 -4.8122561E-10
 -1.6340482E-09
 -3.3164644E-09
 -5.0244857E-09
 -6.8338353E-09
 -9.1686578E-09
 -1.1830857E-08
 -1.4169819E-08
 -1.6137253E-08
 -1.8209093E-08
 -2.0293079E-08
 -2.1764478E-08
 -2.2634772E-08
 -2.3561041E-08
 -2.4555172E-08
 -2.4869413E-08
 -2.4392566E-08
 -2.3912225E-08
 -2.3675954E-08
 -2.3014495E-08
 -2.1803249E-08
 -2.0883924E-08
 -2.0493221E-08
 -1.9742449E-08
 -1.8302229E-08
 -1.7049235E-08
 -1.6277758E-08
 -1.4928791E-08
 -1.2511369E-08
 -1.0044001E-08
 -8.0239060E-09
 -5.3106173E-09
 -1.2547088E-09
  3.0373657E-09
  6.9848149E-09
  1.1981564E-08
  1.8906961E-08
  2.6349356E-08
  3.3138935E-08
  4.0307835E-08
  4.8411735E-08
  5.5397731E-08
  5.9623623E-08
  6.2479302E-08
  6.5302309E-08
  6.6407523E-08
  6.4260043E-08
  6.0725895E-08
  5.7666135E-08
  5.3274608E-08
  4.5701167E-08
  3.7182595E-08
  3.0194460E-08
  2.2762428E-08
  1.2474915E-08
  1.7335771E-09
 -6.4167582E-09
 -1.4082773E-08
 -2.4125226E-08
 -3.3806220E-08
 -3.9593203E-08
 -4.4295778E-08
 -5.1822873E-08
 -5.8984192E-08
 -6.0994580E-08
 -6.0820746E-08
 -6.3580437E-08
 -6.6164922E-08
 -6.3085544E-08
 -5.8000378E-08
 -5.7487970E-08
 -5.8062447E-08
 -5.2648787E-08
 -4.5093735E-08
 -4.3378911E-08
 -4.3408008E-08
 -3.6192969E-08
 -2.6033291E-08
 -2.2838870E-08
 -2.1605899E-08
 -1.0636358E-08
  5.0475917E-09
  1.2199711E-08
  1.5819744E-08
  3.0248806E-08
  4.9261704E-08
  5.5753940E-08
  5.6055836E-08
  6.9487072E-08
  8.8641812E-08
  9.0491213E-08
  8.2598575E-08
  9.1410271E-08
  1.0814112E-07
  1.0108646E-07
  7.9533542E-08
  8.0849958E-08
  9.4210606E-08
  7.4314862E-08
  3.4061564E-08
  2.9985856E-08
  4.6989953E-08
  1.3564001E-08
 -5.0246982E-08
 -4.8169589E-08
 -7.0230133E-09
 -6.3042606E-08
 -1.6906012E-07
 -9.9382369E-08
 -1.7316717E-09
 -7.1302975E-07
 -3.0994634E-06
 -7.0806095E-06
 -1.1642805E-05
 -1.5849011E-05
 -1.9502721E-05
 -2.2772740E-05
 -2.5619927E-05
 -2.7892249E-05
 -2.9694882E-05
 -3.1298605E-05
 -3.2792392E-05
 -3.4109547E-05
 -3.5320008E-05
 -3.6638721E-05
 -3.8190949E-05
 -4.0008232E-05
 -4.2242922E-05
 -4.5183013E-05
 -4.9066686E-05
 -5.4070817E-05
 -6.0466609E-05
 -6.8583628E-05
 -7.8588098E-05
 -9.0425237E-05
 -1.0392259E-04
 -1.1871268E-04
 -1.3399553E-04
 -1.4852641E-04
 -1.6086512E-04
 -1.6952946E-04
 -1.7301792E-04
 -1.7006689E-04
 -1.6016838E-04
 -1.4386755E-04
 -1.2257238E-04
 -9.8124328E-05
 -7.2378083E-05
 -4.6798596E-05
 -2.2209308E-05
  1.0714953E-06
  2.2872160E-05
  4.3034834E-05
  6.1520048E-05
  7.8353602E-05
  9.3408860E-05
  1.0644250E-04
  1.1738014E-04
  1.2634904E-04
  1.3339367E-04
  1.3841718E-04
  1.4149811E-04
  1.4303268E-04
  1.4346128E-04
  1.4306871E-04
  1.4213334E-04
  1.4100721E-04
  1.3990513E-04
  1.3882939E-04
  1.3780694E-04
  1.3694834E-04
  1.3616229E-04
  1.3511234E-04
  1.3362551E-04
  1.3187095E-04
  1.2998717E-04
  1.2785400E-04
  1.2539451E-04
  1.2270546E-04
  1.1964927E-04
  1.1575889E-04
  1.1091783E-04
  1.0575903E-04
  1.0099277E-04
  9.6683492E-05
  9.2555762E-05
  8.8568813E-05
  8.4733561E-05
  8.0871869E-05
  7.7132237E-05
  7.4184893E-05
  7.2234208E-05
  7.0587506E-05
  6.9145295E-05
  6.9143942E-05
  7.0225142E-05
  6.7077308E-05
  5.1955485E-05
  2.2199773E-05
 -1.6231777E-05
 -5.4138687E-05
 -8.6702501E-05
 -1.1428437E-04
 -1.3725714E-04
 -1.5308370E-04
 -1.5892451E-04
 -1.5493264E-04
 -1.4384640E-04
 -1.2857922E-04
 -1.1127757E-04
 -9.3947470E-05
 -7.8881916E-05
 -6.8563175E-05
 -6.5596811E-05
 -7.2478229E-05
 -9.1097339E-05
 -1.2277694E-04
 -1.6895516E-04
 -2.3120522E-04
 -3.1004415E-04
 -4.0397744E-04
 -5.0987548E-04
 -6.2350219E-04
 -7.3881762E-04
 -8.4702886E-04
 -9.3722518E-04
 -9.9826953E-04
 -1.0199917E-03
 -9.9323108E-04
 -9.1041537E-04
 -7.6786941E-04
 -5.6871626E-04
 -3.2409318E-04
 -5.1465970E-05
  2.2926604E-04
  4.9992476E-04
  7.4662769E-04
  9.6028222E-04
  1.1358957E-03
  1.2717589E-03
  1.3687385E-03
  1.4294871E-03
  1.4576816E-03
  1.4575216E-03
  1.4333680E-03
  1.3893239E-03
  1.3289216E-03
  1.2551165E-03
  1.1703975E-03
  1.0767794E-03
  9.7583025E-04
  8.6891255E-04
  7.5741881E-04
  6.4275309E-04
  5.2625051E-04
  4.0927806E-04
  2.9334219E-04
  1.7996418E-04
  7.0501112E-05
 -3.3833614E-05
 -1.3189997E-04
 -2.2274096E-04
 -3.0571551E-04
 -3.8043514E-04
 -4.4667086E-04
 -5.0444121E-04
 -5.5408524E-04
 -5.9608032E-04
 -6.3080993E-04
 -6.5857422E-04
 -6.7970238E-04
 -6.9450185E-04
 -7.0317142E-04
 -7.0590625E-04
 -7.0303201E-04
 -6.9491926E-04
 -6.8184169E-04
 -6.6405075E-04
 -6.4192683E-04
 -6.1593810E-04
 -5.8652472E-04
 -5.5415259E-04
 -5.1941245E-04
 -4.8293392E-04
 -4.4526212E-04
 -4.0693264E-04
 -3.6857848E-04
 -3.3081230E-04
 -2.9405963E-04
 -2.5863486E-04
 -2.2491028E-04
 -1.9327263E-04
 -1.6397874E-04
 -1.3718542E-04
 -1.1303601E-04
 -9.1558184E-05
 -7.2541618E-05
 -5.5677086E-05
 -4.0767052E-05
 -2.7665001E-05
 -1.6097327E-05
 -5.7310517E-06
  3.6314013E-06
  1.2091745E-05
  1.9827679E-05
  2.7036123E-05
  3.3743876E-05
  3.9861334E-05
  4.5400975E-05
  5.0467133E-05
  5.5054741E-05
  5.9039463E-05
  6.2352745E-05
  6.4991058E-05
  6.6867222E-05
  6.7838868E-05
  6.7893416E-05
  6.7143650E-05
  6.5647284E-05
  6.3404761E-05
  6.0540107E-05
  5.7314617E-05
  5.3949476E-05
  5.0590705E-05
  4.7443282E-05
  4.4757344E-05
  4.2654145E-05
  4.1118605E-05
  4.0173647E-05
  3.9899362E-05
  4.0266292E-05
  4.1117462E-05
  4.2343505E-05
  4.3926375E-05
  4.5799257E-05
  4.7830265E-05
  4.9971637E-05
  5.2267413E-05
  5.4686443E-05
  5.7099933E-05
  5.9444170E-05
  6.1746461E-05
  6.3966050E-05
  6.5970467E-05
  6.7697947E-05
  6.9185218E-05
  7.0408081E-05
  7.1258291E-05
  7.1711249E-05
  7.1854993E-05
  7.1719471E-05
  7.1239505E-05
  7.0421273E-05
  6.9378140E-05
  6.8159803E-05
  6.6709523E-05
  6.5031963E-05
  6.3235304E-05
  6.1359526E-05
  5.9328835E-05
  5.7124413E-05
  5.4839398E-05
  5.2512594E-05
  5.0077098E-05
  4.7530692E-05
  4.4989538E-05
  4.2512875E-05
  4.0040362E-05
  3.7563455E-05
  3.5188881E-05
  3.2965505E-05
  3.0816725E-05
  2.8714021E-05
  2.6748754E-05
  2.4958508E-05
  2.3251156E-05
  2.1579102E-05
  2.0021627E-05
  1.8614463E-05
  1.7266531E-05
  1.5931539E-05
  1.4695779E-05
  1.3606972E-05
  1.2581130E-05
  1.1570349E-05
  1.0657470E-05
  9.8885766E-06
  9.1750435E-06
  8.4604108E-06
  7.8224930E-06
  7.3091314E-06
  6.8342547E-06
  6.3413354E-06
  5.9101667E-06
  5.5945711E-06
  5.3124613E-06
  5.0059921E-06
  4.7538224E-06
  4.6129517E-06
  4.5032748E-06
  4.3605260E-06
  4.2510005E-06
  4.2232236E-06
  4.1963513E-06
  4.1042131E-06
  4.0040645E-06
  3.9529832E-06
  3.9443794E-06
  4.0544455E-06
  4.4497710E-06
  5.1263564E-06
  5.8340356E-06
  6.3911839E-06
  6.8812396E-06
  7.4051650E-06
  7.8584062E-06
  8.1286307E-06
  8.3119749E-06
  8.5348138E-06
  8.7382923E-06
  8.8395464E-06
  8.9401383E-06
  9.1688707E-06
  9.4717661E-06
  9.7662250E-06
  1.0162075E-05
  1.0825146E-05
  1.1758400E-05
  1.2920216E-05
  1.4416168E-05
  1.6349280E-05
  1.8593380E-05
  2.0918269E-05
  2.3217124E-05
  2.5401892E-05
  2.7200349E-05
  2.8287177E-05
  2.8524066E-05
  2.7875652E-05
  2.6217751E-05
  2.3467357E-05
  1.9811328E-05
  1.5582698E-05
  1.0988274E-05
  6.1477958E-06
  1.2749672E-06
 -3.4266375E-06
 -7.9641159E-06
 -1.2424010E-05
 -1.6720222E-05
 -2.0685402E-05
 -2.4313213E-05
 -2.7674479E-05
 -3.0683907E-05
 -3.3196593E-05
 -3.5258490E-05
 -3.7014499E-05
 -3.8441580E-05
 -3.9424591E-05
 -4.0026680E-05
 -4.0420804E-05
 -4.0607720E-05
 -4.0465788E-05
 -4.0032730E-05
 -3.9468898E-05
 -3.8779101E-05
 -3.7845763E-05
 -3.6713340E-05
 -3.5562185E-05
 -3.4410023E-05
 -3.3113283E-05
 -3.1661384E-05
 -3.0191086E-05
 -2.8698913E-05
 -2.7019994E-05
 -2.5118092E-05
 -2.3120794E-05
 -2.1034335E-05
 -1.8706747E-05
 -1.6130856E-05
 -1.3514222E-05
 -1.0987535E-05
 -8.5131896E-06
 -6.1501923E-06
 -4.1269327E-06
 -2.5503512E-06
 -1.3039330E-06
 -3.3536725E-07
  2.1928167E-07
  3.1260117E-07
  1.1959980E-07
 -2.4232190E-07
 -8.7077188E-07
 -1.8085161E-06
 -2.8741938E-06
 -3.9336137E-06
 -5.0918138E-06
 -6.4263240E-06
 -7.7719233E-06
 -8.9808946E-06
 -1.0162564E-05
 -1.1431286E-05
 -1.2641309E-05
 -1.3628242E-05
 -1.4500237E-05
 -1.5408577E-05
 -1.6229944E-05
 -1.6783555E-05
 -1.7178711E-05
 -1.7613371E-05
 -1.7995513E-05
  6.9190981E-10
  5.7353127E-09
  1.6061042E-08
  2.2941336E-08
  2.1765873E-08
  2.1625567E-08
  2.7552858E-08
  3.0398869E-08
  2.5046814E-08
  2.1079241E-08
  2.4083286E-08
  2.4406098E-08
  1.6343288E-08
  9.9880078E-09
  1.1531009E-08
  1.0771627E-08
  1.3397701E-09
 -6.1415899E-09
 -4.8085464E-09
 -5.4227400E-09
 -1.5082396E-08
 -2.2631907E-08
 -2.0513575E-08
 -2.0120487E-08
 -2.9362516E-08
 -3.6505813E-08
 -3.3197033E-08
 -3.1466588E-08
 -4.0099746E-08
 -4.6752760E-08
 -4.2199765E-08
 -3.9126217E-08
 -4.7223597E-08
 -5.3417040E-08
 -4.7437865E-08
 -4.2646025E-08
 -4.9820905E-08
 -5.5270775E-08
 -4.7672096E-08
 -4.1013017E-08
 -4.7059757E-08
 -5.1333387E-08
 -4.1445151E-08
 -3.2347661E-08
 -3.7222424E-08
 -4.0922945E-08
 -2.9818935E-08
 -1.9641515E-08
 -2.4825939E-08
 -2.9283868E-08
 -1.7887821E-08
 -7.1553008E-09
 -1.2932670E-08
 -1.8202861E-08
 -6.2630590E-09
  5.4988218E-09
 -3.4811087E-10
 -5.8539813E-09
  7.3921322E-09
  2.1162288E-08
  1.6435287E-08
  1.2237536E-08
  2.8793050E-08
  4.6751243E-08
  4.4880842E-08
  4.2662030E-08
  6.1653452E-08
  8.1088899E-08
  7.7638447E-08
  7.1884031E-08
  8.7611959E-08
  1.0333206E-07
  9.3889042E-08
  8.0844565E-08
  8.9968502E-08
  9.9140642E-08
  8.1864414E-08
  6.0984469E-08
  6.4204187E-08
  6.8969428E-08
  4.7649735E-08
  2.3290688E-08
  2.3863414E-08
  2.7089015E-08
  6.5147265E-09
 -1.6247562E-08
 -1.7440289E-08
 -1.4894735E-08
 -2.3377522E-08
 -4.2191679E-08
 -1.3097343E-07
 -3.8734265E-07
 -7.6860937E-07
 -1.0444492E-06
 -1.0274327E-06
 -7.4982063E-07
 -3.1373688E-07
  3.0473015E-07
  1.1625036E-06
  2.1822182E-06
  3.2499756E-06
  4.3907426E-06
  5.6783342E-06
  7.0556762E-06
  8.4181975E-06
  9.7943021E-06
  1.1262231E-05
  1.2766358E-05
  1.4204144E-05
  1.5619979E-05
  1.7120972E-05
  1.8680230E-05
  2.0227701E-05
  2.1861195E-05
  2.3764580E-05
  2.6003905E-05
  2.8616434E-05
  3.1799340E-05
  3.5781970E-05
  4.0630352E-05
  4.6423644E-05
  5.3454947E-05
  6.1904793E-05
  7.1401832E-05
  8.1230843E-05
  9.0877089E-05
  1.0004849E-04
  1.0834813E-04
  1.1540530E-04
  1.2127130E-04
  1.2623802E-04
  1.3030828E-04
  1.3326868E-04
  1.3518664E-04
  1.3633532E-04
  1.3670757E-04
  1.3614567E-04
  1.3488668E-04
  1.3341088E-04
  1.3182653E-04
  1.3000696E-04
  1.2820319E-04
  1.2679810E-04
  1.2558620E-04
  1.2413146E-04
  1.2270415E-04
  1.2188609E-04
  1.2138420E-04
  1.2042274E-04
  1.1923018E-04
  1.1870247E-04
  1.1855035E-04
  1.1747120E-04
  1.1535436E-04
  1.1333139E-04
  1.1133443E-04
  1.0820171E-04
  1.0481235E-04
  1.0306149E-04
  9.8717574E-05
  7.8889047E-05
  3.2351069E-05
 -3.7469679E-05
 -1.1375533E-04
 -1.8090263E-04
 -2.3457028E-04
 -2.7761841E-04
 -3.1171902E-04
 -3.3616065E-04
 -3.5146018E-04
 -3.5994843E-04
 -3.6362142E-04
 -3.6406203E-04
 -3.6380431E-04
 -3.6559132E-04
 -3.7082480E-04
 -3.8066378E-04
 -3.9826255E-04
 -4.2830338E-04
 -4.7473330E-04
 -5.4033811E-04
 -6.2771863E-04
 -7.3862768E-04
 -8.7227486E-04
 -1.0255083E-03
 -1.1940408E-03
 -1.3715726E-03
 -1.5477027E-03
 -1.7084699E-03
 -1.8393967E-03
 -1.9269965E-03
 -1.9577872E-03
 -1.9183572E-03
 -1.7983976E-03
 -1.5944325E-03
 -1.3120680E-03
 -9.6676522E-04
 -5.8243133E-04
 -1.8625027E-04
  1.9853591E-04
  5.5689475E-04
  8.8100386E-04
  1.1669860E-03
  1.4129615E-03
  1.6185093E-03
  1.7841756E-03
  1.9110570E-03
  2.0008378E-03
  2.0557027E-03
  2.0779211E-03
  2.0699038E-03
  2.0347582E-03
  1.9761983E-03
  1.8976780E-03
  1.8020578E-03
  1.6921607E-03
  1.5710138E-03
  1.4413635E-03
  1.3055254E-03
  1.1658595E-03
  1.0247877E-03
  8.8414911E-04
  7.4508315E-04
  6.0868892E-04
  4.7624952E-04
  3.4873286E-04
  2.2675672E-04
  1.1126151E-04
  3.6305100E-06
 -9.5030613E-05
 -1.8417020E-04
 -2.6326414E-04
 -3.3170712E-04
 -3.8942377E-04
 -4.3694273E-04
 -4.7468470E-04
 -5.0285319E-04
 -5.2223972E-04
 -5.3441839E-04
 -5.4082472E-04
 -5.4224097E-04
 -5.3940096E-04
 -5.3336076E-04
 -5.2488490E-04
 -5.1407289E-04
 -5.0094351E-04
 -4.8581700E-04
 -4.6881844E-04
 -4.4963593E-04
 -4.2815579E-04
 -4.0480169E-04
 -3.7993683E-04
 -3.5351419E-04
 -3.2564675E-04
 -2.9692976E-04
 -2.6783731E-04
 -2.3836819E-04
 -2.0864405E-04
 -1.7929063E-04
 -1.5086512E-04
 -1.2347242E-04
 -9.7317265E-05
 -7.3072384E-05
 -5.1314106E-05
 -3.2125317E-05
 -1.5600461E-05
 -2.1605861E-06
  8.0228820E-06
  1.5363243E-05
  2.0247940E-05
  2.2661181E-05
  2.2780583E-05
  2.1342723E-05
  1.8991381E-05
  1.5823673E-05
  1.1968250E-05
  7.9938118E-06
  4.2939414E-06
  6.5810764E-07
 -3.0862427E-06
 -6.5820363E-06
 -9.5394416E-06
 -1.2221207E-05
 -1.4850471E-05
 -1.7122797E-05
 -1.8801265E-05
 -2.0213849E-05
 -2.1653712E-05
 -2.2863893E-05
 -2.3629937E-05
 -2.4300149E-05
 -2.5186944E-05
 -2.6031408E-05
 -2.6603486E-05
 -2.7253844E-05
 -2.8314031E-05
 -2.9522258E-05
 -3.0601579E-05
 -3.1820804E-05
 -3.3401095E-05
 -3.4949695E-05
 -3.6078713E-05
 -3.7009704E-05
 -3.7969912E-05
 -3.8586953E-05
 -3.8510283E-05
 -3.8044833E-05
 -3.7529640E-05
 -3.6680249E-05
 -3.5201909E-05
 -3.3454944E-05
 -3.1828302E-05
 -3.0042444E-05
 -2.7767128E-05
 -2.5336300E-05
 -2.3135255E-05
 -2.0872683E-05
 -1.8197574E-05
 -1.5450758E-05
 -1.3054374E-05
 -1.0745708E-05
 -8.1853195E-06
 -5.7320649E-06
 -3.8202111E-06
 -2.1520636E-06
 -3.1530044E-07
  1.3875531E-06
  2.5506733E-06
  3.5095431E-06
  4.7254171E-06
  5.9154581E-06
  6.6623406E-06
  7.2985049E-06
  8.2897523E-06
  9.3238341E-06
  9.9246290E-06
  1.0387644E-05
  1.1170518E-05
  1.1940527E-05
  1.2190450E-05
  1.2221429E-05
  1.2533691E-05
  1.2824288E-05
  1.2597713E-05
  1.2190090E-05
  1.2151947E-05
  1.2190560E-05
  1.1781251E-05
  1.1248937E-05
  1.1157494E-05
  1.1203955E-05
  1.0832832E-05
  1.0370401E-05
  1.0404246E-05
  1.0611047E-05
  1.0375322E-05
  1.0000918E-05
  1.0103124E-05
  1.0367571E-05
  1.0152899E-05
  9.7632201E-06
  9.8503488E-06
  1.0108919E-05
  9.8687487E-06
  9.4318993E-06
  9.4847364E-06
  9.7270986E-06
  9.4556717E-06
  8.9701934E-06
  8.9958266E-06
  9.2410373E-06
  8.9683735E-06
  8.4716739E-06
  8.5109068E-06
  8.7991757E-06
  8.5644861E-06
  8.1028365E-06
  8.2213000E-06
  8.6408609E-06
  8.5422798E-06
  8.2025663E-06
  8.4567873E-06
  9.0196554E-06
  9.0164067E-06
  8.7079989E-06
  8.9741106E-06
  9.5458417E-06
  9.5110545E-06
  9.1241682E-06
  9.3110293E-06
  9.8147366E-06
  9.6811937E-06
  9.1606889E-06
  9.2332175E-06
  9.6575532E-06
  9.4329898E-06
  8.7993076E-06
  8.7864182E-06
  9.1612264E-06
  8.8638044E-06
  8.1152602E-06
  7.9987440E-06
  8.2981360E-06
  7.9010770E-06
  7.0166684E-06
  6.7905185E-06
  7.0298229E-06
  6.5694285E-06
  5.6055424E-06
  5.3497238E-06
  5.6343920E-06
  5.2359478E-06
  4.3286477E-06
  4.1818503E-06
  4.6413861E-06
  4.4074532E-06
  3.6177380E-06
  3.5957869E-06
  4.2039505E-06
  4.0710097E-06
  3.3087131E-06
  3.3124372E-06
  3.9747724E-06
  3.8556404E-06
  3.0412295E-06
  3.0057577E-06
  3.6783024E-06
  3.5463734E-06
  2.6643843E-06
  2.5866871E-06
  3.2806624E-06
  3.1513810E-06
  2.2092559E-06
  2.1049027E-06
  2.9063488E-06
  3.0171946E-06
  2.4299159E-06
  2.7928561E-06
  4.0667901E-06
  4.4652679E-06
  3.9399351E-06
  4.2975280E-06
  5.6017711E-06
  5.9899089E-06
  5.3660137E-06
  5.6437789E-06
  6.9580424E-06
  7.3634546E-06
  6.7185692E-06
  7.0442102E-06
  8.5399643E-06
  9.1689963E-06
  8.7494600E-06
  9.4353127E-06
  1.1515745E-05
  1.2857360E-05
  1.3195171E-05
  1.4737006E-05
  1.7739509E-05
  1.9818041E-05
  2.0486623E-05
  2.1941780E-05
  2.4433246E-05
  2.5430672E-05
  2.4402796E-05
  2.3763903E-05
  2.3996919E-05
  2.2630897E-05
  1.9235655E-05
  1.6511733E-05
  1.5134507E-05
  1.2534236E-05
  8.1548178E-06
  4.7597123E-06
  3.0442345E-06
  2.4471706E-07
 -4.3167570E-06
 -7.7239802E-06
 -9.1545717E-06
 -1.1509836E-05
 -1.5592730E-05
 -1.8369741E-05
 -1.8944500E-05
 -2.0412021E-05
 -2.3722005E-05
 -2.5692836E-05
 -2.5309757E-05
 -2.5847547E-05
 -2.8406004E-05
 -2.9641271E-05
 -2.8396427E-05
 -2.8119621E-05
 -3.0063014E-05
 -3.0711286E-05
 -2.8760962E-05
 -2.7852277E-05
 -2.9400730E-05
 -2.9686815E-05
 -2.7208474E-05
 -2.5772542E-05
 -2.6953592E-05
 -2.6816890E-05
 -2.3659777E-05
 -2.1492524E-05
 -2.2105221E-05
 -2.1391392E-05
 -1.7496066E-05
 -1.4710092E-05
 -1.5103558E-05
 -1.4391395E-05
 -1.0500149E-05
 -7.9247466E-06
  4.1052561E-12
 -1.3637258E-11
 -1.6518932E-10
 -6.3580713E-10
 -1.5777142E-09
 -2.9678451E-09
 -4.6347748E-09
 -6.4627326E-09
 -8.4492999E-09
 -1.0556761E-08
 -1.2661089E-08
 -1.4672268E-08
 -1.6548844E-08
 -1.8162556E-08
 -1.9310018E-08
 -1.9905277E-08
 -2.0018572E-08
 -1.9700780E-08
 -1.8936204E-08
 -1.7802801E-08
 -1.6496932E-08
 -1.5136706E-08
 -1.3698113E-08
 -1.2189623E-08
 -1.0714167E-08
 -9.3031600E-09
 -7.8706988E-09
 -6.4044259E-09
 -5.0354840E-09
 -3.8562584E-09
 -2.8381435E-09
 -1.9845423E-09
 -1.3751882E-09
 -9.8487807E-10
 -6.4291195E-10
 -2.5028590E-10
  1.4010682E-10
  5.2064641E-10
  1.0029446E-09
  1.6158015E-09
  2.2339761E-09
  2.7991405E-09
  3.4154481E-09
  4.1433892E-09
  4.9092850E-09
  5.7074909E-09
  6.6693895E-09
  7.8281319E-09
  9.0348378E-09
  1.0212590E-08
  1.1469596E-08
  1.2859974E-08
  1.4274305E-08
  1.5676751E-08
  1.7194306E-08
  1.8847690E-08
  2.0455991E-08
  2.1934991E-08
  2.3413088E-08
  2.4923004E-08
  2.6286498E-08
  2.7450957E-08
  2.8601882E-08
  2.9773719E-08
  3.0729606E-08
  3.1418779E-08
  3.2053965E-08
  3.2346787E-08
  3.1130490E-08
  2.7365299E-08
  2.1377804E-08
  1.4641060E-08
  8.4328748E-09
  3.0774481E-09
 -1.7013286E-09
 -6.2283800E-09
 -1.0701812E-08
 -1.5142232E-08
 -1.9393340E-08
 -2.3373538E-08
 -2.7325965E-08
 -3.1685424E-08
 -3.6849524E-08
 -4.3298723E-08
 -5.1776663E-08
 -6.3092529E-08
 -7.7852881E-08
 -9.6454350E-08
 -1.1879566E-07
 -1.4335450E-07
 -1.6669426E-07
 -1.8457919E-07
 -1.9395461E-07
 -1.9390976E-07
 -1.8510809E-07
 -1.6883234E-07
 -1.4651540E-07
 -1.1955292E-07
 -8.9152884E-08
 -5.6398051E-08
 -2.2455755E-08
  1.1415917E-08
  4.4038185E-08
  7.4369673E-08
  1.0152753E-07
  1.2495900E-07
  1.4451550E-07
  1.6020547E-07
  1.7199470E-07
  1.7997401E-07
  1.8452101E-07
  1.8610658E-07
  1.8507882E-07
  1.8164506E-07
  1.7562624E-07
  1.6599077E-07
  1.5109480E-07
  1.2986276E-07
  1.0257670E-07
  7.0334366E-08
  3.4190371E-08
 -4.8197517E-09
 -4.5371785E-08
 -8.6271221E-08
 -1.2699269E-07
 -1.6734693E-07
 -2.0692717E-07
 -2.4543567E-07
 -2.8330211E-07
 -3.2144354E-07
 -3.6068590E-07
 -4.0200473E-07
 -4.4709975E-07
 -4.9814679E-07
 -5.5718755E-07
 -6.2623076E-07
 -7.0741879E-07
 -8.0205655E-07
 -9.0936271E-07
 -1.0266688E-06
 -1.1505383E-06
 -1.2768850E-06
 -1.4002053E-06
 -1.5138078E-06
 -1.6112858E-06
 -1.6875535E-06
 -1.7388373E-06
 -1.7626687E-06
 -1.7581431E-06
 -1.7255697E-06
 -1.6656554E-06
 -1.5794039E-06
 -1.4686960E-06
 -1.3363316E-06
 -1.1854748E-06
 -1.0195494E-06
 -8.4252054E-07
 -6.5855335E-07
 -4.7131277E-07
 -2.8405856E-07
 -1.0014369E-07
  7.7485005E-08
  2.4739791E-07
  4.0963135E-07
  5.6446095E-07
  7.1179119E-07
  8.5160349E-07
  9.8407054E-07
  1.1089478E-06
  1.2254621E-06
  1.3329844E-06
  1.4312717E-06
  1.5199636E-06
  1.5984631E-06
  1.6664740E-06
  1.7240786E-06
  1.7710979E-06
  1.8069123E-06
  1.8311554E-06
  1.8441035E-06
  1.8460939E-06
  1.8370033E-06
  1.8168063E-06
  1.7864606E-06
  1.7475578E-06
  1.7008298E-06
  1.6458877E-06
  1.5838543E-06
  1.5200878E-06
  1.4616921E-06
  1.4100445E-06
  1.3569158E-06
  1.2907426E-06
  1.2067356E-06
  1.1086797E-06
  1.0016248E-06
  8.8683612E-07
  7.6476658E-07
  6.3849285E-07
  5.1112278E-07
  3.8263499E-07
  2.5246169E-07
  1.2307096E-07
 -2.1672619E-09
 -1.2288069E-07
 -2.4023652E-07
 -3.5312351E-07
 -4.5918347E-07
 -5.5857726E-07
 -6.5356608E-07
 -7.4551650E-07
 -8.3581978E-07
 -9.2904850E-07
 -1.0318361E-06
 -1.1492150E-06
 -1.2852046E-06
 -1.4460206E-06
 -1.6388179E-06
 -1.8674061E-06
 -2.1322955E-06
 -2.4338401E-06
 -2.7709445E-06
 -3.1365980E-06
 -3.5183061E-06
 -3.9024744E-06
 -4.2743695E-06
 -4.6146979E-06
 -4.9022374E-06
 -5.1220350E-06
 -5.2682044E-06
 -5.3391659E-06
 -5.3350700E-06
 -5.2605428E-06
 -5.1246125E-06
 -4.9353703E-06
 -4.6975720E-06
 -4.4159760E-06
 -4.0969003E-06
 -3.7455457E-06
 -3.3659683E-06
 -2.9648734E-06
 -2.5514914E-06
 -2.1327110E-06
 -1.7121878E-06
 -1.2946693E-06
 -8.8648926E-07
 -4.9088703E-07
 -1.0764711E-07
  2.6146839E-07
  6.1166133E-07
  9.4058225E-07
  1.2501231E-06
  1.5417601E-06
  1.8150765E-06
  2.0718041E-06
  2.3159016E-06
  2.5483516E-06
  2.7671783E-06
  2.9737175E-06
  3.1733434E-06
  3.3689169E-06
  3.5591229E-06
  3.7439977E-06
  3.9259080E-06
  4.1042044E-06
  4.2751012E-06
  4.4371536E-06
  4.5902279E-06
  4.7295230E-06
  4.8485358E-06
  4.9471810E-06
  5.0275739E-06
  5.0824324E-06
  5.0990220E-06
  5.0755798E-06
  5.0225221E-06
  4.9466512E-06
  4.8467050E-06
  4.7252893E-06
  4.5903139E-06
  4.4419271E-06
  4.2736569E-06
  4.0907225E-06
  3.9116608E-06
  3.7473594E-06
  3.5946794E-06
  3.4546476E-06
  3.3374408E-06
  3.2427236E-06
  3.1550701E-06
  3.0668880E-06
  2.9855253E-06
  2.9100065E-06
  2.8242250E-06
  2.7230049E-06
  2.6198209E-06
  2.5184315E-06
  2.4061878E-06
  2.2877755E-06
  2.1903561E-06
  2.1181388E-06
  2.0428095E-06
  1.9592799E-06
  1.8892472E-06
  1.7750374E-06
  1.4263204E-06
  6.7169583E-07
 -4.2993344E-07
 -1.5954744E-06
 -2.5497034E-06
 -3.2101536E-06
 -3.6522031E-06
 -3.9675592E-06
 -4.1931180E-06
 -4.3332011E-06
 -4.4011908E-06
 -4.4334829E-06
 -4.4669414E-06
 -4.5034594E-06
 -4.5209435E-06
 -4.5432162E-06
 -4.6749237E-06
 -5.0339731E-06
 -5.6731947E-06
 -6.5996942E-06
 -7.8248495E-06
 -9.3358167E-06
 -1.1061944E-05
 -1.2944803E-05
 -1.4993650E-05
 -1.7175171E-05
 -1.9305298E-05
 -2.1184833E-05
 -2.2768272E-05
 -2.3948360E-05
 -2.4140911E-05
 -2.2386141E-05
 -1.8099025E-05
 -1.1613827E-05
 -3.8377748E-06
  4.4895874E-06
  1.2999964E-05
  2.1336808E-05
  2.8977669E-05
  3.5514648E-05
  4.0890201E-05
  4.5237321E-05
  4.8628754E-05
  5.1082356E-05
  5.2690451E-05
  5.3625488E-05
  5.4083401E-05
  5.4307740E-05
  5.4619046E-05
  5.5352943E-05
  5.6804460E-05
  5.9255479E-05
  6.2964165E-05
  6.8044174E-05
  7.4390751E-05
  8.1768550E-05
  8.9914407E-05
  9.8506469E-05
  1.0710575E-04
  1.1521203E-04
  1.2234917E-04
  1.2805227E-04
  1.3184176E-04
  1.3330540E-04
  1.3217948E-04
  1.2825997E-04
  1.2122701E-04
  1.1061913E-04
  9.6015538E-05
  7.7286124E-05
  5.4784090E-05
  2.9410567E-05
  2.4609030E-06
 -2.4738114E-05
 -5.1165567E-05
 -7.6172466E-05
 -9.9325574E-05
 -1.2028043E-04
 -1.3878796E-04
 -1.5472461E-04
 -1.6806016E-04
 -1.7880517E-04
 -1.8698236E-04
 -1.9261532E-04
 -1.9575295E-04
 -1.9654330E-04
 -1.9527196E-04
 -1.9226810E-04
 -1.8775206E-04
 -1.8180841E-04
 -1.7452135E-04
 -1.6610522E-04
 -1.5688347E-04
 -1.4715755E-04
 -1.3710539E-04
 -1.2678657E-04
 -1.1622738E-04
 -1.0550157E-04
 -9.4735449E-05
 -8.4050414E-05
 -7.3532203E-05
 -6.3272935E-05
 -5.3416825E-05
 -4.4129822E-05
 -3.5526937E-05
 -2.7649699E-05
 -2.0508507E-05
 -1.4124494E-05
 -8.5251340E-06
 -3.7021055E-06
  4.3347791E-07
  4.0477325E-06
  7.3019792E-06
  1.0252943E-05
  1.2849748E-05
  1.5035156E-05
  1.6819595E-05
  1.8247265E-05
  1.9337876E-05
  2.0097683E-05
  2.0555914E-05
  2.0753278E-05
  2.0716539E-05
  2.0469470E-05
  2.0033167E-05
  1.9380137E-05
  1.8427123E-05
  1.7126524E-05
  1.5544487E-05
  1.3804329E-05
  1.1976033E-05
  1.0070151E-05
  8.1197959E-06
  6.2134286E-06
  4.4550852E-06
  2.9394369E-06
  1.7581024E-06
  9.8621422E-07
  6.6886514E-07
  8.5671672E-07
  1.6359786E-06
  3.0740093E-06
  5.1438938E-06
  7.7429304E-06
  1.0764425E-05
  1.4096147E-05
  1.7564837E-05
  2.0957228E-05
  2.4121244E-05
  2.7019807E-05
  2.9697938E-05
  3.2245174E-05
  3.4780285E-05
  3.7406851E-05
  4.0157800E-05
  4.3006974E-05
  4.5927936E-05
  4.8905338E-05
  5.1902003E-05
  5.4864482E-05
  5.7755693E-05
  6.0532409E-05
  6.3094471E-05
  6.5310604E-05
  6.7102570E-05
  6.8464309E-05
  6.9404086E-05
  6.9918729E-05
  7.0024813E-05
  6.9761736E-05
  6.9153350E-05
  6.8206122E-05
  6.6946253E-05
  6.5417022E-05
  6.3641819E-05
  6.1632214E-05
  5.9425038E-05
  5.7062141E-05
  5.4540520E-05
  5.1837880E-05
  4.8986833E-05
  4.6070687E-05
  4.3147200E-05
  4.0230905E-05
  3.7348076E-05
  3.4548193E-05
  3.1855150E-05
  2.9262372E-05
  2.6779802E-05
  2.4429790E-05
  2.2193804E-05
  2.0023004E-05
  1.7910492E-05
  1.5899986E-05
  1.4018231E-05
  1.2250706E-05
  1.0582396E-05
  9.0056710E-06
  7.4943791E-06
  6.0400271E-06
  4.7171279E-06
  3.6423112E-06
  2.8559248E-06
  2.3003424E-06
  1.9092249E-06
  1.6409549E-06
  1.4168886E-06
 -2.0214972E-09
 -9.7000079E-09
 -1.9730507E-08
 -2.3079592E-08
 -2.0732632E-08
 -2.2177140E-08
 -2.6725690E-08
 -2.4997028E-08
 -1.8260813E-08
 -1.6953008E-08
 -2.0501400E-08
 -1.8627551E-08
 -1.2215176E-08
 -1.2100964E-08
 -1.7480861E-08
 -1.7091047E-08
 -1.1643055E-08
 -1.2735603E-08
 -1.9586086E-08
 -2.0063313E-08
 -1.4857584E-08
 -1.6514186E-08
 -2.4315813E-08
 -2.5174666E-08
 -1.9729550E-08
 -2.1514143E-08
 -2.9845229E-08
 -3.0654526E-08
 -2.4737576E-08
 -2.6922439E-08
 -3.6508684E-08
 -3.7896761E-08
 -3.1364227E-08
 -3.2673157E-08
 -4.1273214E-08
 -4.0771003E-08
 -3.1946531E-08
 -3.2101916E-08
 -4.0584506E-08
 -3.9533678E-08
 -2.9845438E-08
 -3.0248827E-08
 -3.9731585E-08
 -3.8701099E-08
 -2.8308179E-08
 -2.9005788E-08
 -3.9354259E-08
 -3.7808416E-08
 -2.5893824E-08
 -2.5946475E-08
 -3.5801524E-08
 -3.1693236E-08
 -1.5916608E-08
 -1.3109489E-08
 -1.9959419E-08
 -9.8797255E-09
  1.3770135E-08
  2.3330809E-08
  2.2861331E-08
  4.0756273E-08
  7.0346779E-08
  7.9576765E-08
  7.4718486E-08
  8.8564164E-08
  1.1247958E-07
  1.1134689E-07
  9.6349531E-08
  1.0571284E-07
  1.2599119E-07
  1.1672882E-07
  9.5986799E-08
  1.0820299E-07
  1.3014972E-07
  1.1323760E-07
  8.8425310E-08
  1.0972305E-07
  1.3489436E-07
  1.0276249E-07
  7.2825053E-08
  1.1508558E-07
  1.3817805E-07
  5.7702213E-08
  3.1654988E-08
  1.5610024E-07
 -6.2716225E-08
 -1.4593900E-06
 -4.2448410E-06
 -7.6665810E-06
 -1.0841124E-05
 -1.3540409E-05
 -1.5884802E-05
 -1.7704931E-05
 -1.8713330E-05
 -1.9065919E-05
 -1.9231580E-05
 -1.9392621E-05
 -1.9408848E-05
 -1.9304447E-05
 -1.9357380E-05
 -1.9726223E-05
 -2.0402817E-05
 -2.1566055E-05
 -2.3619838E-05
 -2.6851962E-05
 -3.1405310E-05
 -3.7603531E-05
 -4.5892259E-05
 -5.6292483E-05
 -6.8132380E-05
 -8.0297206E-05
 -9.1348855E-05
 -9.9310200E-05
 -1.0183248E-04
 -9.7108736E-05
 -8.4804313E-05
 -6.6168643E-05
 -4.3329823E-05
 -1.8324052E-05
  7.5653938E-06
  3.3755256E-05
  5.9753002E-05
  8.4807332E-05
  1.0826635E-04
  1.2995157E-04
  1.4984071E-04
  1.6763038E-04
  1.8301109E-04
  1.9613825E-04
  2.0735717E-04
  2.1666862E-04
  2.2398199E-04
  2.2967403E-04
  2.3428207E-04
  2.3781834E-04
  2.4001900E-04
  2.4103290E-04
  2.4109913E-04
  2.3980835E-04
  2.3667037E-04
  2.3228557E-04
  2.2790600E-04
  2.2395597E-04
  2.2015670E-04
  2.1687787E-04
  2.1475500E-04
  2.1308477E-04
  2.1073909E-04
  2.0873018E-04
  2.0837926E-04
  2.0475859E-04
  1.8493118E-04
  1.3715739E-04
  6.2412386E-05
 -2.5134963E-05
 -1.0869111E-04
 -1.7813535E-04
 -2.3065887E-04
 -2.6723588E-04
 -2.9083024E-04
 -3.0565288E-04
 -3.1541646E-04
 -3.2252524E-04
 -3.2990269E-04
 -3.4283058E-04
 -3.6815184E-04
 -4.1254010E-04
 -4.8251232E-04
 -5.8549939E-04
 -7.2974915E-04
 -9.2222646E-04
 -1.1641975E-03
 -1.4449512E-03
 -1.7380867E-03
 -2.0066767E-03
 -2.2165400E-03
 -2.3473788E-03
 -2.3931882E-03
 -2.3550668E-03
 -2.2358170E-03
 -2.0399296E-03
 -1.7754015E-03
 -1.4543778E-03
 -1.0928534E-03
 -7.0909970E-04
 -3.1969592E-04
  6.4660635E-05
  4.3906012E-04
  7.9959066E-04
  1.1390218E-03
  1.4472839E-03
  1.7154024E-03
  1.9386953E-03
  2.1170944E-03
  2.2532858E-03
  2.3503711E-03
  2.4105588E-03
  2.4354532E-03
  2.4270487E-03
  2.3881211E-03
  2.3219313E-03
  2.2319772E-03
  2.1218185E-03
  1.9945886E-03
  1.8527319E-03
  1.6986629E-03
  1.5355850E-03
  1.3671475E-03
  1.1963145E-03
  1.0249851E-03
  8.5460750E-04
  6.8665622E-04
  5.2259694E-04
  3.6397594E-04
  2.1262298E-04
  7.0312861E-05
 -6.1822982E-05
 -1.8317667E-04
 -2.9302746E-04
 -3.9048764E-04
 -4.7506869E-04
 -5.4687739E-04
 -6.0629303E-04
 -6.5388106E-04
 -6.9054106E-04
 -7.1722339E-04
 -7.3448621E-04
 -7.4277358E-04
 -7.4308249E-04
 -7.3686166E-04
 -7.2526763E-04
 -7.0899812E-04
 -6.8881171E-04
 -6.6565420E-04
 -6.4023014E-04
 -6.1295636E-04
 -5.8437610E-04
 -5.5510749E-04
 -5.2532682E-04
 -4.9481611E-04
 -4.6362312E-04
 -4.3223653E-04
 -4.0107159E-04
 -3.7025771E-04
 -3.3997479E-04
 -3.1049055E-04
 -2.8177252E-04
 -2.5353325E-04
 -2.2575095E-04
 -1.9871599E-04
 -1.7253992E-04
 -1.4712836E-04
 -1.2272451E-04
 -9.9990168E-05
 -7.9441583E-05
 -6.1239625E-05
 -4.5569566E-05
 -3.2706390E-05
 -2.2597966E-05
 -1.4864754E-05
 -9.3135277E-06
 -5.9920612E-06
 -4.6755008E-06
 -4.8098264E-06
 -6.0665820E-06
 -8.4679641E-06
 -1.1879730E-05
 -1.5885897E-05
 -2.0254052E-05
 -2.5003763E-05
 -2.9912720E-05
 -3.4486486E-05
 -3.8541169E-05
 -4.2299962E-05
 -4.5801571E-05
 -4.8746024E-05
 -5.1041599E-05
 -5.2949221E-05
 -5.4543809E-05
 -5.5585046E-05
 -5.6075292E-05
 -5.6395300E-05
 -5.6725377E-05
 -5.6875164E-05
 -5.6835568E-05
 -5.6928729E-05
 -5.7236372E-05
 -5.7443584E-05
 -5.7425073E-05
 -5.7417004E-05
 -5.7433073E-05
 -5.7101421E-05
 -5.6277961E-05
 -5.5233781E-05
 -5.4037111E-05
 -5.2354568E-05
 -5.0080107E-05
 -4.7548689E-05
 -4.4895125E-05
 -4.1815911E-05
 -3.8207600E-05
 -3.4417877E-05
 -3.0607182E-05
 -2.6489186E-05
 -2.1976308E-05
 -1.7454833E-05
 -1.3138458E-05
 -8.7786912E-06
 -4.3023892E-06
 -9.3059498E-08
  3.6665879E-06
  7.2912790E-06
  1.0926626E-05
  1.4234376E-05
  1.7054917E-05
  1.9722029E-05
  2.2390252E-05
  2.4719324E-05
  2.6570295E-05
  2.8337423E-05
  3.0230834E-05
  3.1912958E-05
  3.3212680E-05
  3.4499026E-05
  3.5957230E-05
  3.7201949E-05
  3.8017279E-05
  3.8770355E-05
  3.9670776E-05
  4.0341525E-05
  4.0564744E-05
  4.0725514E-05
  4.1057654E-05
  4.1180494E-05
  4.0855834E-05
  4.0465704E-05
  4.0253559E-05
  3.9842216E-05
  3.9010607E-05
  3.8191603E-05
  3.7675552E-05
  3.7082500E-05
  3.6159363E-05
  3.5320707E-05
  3.4840054E-05
  3.4294997E-05
  3.3397922E-05
  3.2581647E-05
  3.2158678E-05
  3.1704651E-05
  3.0899519E-05
  3.0164952E-05
  2.9819712E-05
  2.9426566E-05
  2.8649480E-05
  2.7929207E-05
  2.7614755E-05
  2.7262377E-05
  2.6512305E-05
  2.5813555E-05
  2.5538782E-05
  2.5236603E-05
  2.4526578E-05
  2.3869950E-05
  2.3662786E-05
  2.3440756E-05
  2.2799359E-05
  2.2215598E-05
  2.2112114E-05
  2.2002632E-05
  2.1438616E-05
  2.0897358E-05
  2.0829522E-05
  2.0743684E-05
  2.0169646E-05
  1.9603243E-05
  1.9529571E-05
  1.9443665E-05
  1.8837325E-05
  1.8213348E-05
  1.8091478E-05
  1.7962480E-05
  1.7291686E-05
  1.6595979E-05
  1.6426849E-05
  1.6258717E-05
  1.5520267E-05
  1.4745108E-05
  1.4528483E-05
  1.4336350E-05
  1.3558573E-05
  1.2738919E-05
  1.2510051E-05
  1.2321687E-05
  1.1516006E-05
  1.0642101E-05
  1.0371480E-05
  1.0142985E-05
  9.2607979E-06
  8.2957649E-06
  7.9767842E-06
  7.7426521E-06
  6.8596391E-06
  5.9142330E-06
  5.6818189E-06
  5.5832379E-06
  4.8265720E-06
  4.0016339E-06
  3.9282545E-06
  4.0102404E-06
  3.3974902E-06
  2.6849098E-06
  2.7394724E-06
  2.9472897E-06
  2.3995549E-06
  1.7047522E-06
  1.7931641E-06
  2.0453826E-06
  1.4971619E-06
  7.7096786E-07
  8.6088608E-07
  1.1385240E-06
  5.7760815E-07
 -1.8822857E-07
 -9.9986437E-08
  2.0338916E-07
 -3.6996482E-07
 -1.1733817E-06
 -1.0768244E-06
 -7.2861269E-07
 -1.2906653E-06
 -2.1056221E-06
 -1.9725783E-06
 -1.5536602E-06
 -2.0871282E-06
 -2.9052326E-06
 -2.7323547E-06
 -2.2424031E-06
 -2.7466597E-06
 -3.5628727E-06
 -3.3476933E-06
 -2.7871442E-06
 -3.1888922E-06
 -3.6721003E-06
 -2.6668167E-06
 -9.7208067E-07
 -3.2982018E-07
 -1.9241975E-07
  9.9935585E-07
  2.5688323E-06
  2.8606701E-06
  2.5365175E-06
  3.3023939E-06
  4.5227944E-06
  4.4930230E-06
  3.9117531E-06
  4.5948027E-06
  5.8948945E-06
  5.9923796E-06
  5.5887394E-06
  6.6200464E-06
  8.4576659E-06
  9.2009150E-06
  9.5880241E-06
  1.1681645E-05
  1.4806423E-05
  1.6837845E-05
  1.8374798E-05
  2.1444872E-05
  2.5208792E-05
  2.7280399E-05
  2.8192464E-05
  3.0101352E-05
  3.2183696E-05
  3.1920015E-05
  2.9831619E-05
  2.8198185E-05
  2.6205626E-05
  2.1316917E-05
  1.4395056E-05
  8.3937211E-06
  3.0199269E-06
 -4.0972727E-06
 -1.2047359E-05
 -1.7897719E-05
 -2.2248880E-05
 -2.7937167E-05
 -3.4233894E-05
 -3.8104943E-05
 -4.0210311E-05
 -4.3659653E-05
 -4.7793212E-05
 -4.9392547E-05
 -4.9111761E-05
 -5.0301882E-05
 -5.2374187E-05
 -5.1954004E-05
 -4.9731239E-05
 -4.9311562E-05
 -5.0113780E-05
 -4.8484580E-05
 -4.5048659E-05
 -4.3635231E-05
 -4.3689593E-05
 -4.1321466E-05
 -3.7145146E-05
 -3.5244229E-05
 -3.5046884E-05
 -3.2328033E-05
 -2.7625436E-05
 -2.5284993E-05
 -2.4766847E-05
 -2.1576543E-05
 -2.6470837E-10
 -1.2477350E-09
 -2.9640859E-09
 -5.0472795E-09
 -7.1242225E-09
 -8.8630987E-09
 -1.0030957E-08
 -1.0563205E-08
 -1.0557771E-08
 -1.0184715E-08
 -9.6214334E-09
 -9.0455945E-09
 -8.5965848E-09
 -8.3058236E-09
 -8.1165119E-09
 -7.9896134E-09
 -7.9384863E-09
 -7.9640845E-09
 -8.0476577E-09
 -8.2368823E-09
 -8.6573788E-09
 -9.3951531E-09
 -1.0422674E-08
 -1.1654523E-08
 -1.2992932E-08
 -1.4290915E-08
 -1.5363854E-08
 -1.6096882E-08
 -1.6488023E-08
 -1.6563174E-08
 -1.6325505E-08
 -1.5812571E-08
 -1.5103542E-08
 -1.4212289E-08
 -1.3046641E-08
 -1.1519612E-08
 -9.6290602E-09
 -7.3940276E-09
 -4.8071089E-09
 -1.9038902E-09
  1.2131065E-09
  4.4907749E-09
  7.9931528E-09
  1.1791005E-08
  1.5854120E-08
  2.0106430E-08
  2.4500288E-08
  2.8961651E-08
  3.3343870E-08
  3.7531752E-08
  4.1536602E-08
  4.5391527E-08
  4.8978794E-08
  5.2042296E-08
  5.4373817E-08
  5.5956960E-08
  5.6951460E-08
  5.7557553E-08
  5.7855228E-08
  5.7746483E-08
  5.7077134E-08
  5.5807039E-08
  5.4011636E-08
  5.1742873E-08
  4.8983949E-08
  4.5735483E-08
  4.2027352E-08
  3.7814811E-08
  3.2966614E-08
  2.7386987E-08
  2.1043007E-08
  1.3842881E-08
  5.6317679E-09
 -3.5760539E-09
 -1.3395154E-08
 -2.3129640E-08
 -3.1989490E-08
 -3.9290839E-08
 -4.4628283E-08
 -4.7969987E-08
 -4.9543914E-08
 -4.9604292E-08
 -4.8362018E-08
 -4.6099704E-08
 -4.3189537E-08
 -3.9948656E-08
 -3.6593754E-08
 -3.3362692E-08
 -3.0536611E-08
 -2.8289916E-08
 -2.6648161E-08
 -2.5643873E-08
 -2.5383210E-08
 -2.5907489E-08
 -2.7122587E-08
 -2.8923083E-08
 -3.1258882E-08
 -3.4026552E-08
 -3.7028322E-08
 -4.0100780E-08
 -4.3168008E-08
 -4.6130250E-08
 -4.8839631E-08
 -5.1237564E-08
 -5.3385175E-08
 -5.5310139E-08
 -5.6943179E-08
 -5.8229247E-08
 -5.9170219E-08
 -5.9744920E-08
 -5.9914683E-08
 -5.9688496E-08
 -5.9072246E-08
 -5.8133420E-08
 -5.7479390E-08
 -5.8645028E-08
 -6.3561473E-08
 -7.3397260E-08
 -8.8036685E-08
 -1.0661339E-07
 -1.2815232E-07
 -1.5163884E-07
 -1.7601064E-07
 -2.0052158E-07
 -2.2498202E-07
 -2.4946561E-07
 -2.7399443E-07
 -2.9867692E-07
 -3.2391208E-07
 -3.5027821E-07
 -3.7847497E-07
 -4.0959966E-07
 -4.4529872E-07
 -4.8750286E-07
 -5.3823328E-07
 -5.9971615E-07
 -6.7414470E-07
 -7.6272539E-07
 -8.6482692E-07
 -9.7802115E-07
 -1.0985776E-06
 -1.2216590E-06
 -1.3414219E-06
 -1.4515800E-06
 -1.5462222E-06
 -1.6203320E-06
 -1.6700245E-06
 -1.6927468E-06
 -1.6872817E-06
 -1.6534082E-06
 -1.5915775E-06
 -1.5029059E-06
 -1.3892259E-06
 -1.2529794E-06
 -1.0971590E-06
 -9.2532525E-07
 -7.4133982E-07
 -5.4886385E-07
 -3.5119700E-07
 -1.5153739E-07
  4.6969390E-08
  2.4157430E-07
  4.3006548E-07
  6.1049383E-07
  7.8104864E-07
  9.4029684E-07
  1.0872648E-06
  1.2211918E-06
  1.3414539E-06
  1.4477785E-06
  1.5402663E-06
  1.6191630E-06
  1.6848439E-06
  1.7379660E-06
  1.7793076E-06
  1.8094617E-06
  1.8289044E-06
  1.8382024E-06
  1.8378505E-06
  1.8281013E-06
  1.8092718E-06
  1.7819779E-06
  1.7468043E-06
  1.7041713E-06
  1.6548364E-06
  1.5999495E-06
  1.5402605E-06
  1.4760481E-06
  1.4081719E-06
  1.3380522E-06
  1.2661687E-06
  1.1922320E-06
  1.1174639E-06
  1.0442134E-06
  9.7218265E-07
  8.9922185E-07
  8.2978283E-07
  7.7863820E-07
  7.5868263E-07
  7.6475618E-07
  7.7581325E-07
  7.7452813E-07
  7.5935452E-07
  7.3642667E-07
  7.0760325E-07
  6.7149057E-07
  6.3013880E-07
  5.8744581E-07
  5.4340046E-07
  4.9585185E-07
  4.4652762E-07
  4.0019432E-07
  3.5904196E-07
  3.2281997E-07
  2.9384196E-07
  2.7723081E-07
  2.7643091E-07
  2.9242648E-07
  3.2675274E-07
  3.8082072E-07
  4.5206707E-07
  5.3442795E-07
  6.2238496E-07
  7.1072725E-07
  7.9059311E-07
  8.4993258E-07
  8.7819251E-07
  8.6690443E-07
  8.0598181E-07
  6.8425902E-07
  4.9507605E-07
  2.3846107E-07
 -8.1314411E-08
 -4.5461920E-07
 -8.6116881E-07
 -1.2708352E-06
 -1.6536728E-06
 -1.9885615E-06
 -2.2631291E-06
 -2.4708327E-06
 -2.6113860E-06
 -2.6908319E-06
 -2.7171227E-06
 -2.6953542E-06
 -2.6275281E-06
 -2.5148718E-06
 -2.3592534E-06
 -2.1640660E-06
 -1.9349100E-06
 -1.6784976E-06
 -1.4008081E-06
 -1.1073906E-06
 -8.0453759E-07
 -4.9789725E-07
 -1.9036501E-07
  1.1654423E-07
  4.1988355E-07
  7.1589631E-07
  1.0023298E-06
  1.2778625E-06
  1.5408583E-06
  1.7915147E-06
  2.0334830E-06
  2.2701536E-06
  2.5010982E-06
  2.7252468E-06
  2.9448320E-06
  3.1621732E-06
  3.3755632E-06
  3.5831938E-06
  3.7880361E-06
  3.9931847E-06
  4.1955036E-06
  4.3901614E-06
  4.5777392E-06
  4.7587396E-06
  4.9240625E-06
  5.0605586E-06
  5.1648935E-06
  5.2423879E-06
  5.2920955E-06
  5.3018480E-06
  5.2585883E-06
  5.1563547E-06
  4.9958453E-06
  4.7855383E-06
  4.5421934E-06
  4.2801034E-06
  3.9998013E-06
  3.6962144E-06
  3.3760289E-06
  3.0564902E-06
  2.7493084E-06
  2.4578148E-06
  2.1879482E-06
  1.9483691E-06
  1.7402120E-06
  1.5591950E-06
  1.4054065E-06
  1.2771425E-06
  1.1591192E-06
  1.0335530E-06
  8.9935878E-07
  7.6343770E-07
  6.2042642E-07
  4.6351118E-07
  3.0702654E-07
  1.7019880E-07
  4.6776677E-08
 -7.5372043E-08
 -1.7738813E-07
 -2.4815472E-07
 -3.7034357E-07
 -7.1810189E-07
 -1.4495513E-06
 -2.6327084E-06
 -4.2561524E-06
 -6.2105973E-06
 -8.2192355E-06
 -9.8944238E-06
 -1.0984877E-05
 -1.1555132E-05
 -1.1855501E-05
 -1.2046185E-05
 -1.2124203E-05
 -1.2080542E-05
 -1.1999547E-05
 -1.1966276E-05
 -1.1967584E-05
 -1.1956427E-05
 -1.1987388E-05
 -1.2246950E-05
 -1.2955861E-05
 -1.4250872E-05
 -1.6142845E-05
 -1.8571051E-05
 -2.1482569E-05
 -2.4830357E-05
 -2.8493021E-05
 -3.2249929E-05
 -3.5857051E-05
 -3.9075065E-05
 -4.1575880E-05
 -4.2916545E-05
 -4.2706859E-05
 -4.0732339E-05
 -3.6816935E-05
 -3.0719199E-05
 -2.2444776E-05
 -1.2658795E-05
 -2.4830733E-06
  7.2741859E-06
  1.6518063E-05
  2.5397501E-05
  3.3675256E-05
  4.0797142E-05
  4.6436573E-05
  5.0683648E-05
  5.3731816E-05
  5.5646484E-05
  5.6492245E-05
  5.6472538E-05
  5.5838940E-05
  5.4788714E-05
  5.3525644E-05
  5.2310050E-05
  5.1363932E-05
  5.0785275E-05
  5.0583541E-05
  5.0707429E-05
  5.0996518E-05
  5.1202394E-05
  5.1126499E-05
  5.0687449E-05
  4.9837974E-05
  4.8517119E-05
  4.6735146E-05
  4.4605498E-05
  4.2210824E-05
  3.9503429E-05
  3.6407739E-05
  3.2955155E-05
  2.9243422E-05
  2.5332494E-05
  2.1285232E-05
  1.7277336E-05
  1.3555267E-05
  1.0251242E-05
  7.2555054E-06
  4.2251468E-06
  6.6333678E-07
 -3.9455849E-06
 -9.9306881E-06
 -1.7272443E-05
 -2.5631682E-05
 -3.4527206E-05
 -4.3485856E-05
 -5.2099800E-05
 -6.0056649E-05
 -6.7158966E-05
 -7.3280149E-05
 -7.8281671E-05
 -8.1999846E-05
 -8.4334446E-05
 -8.5341293E-05
 -8.5218751E-05
 -8.4179817E-05
 -8.2314866E-05
 -7.9590362E-05
 -7.6018310E-05
 -7.1820374E-05
 -6.7366578E-05
 -6.2930063E-05
 -5.8548780E-05
 -5.4143522E-05
 -4.9698319E-05
 -4.5270262E-05
 -4.0883671E-05
 -3.6506313E-05
 -3.2130811E-05
 -2.7831962E-05
 -2.3746203E-05
 -2.0014670E-05
 -1.6713024E-05
 -1.3805464E-05
 -1.1213482E-05
 -8.9762616E-06
 -7.2841708E-06
 -6.2620452E-06
 -5.7324360E-06
 -5.2724035E-06
 -4.5151951E-06
 -3.3594970E-06
 -1.9249501E-06
 -4.0396367E-07
  1.0319436E-06
  2.2791560E-06
  3.3251745E-06
  4.2035103E-06
  4.9012542E-06
  5.3298763E-06
  5.3862800E-06
  5.0031795E-06
  4.1325143E-06
  2.7254605E-06
  7.5938487E-07
 -1.7264329E-06
 -4.6226824E-06
 -7.7550267E-06
 -1.0898602E-05
 -1.3815177E-05
 -1.6284679E-05
 -1.8097846E-05
 -1.9049136E-05
 -1.8978390E-05
 -1.7815681E-05
 -1.5565058E-05
 -1.2271516E-05
 -8.0419240E-06
 -3.0667725E-06
  2.4452811E-06
  8.3584528E-06
  1.4594234E-05
  2.1026968E-05
  2.7423010E-05
  3.3457942E-05
  3.8756200E-05
  4.2973112E-05
  4.5956567E-05
  4.7859619E-05
  4.9030103E-05
  4.9757000E-05
  5.0142648E-05
  5.0181403E-05
  4.9863789E-05
  4.9186594E-05
  4.8150741E-05
  4.6798832E-05
  4.5205685E-05
  4.3404834E-05
  4.1380037E-05
  3.9159611E-05
  3.6863439E-05
  3.4618188E-05
  3.2468590E-05
  3.0403038E-05
  2.8422692E-05
  2.6555588E-05
  2.4848148E-05
  2.3374336E-05
  2.2203336E-05
  2.1312517E-05
  2.0567133E-05
  1.9831674E-05
  1.9088247E-05
  1.8435290E-05
  1.8019166E-05
  1.7998034E-05
  1.8512384E-05
  1.9609848E-05
  2.1186857E-05
  2.3022008E-05
  2.4847770E-05
  2.6376852E-05
  2.7314469E-05
  2.7423082E-05
  2.6600701E-05
  2.4888865E-05
  2.2415261E-05
  1.9333698E-05
  1.5782236E-05
  1.1857386E-05
