  -9.9376343e-12
   6.7443043e-10
   2.5806071e-09
   5.4170509e-09
   8.9966260e-09
   1.3086744e-08
   1.7516658e-08
   2.2109959e-08
   2.6728562e-08
   3.1245637e-08
   3.5560495e-08
   3.9589446e-08
   4.3267911e-08
   4.6548523e-08
   4.9399277e-08
   5.1801837e-08
   5.3749809e-08
   5.5247020e-08
   5.6305839e-08
   5.6945576e-08
   5.7190968e-08
   5.7070796e-08
   5.6616615e-08
   5.5861629e-08
   5.4839708e-08
   5.3584541e-08
   5.2128930e-08
   5.0504216e-08
   4.8739832e-08
   4.6862967e-08
   4.4898343e-08
   4.2868078e-08
   4.0791640e-08
   3.8685865e-08
   3.6565037e-08
   3.4441021e-08
   3.2323426e-08
   3.0219802e-08
   2.8135853e-08
   2.6075661e-08
   2.4041918e-08
   2.2036147e-08
   2.0058929e-08
   1.8110101e-08
   1.6188957e-08
   1.4294417e-08
   1.2425188e-08
   1.0579895e-08
   8.7572014e-09
   6.9558993e-09
   5.1749883e-09
   3.4137309e-09
   1.6716919e-09
  -5.1238073e-11
  -1.7548331e-09
  -3.4385357e-09
  -5.1014697e-09
  -6.7424636e-09
  -8.3600797e-09
  -9.9526483e-09
  -1.1518307e-08
  -1.3055042e-08
  -1.4560725e-08
  -1.6033164e-08
  -1.7470132e-08
  -1.8869415e-08
  -2.0228840e-08
  -2.1546311e-08
  -2.2819837e-08
  -2.4047555e-08
  -2.5227750e-08
  -2.6358876e-08
  -2.7439560e-08
  -2.8468620e-08
  -2.9445063e-08
  -3.0368090e-08
  -3.1237092e-08
  -3.2051649e-08
  -3.2811524e-08
  -3.3516650e-08
  -3.4167126e-08
  -3.4763202e-08
  -3.5305269e-08
  -3.5793846e-08
  -3.6229567e-08
  -3.6613169e-08
  -3.6945479e-08
  -3.7227402e-08
  -3.7459911e-08
  -3.7644031e-08
  -3.7780836e-08
  -3.7871436e-08
  -3.7916968e-08
  -3.7918593e-08
  -3.7877485e-08
  -3.7794827e-08
  -3.7671809e-08
  -3.7509622e-08
  -3.7309457e-08
  -3.7072499e-08
  -3.6799931e-08
  -3.6492929e-08
  -3.6152665e-08
  -3.5780302e-08
  -3.5376999e-08
  -3.4943909e-08
  -3.4482182e-08
  -3.3992962e-08
  -3.3477392e-08
  -3.2936609e-08
  -3.2371754e-08
  -3.1783962e-08
  -3.1174369e-08
  -3.0544114e-08
  -2.9894331e-08
  -2.9226157e-08
  -2.8540729e-08
  -2.7839183e-08
  -2.7122653e-08
  -2.6392272e-08
  -2.5649170e-08
  -2.4894474e-08
  -2.4129305e-08
  -2.3354778e-08
  -2.2572001e-08
  -2.1782072e-08
  -2.0986078e-08
  -2.0185096e-08
  -1.9380187e-08
  -1.8572397e-08
  -1.7762757e-08
  -1.6952277e-08
  -1.6141949e-08
  -1.5332743e-08
  -1.4525608e-08
  -1.3721467e-08
  -1.2921219e-08
  -1.2125738e-08
  -1.1335869e-08
  -1.0552433e-08
  -9.7762181e-09
  -9.0079864e-09
  -8.2484691e-09
  -7.4983677e-09
  -6.7583530e-09
  -6.0290656e-09
  -5.3111148e-09
  -4.6050795e-09
  -3.9115073e-09
  -3.2309153e-09
  -2.5637899e-09
  -1.9105871e-09
  -1.2717326e-09
  -6.4762230e-10
  -3.8622747e-11
   5.5492871e-10
   1.1327233e-09
   1.6944806e-09
   2.2399475e-09
   2.7688984e-09
   3.2811342e-09
   3.7764819e-09
   4.2547938e-09
   4.7159473e-09
   5.1598441e-09
   5.5864096e-09
   5.9955923e-09
   6.3873632e-09
   6.7617153e-09
   7.1186626e-09
   7.4582401e-09
   7.7805027e-09
   8.0855246e-09
   8.3733990e-09
   8.6442371e-09
   8.8981677e-09
   9.1353365e-09
   9.3559056e-09
   9.5600526e-09
   9.7479701e-09
   9.9198654e-09
   1.0075959e-08
   1.0216486e-08
   1.0341691e-08
   1.0451834e-08
   1.0547185e-08
   1.0628023e-08
   1.0694640e-08
   1.0747335e-08
   1.0786416e-08
   1.0812201e-08
   1.0825014e-08
   1.0825187e-08
   1.0813057e-08
   1.0788969e-08
   1.0753270e-08
   1.0706315e-08
   1.0648461e-08
   1.0580070e-08
   1.0501506e-08
   1.0413135e-08
   1.0315326e-08
   1.0208449e-08
   1.0092875e-08
   9.9689758e-09
   9.8371217e-09
   9.6976841e-09
   9.5510326e-09
   9.3975359e-09
   9.2375605e-09
   9.0714707e-09
   8.8996284e-09
   8.7223922e-09
   8.5401176e-09
   8.3531562e-09
   8.1618555e-09
   7.9665589e-09
   7.7676047e-09
   7.5653266e-09
   7.3600528e-09
   7.1521062e-09
   6.9418038e-09
   6.7294566e-09
   6.5153694e-09
   6.2998408e-09
   6.0831626e-09
   5.8656199e-09
   5.6474908e-09
   5.4290464e-09
   5.2105506e-09
   4.9922600e-09
   4.7744236e-09
   4.5572831e-09
   4.3410727e-09
   4.1260190e-09
   3.9123417e-09
   3.7002547e-09
   3.4899632e-09
   3.2816601e-09
   3.0755163e-09
   2.8716890e-09
   2.6703038e-09
   2.4714509e-09
   2.2748747e-09
   2.0794899e-09
   1.8823987e-09
   1.6769671e-09
   1.4552375e-09
   1.2213176e-09
   1.0076690e-09
   8.8145677e-10
   9.4967357e-10
   1.3632956e-09
   2.3178988e-09
   4.0484356e-09
   6.8124536e-09
   1.0872160e-08
   1.6484714e-08
   2.3731569e-08
   3.2258650e-08
   4.1314556e-08
   4.9188661e-08
   5.2535953e-08
   4.7342250e-08
   2.8462677e-08
  -1.1031410e-08
  -7.9120234e-08
  -1.8338849e-07
  -3.3072998e-07
  -5.2712217e-07
  -7.7481160e-07
  -1.0715198e-06
  -1.4108872e-06
  -1.7836338e-06
  -2.1737403e-06
  -2.5561522e-06
  -2.8971934e-06
  -3.1602664e-06
  -3.3095846e-06
  -3.3153976e-06
  -3.1626652e-06
  -2.8535179e-06
  -2.4031517e-06
  -1.8339044e-06
  -1.1721870e-06
  -4.4425252e-07
   3.2807964e-07
   1.1245198e-06
   1.9216528e-06
   2.6977343e-06
   3.4448388e-06
   4.1648566e-06
   4.8620129e-06
   5.5424216e-06
   6.2080065e-06
   6.8452444e-06
   7.4274537e-06
   7.9250642e-06
   8.3151139e-06
   8.5814407e-06
   8.7119996e-06
   8.7010311e-06
   8.5434376e-06
   8.2366585e-06
   7.7842553e-06
   7.1970808e-06
   6.4886483e-06
   5.6696439e-06
   4.7451752e-06
   3.7190556e-06
   2.5970069e-06
   1.3870763e-06
   1.0749535e-07
  -1.2085801e-06
  -2.5235400e-06
  -3.8069169e-06
  -5.0319432e-06
  -6.1705337e-06
  -7.1950145e-06
  -8.0810268e-06
  -8.8022970e-06
  -9.3340807e-06
  -9.6601977e-06
  -9.7860842e-06
  -9.7358505e-06
  -9.5406919e-06
  -9.2273039e-06
  -8.8066284e-06
  -8.2680074e-06
  -7.6028439e-06
  -6.8245351e-06
  -5.9616212e-06
  -5.0510005e-06
  -4.1264062e-06
  -3.2063327e-06
  -2.2891355e-06
  -1.3666124e-06
  -4.4996773e-07
   4.0790797e-07
   1.1498414e-06
   1.7579098e-06
   2.2322366e-06
   2.5734980e-06
   2.8102651e-06
   2.9805660e-06
   3.0824161e-06
   3.1005710e-06
   3.0431520e-06
   2.9195920e-06
   2.7376000e-06
   2.5160135e-06
   2.2713483e-06
   2.0109441e-06
   1.7326023e-06
   1.4275342e-06
   1.0929229e-06
   7.3564317e-07
   3.7144806e-07
   1.7192584e-08
  -3.0623000e-07
  -5.8898872e-07
  -8.4346013e-07
  -1.0800491e-06
  -1.2924821e-06
  -1.4908858e-06
  -1.6856437e-06
  -1.8617949e-06
  -2.0163895e-06
  -2.1452404e-06
  -2.2384544e-06
  -2.2840774e-06
  -2.2615047e-06
  -2.1630066e-06
  -1.9950677e-06
  -1.7638763e-06
  -1.4747086e-06
  -1.1458861e-06
  -8.0422181e-07
  -4.7353178e-07
  -1.7948180e-07
   5.2643579e-08
   1.9805317e-07
   2.2335704e-07
   9.4830764e-08
  -2.1947896e-07
  -7.5738320e-07
  -1.5519110e-06
  -2.6354381e-06
  -4.0312180e-06
  -5.7421809e-06
  -7.7465928e-06
  -9.9863626e-06
  -1.2368941e-05
  -1.4777232e-05
  -1.7077786e-05
  -1.9141004e-05
  -2.0848347e-05
  -2.2107057e-05
  -2.2845732e-05
  -2.3005113e-05
  -2.2544580e-05
  -2.1452680e-05
  -1.9770676e-05
  -1.7576102e-05
  -1.4955870e-05
  -1.1985117e-05
  -8.7191463e-06
  -5.1948663e-06
  -1.4365732e-06
   2.5337801e-06
   6.7002698e-06
   1.1025679e-05
   1.5425469e-05
   1.9809183e-05
   2.4114351e-05
   2.8279833e-05
   3.2239853e-05
   3.5927847e-05
   3.9265405e-05
   4.2162509e-05
   4.4533352e-05
   4.6324496e-05
   4.7538208e-05
   4.8212761e-05
   4.8381073e-05
   4.8075208e-05
   4.7340879e-05
   4.6203080e-05
   4.4639632e-05
   4.2619317e-05
   4.0149899e-05
   3.7256529e-05
   3.3978293e-05
   3.0376501e-05
   2.6516614e-05
   2.2476295e-05
   1.8351766e-05
   1.4234880e-05
   1.0193948e-05
   6.2827172e-06
   2.5568064e-06
  -9.4894802e-07
  -4.2156078e-06
  -7.2462053e-06
  -1.0072581e-05
  -1.2736695e-05
  -1.5292057e-05
  -1.7790000e-05
  -2.0256300e-05
  -2.2705329e-05
  -2.5151405e-05
  -2.7605676e-05
  -3.0079932e-05
  -3.2604471e-05
  -3.5224888e-05
  -3.7982388e-05
  -4.0923592e-05
  -4.4083471e-05
  -4.7482188e-05
  -5.1121717e-05
  -5.4958279e-05
  -5.8918802e-05
  -6.2945101e-05
  -6.6995550e-05
  -7.1021811e-05
  -7.5001028e-05
  -7.8954649e-05
  -8.2915735e-05
  -8.6872958e-05
  -9.0792212e-05
  -9.4606914e-05
  -9.8196224e-05
  -1.0138759e-04
  -1.0395764e-04
  -1.0565374e-04
  -1.0619300e-04
  -1.0527721e-04
  -1.0260009e-04
  -9.7896385e-05
  -9.0982131e-05
  -8.1723928e-05
  -7.0027452e-05
  -5.5825347e-05
  -3.9105910e-05
  -1.9950641e-05
   1.4793068e-06
   2.4888808e-05
   4.9833737e-05
   7.5765334e-05
   1.0207721e-04
   1.2811658e-04
   1.5318785e-04
   1.7664184e-04
   1.9788667e-04
   2.1638414e-04
   2.3169541e-04
   2.4349982e-04
   2.5161468e-04
   2.5597206e-04
   2.5660111e-04
   2.5360510e-04
   2.4715493e-04
   2.3747979e-04
   2.2482854e-04
   2.0945129e-04
   1.9160809e-04
   1.7164320e-04
   1.4998577e-04
   1.2701343e-04
   1.0303761e-04
   7.8360351e-05
   5.3235860e-05
   7.2773486e-11
  -8.2264781e-09
  -3.1025378e-08
  -6.4661012e-08
  -1.0652449e-07
  -1.5321303e-07
  -2.0183113e-07
  -2.4922676e-07
  -2.9256968e-07
  -3.2907189e-07
  -3.5622814e-07
  -3.7180177e-07
  -3.7396381e-07
  -3.6135617e-07
  -3.3309285e-07
  -2.8880118e-07
  -2.2866070e-07
  -1.5341102e-07
  -6.4319493e-08
   3.6825575e-08
   1.4774264e-07
   2.6573128e-07
   3.8777729e-07
   5.1070523e-07
   6.3128253e-07
   7.4635655e-07
   8.5302325e-07
   9.4867722e-07
   1.0309982e-06
   1.0980131e-06
   1.1481427e-06
   1.1800954e-06
   1.1928210e-06
   1.1856326e-06
   1.1583712e-06
   1.1115009e-06
   1.0461290e-06
   9.6397186e-07
   8.6726062e-07
   7.5857590e-07
   6.4067856e-07
   5.1628444e-07
   3.8785128e-07
   2.5746103e-07
   1.2682440e-07
  -2.7025858e-09
  -1.3018619e-07
  -2.5516922e-07
  -3.7752751e-07
  -4.9732785e-07
  -6.1482700e-07
  -7.3042915e-07
  -8.4459327e-07
  -9.5770199e-07
  -1.0699524e-06
  -1.1813389e-06
  -1.2916955e-06
  -1.4006955e-06
  -1.5078643e-06
  -1.6126330e-06
  -1.7144509e-06
  -1.8128798e-06
  -1.9075553e-06
  -1.9981621e-06
  -2.0844260e-06
  -2.1660777e-06
  -2.2428193e-06
  -2.3143034e-06
  -2.3801181e-06
  -2.4398301e-06
  -2.4930716e-06
  -2.5395643e-06
  -2.5791152e-06
  -2.6115864e-06
  -2.6368396e-06
  -2.6546231e-06
  -2.6645100e-06
  -2.6658949e-06
  -2.6580279e-06
  -2.6400558e-06
  -2.6110456e-06
  -2.5699815e-06
  -2.5157712e-06
  -2.4472656e-06
  -2.3632664e-06
  -2.2626257e-06
  -2.1443816e-06
  -2.0079132e-06
  -1.8530388e-06
  -1.6800679e-06
  -1.4898269e-06
  -1.2836424e-06
  -1.0633436e-06
  -8.3128086e-07
  -5.9028772e-07
  -3.4353561e-07
  -9.4412781e-08
   1.5356191e-07
   3.9688595e-07
   6.3220089e-07
   8.5642325e-07
   1.0668817e-06
   1.2614182e-06
   1.4384783e-06
   1.5971437e-06
   1.7370705e-06
   1.8584470e-06
   1.9619379e-06
   2.0485552e-06
   2.1195505e-06
   2.1763017e-06
   2.2202044e-06
   2.2525448e-06
   2.2743564e-06
   2.2864397e-06
   2.2894700e-06
   2.2841061e-06
   2.2710665e-06
   2.2511324e-06
   2.2252079e-06
   2.1942673e-06
   2.1591725e-06
   2.1205687e-06
   2.0788280e-06
   2.0340233e-06
   1.9859479e-06
   1.9341484e-06
   1.8779414e-06
   1.8163378e-06
   1.7479480e-06
   1.6710191e-06
   1.5835689e-06
   1.4836193e-06
   1.3694745e-06
   1.2398807e-06
   1.0940787e-06
   9.3176077e-07
   7.5292559e-07
   5.5776865e-07
   3.4679703e-07
   1.2089751e-07
  -1.1868690e-07
  -3.7036434e-07
  -6.3212966e-07
  -9.0160985e-07
  -1.1761180e-06
  -1.4527067e-06
  -1.7282852e-06
  -1.9997056e-06
  -2.2638164e-06
  -2.5174442e-06
  -2.7574249e-06
  -2.9806346e-06
  -3.1840293e-06
  -3.3647429e-06
  -3.5202384e-06
  -3.6483600e-06
  -3.7473323e-06
  -3.8157811e-06
  -3.8527987e-06
  -3.8579787e-06
  -3.8313972e-06
  -3.7735978e-06
  -3.6854458e-06
  -3.5680003e-06
  -3.4224919e-06
  -3.2502654e-06
  -3.0527312e-06
  -2.8313613e-06
  -2.5875982e-06
  -2.3227220e-06
  -2.0378773e-06
  -1.7339863e-06
  -1.4116672e-06
  -1.0713326e-06
  -7.1325324e-07
  -3.3762396e-07
   5.5342660e-08
   4.6527453e-07
   8.9145733e-07
   1.3327285e-06
   1.7874294e-06
   2.2533730e-06
   2.7279451e-06
   3.2081910e-06
   3.6908316e-06
   4.1723360e-06
   4.6489818e-06
   5.1169057e-06
   5.5722433e-06
   6.0111865e-06
   6.4300336e-06
   6.8253233e-06
   7.1939232e-06
   7.5331078e-06
   7.8405673e-06
   8.1143312e-06
   8.3527845e-06
   8.5546591e-06
   8.7190219e-06
   8.8453259e-06
   8.9335265e-06
   8.9841788e-06
   8.9984434e-06
   8.9780734e-06
   8.9253885e-06
   8.8431785e-06
   8.7346141e-06
   8.6031059e-06
   8.4519526e-06
   8.2835761e-06
   8.0981517e-06
   7.8915397e-06
   7.6532284e-06
   7.3635774e-06
   6.9924059e-06
   6.4996240e-06
   5.8360017e-06
   4.9479571e-06
   3.7828544e-06
   2.2962274e-06
   4.6009295e-07
  -1.7283509e-06
  -4.2315301e-06
  -6.9715812e-06
  -9.8350835e-06
  -1.2672074e-05
  -1.5308747e-05
  -1.7580588e-05
  -1.9363301e-05
  -2.0577303e-05
  -2.1206546e-05
  -2.1302136e-05
  -2.0927092e-05
  -2.0109455e-05
  -1.8849049e-05
  -1.7132588e-05
  -1.4959580e-05
  -1.2343543e-05
  -9.2827898e-06
  -5.7888448e-06
  -1.8863504e-06
   2.3771181e-06
   6.8950861e-06
   1.1516186e-05
   1.6072376e-05
   2.0401144e-05
   2.4358637e-05
   2.7827900e-05
   3.0739271e-05
   3.3071336e-05
   3.4825815e-05
   3.6026827e-05
   3.6695678e-05
   3.6850570e-05
   3.6513195e-05
   3.5692156e-05
   3.4410402e-05
   3.2709112e-05
   3.0623343e-05
   2.8185360e-05
   2.5419651e-05
   2.2353628e-05
   1.9057494e-05
   1.5628031e-05
   1.2175075e-05
   8.8250228e-06
   5.6713705e-06
   2.7733414e-06
   1.6693233e-07
  -2.1346175e-06
  -4.1410766e-06
  -5.8804836e-06
  -7.3941780e-06
  -8.7309155e-06
  -9.9338966e-06
  -1.1025837e-05
  -1.2017286e-05
  -1.2909118e-05
  -1.3685203e-05
  -1.4334574e-05
  -1.4866535e-05
  -1.5314232e-05
  -1.5729265e-05
  -1.6182593e-05
  -1.6737651e-05
  -1.7421132e-05
  -1.8234891e-05
  -1.9165581e-05
  -2.0180315e-05
  -2.1220354e-05
  -2.2204531e-05
  -2.3049688e-05
  -2.3691470e-05
  -2.4090042e-05
  -2.4221368e-05
  -2.4093103e-05
  -2.3733959e-05
  -2.3162088e-05
  -2.2393575e-05
  -2.1440473e-05
  -2.0314054e-05
  -1.9036959e-05
  -1.7658561e-05
  -1.6221476e-05
  -1.4727776e-05
  -1.3160422e-05
  -1.1505588e-05
  -9.7902959e-06
  -8.0929340e-06
  -6.5277009e-06
  -5.2003498e-06
  -4.1909220e-06
  -3.5351939e-06
  -3.2246561e-06
  -3.2384909e-06
  -3.5548339e-06
  -4.1568952e-06
  -5.0311762e-06
  -6.1546079e-06
  -7.4776063e-06
  -8.9466451e-06
  -1.0524571e-05
  -1.2175298e-05
  -1.3861193e-05
  -1.5549879e-05
  -1.7228053e-05
  -1.8895423e-05
  -2.0558532e-05
  -2.2249411e-05
  -2.4020177e-05
  -2.5937374e-05
  -2.8086658e-05
  -3.0593252e-05
  -3.3601709e-05
  -3.7194863e-05
  -4.1371403e-05
  -4.6027155e-05
  -5.0962416e-05
  -5.5887761e-05
  -6.0459786e-05
  -6.4321187e-05
  -6.7156814e-05
  -6.8692248e-05
  -6.8698694e-05
  -6.7067383e-05
  -6.3792779e-05
  -5.8902693e-05
  -5.2414330e-05
  -4.4346997e-05
  -3.4731293e-05
  -2.3684924e-05
  -1.1460831e-05
   1.6397607e-06
   1.5378907e-05
   2.9623862e-05
   4.4278568e-05
   5.9232575e-05
   7.4345100e-05
   8.9398966e-05
   1.0403561e-04
   1.1778437e-04
   1.3018918e-04
   1.4086299e-04
   1.4946898e-04
   1.5572320e-04
   1.5945246e-04
   1.6060739e-04
   1.5917846e-04
   1.5511012e-04
   1.4832553e-04
   1.3873793e-04
   1.2620822e-04
   1.1064915e-04
   9.2132635e-05
   7.0889278e-05
   4.7262263e-05
   2.1626768e-05
  -5.6119141e-06
  -3.3973932e-05
  -6.2899110e-05
  -9.1689186e-05
  -1.1948964e-04
  -1.4532456e-04
  -1.6821993e-04
  -1.8734595e-04
  -2.0201410e-04
  -2.1161546e-04
  -2.1568877e-04
  -2.1401479e-04
  -2.0659006e-04
  -1.9355418e-04
  -1.7513197e-04
  -1.5172110e-04
  -1.2389899e-04
  -9.2389595e-05
  -5.8130871e-05
  -2.2324564e-05
   1.3764187e-05
   4.9105898e-05
   8.2854878e-05
   1.1427056e-04
   1.4273580e-04
   1.6775042e-04
   1.8891215e-04
   2.0606766e-04
   2.1940107e-04
   2.2926280e-04
   2.3593044e-04
   2.3957162e-04
   2.4037803e-04
   2.3855817e-04
   2.3421039e-04
   2.2730215e-04
   2.1781873e-04
   2.0604163e-04
   1.9237316e-04
   1.7717344e-04
   1.6059989e-04
   1.4271921e-04
   1.2369239e-04
   1.0376172e-04
   8.3186239e-05
   6.2117290e-05
   4.0704212e-05
   1.9195677e-05
  -2.1156282e-06
  -2.3046314e-05
  -4.3432538e-05
  -6.3115752e-05
  -8.2031100e-05
  -1.0015086e-04
  -1.1744184e-04
  -1.3382961e-04
  -1.4915162e-04
  -1.6319820e-04
  -1.7585369e-04
  -1.8712500e-04
  -1.9693633e-04
  -2.0508705e-04
  -2.1139991e-04
  -2.1574107e-04
  -2.1796579e-04
  -2.1796047e-04
  -2.1568428e-04
  -2.1115439e-04
  -2.0435863e-04
  -1.9532246e-04
  -1.8416444e-04
  -1.7108349e-04
  -1.5636891e-04
  -1.4035271e-04
  -1.2343171e-04
  -1.0600442e-04
  -8.8433515e-05
  -7.1016186e-05
  -5.4020299e-05
  -3.7784901e-05
  -2.2635515e-05
  -8.7438563e-06
   3.7739026e-06
   1.4826695e-05
   2.4493449e-05
   3.3020885e-05
   4.0695518e-05
   4.7799625e-05
   5.4496253e-05
   6.0721174e-05
   6.6166041e-05
   7.0497570e-05
   7.3501456e-05
   7.5091478e-05
   7.5370694e-05
   7.4506743e-05
   7.2641159e-05
   6.9870548e-05
   6.6131187e-05
   6.1334323e-05
   5.5638540e-05
   4.9452138e-05
   4.3189481e-05
   3.7245415e-05
   3.1955119e-05
   2.7464777e-05
   2.3667288e-05
   2.0324130e-05
   1.7205836e-05
   1.4087686e-05
   1.0833470e-05
   7.4842254e-06
   4.1448274e-06
   8.1404467e-07
  -2.5666255e-06
  -6.1331397e-06
  -9.9868053e-06
  -1.4106025e-05
  -1.8350558e-05
  -2.2501739e-05
  -2.6286584e-05
  -2.9465172e-05
  -3.1930528e-05
  -3.3722206e-05
  -3.5110157e-05
  -3.6472038e-05
  -3.8014527e-05
  -3.9807550e-05
  -4.1925608e-05
  -4.4319090e-05
  -4.6690331e-05
  -4.8660421e-05
  -4.9818542e-05
  -4.9710829e-05
   3.8394550e-10
  -1.8240786e-08
  -6.9887640e-08
  -1.4783490e-07
  -2.4962150e-07
  -3.7312451e-07
  -5.1933721e-07
  -6.9021489e-07
  -8.8942810e-07
  -1.1211486e-06
  -1.3898926e-06
  -1.6996851e-06
  -2.0535699e-06
  -2.4530788e-06
  -2.8977977e-06
  -3.3851264e-06
  -3.9102416e-06
  -4.4661235e-06
  -5.0436315e-06
  -5.6316101e-06
  -6.2170156e-06
  -6.7851249e-06
  -7.3198747e-06
  -7.8042394e-06
  -8.2206669e-06
  -8.5515864e-06
  -8.7799003e-06
  -8.8894388e-06
  -8.8653677e-06
  -8.6945885e-06
  -8.3660888e-06
  -7.8711995e-06
  -7.2038687e-06
  -6.3609910e-06
  -5.3426234e-06
  -4.1520231e-06
  -2.7956323e-06
  -1.2828869e-06
   3.7407845e-07
   2.1606851e-06
   4.0601066e-06
   6.0534428e-06
   8.1199123e-06
   1.0237103e-05
   1.2381283e-05
   1.4527856e-05
   1.6651842e-05
   1.8728348e-05
   2.0732920e-05
   2.2641855e-05
   2.4432575e-05
   2.6084060e-05
   2.7577110e-05
   2.8894545e-05
   3.0021430e-05
   3.0945185e-05
   3.1655644e-05
   3.2145085e-05
   3.2408262e-05
   3.2442455e-05
   3.2247438e-05
   3.1825466e-05
   3.1181213e-05
   3.0321655e-05
   2.9255956e-05
   2.7995324e-05
   2.6552802e-05
   2.4943054e-05
   2.3182131e-05
   2.1287148e-05
   1.9275997e-05
   1.7167243e-05
   1.4979982e-05
   1.2733553e-05
   1.0447196e-05
   8.1398053e-06
   5.8295994e-06
   3.5337533e-06
   1.2681038e-06
  -9.5309687e-07
  -3.1173929e-06
  -5.2142407e-06
  -7.2350102e-06
  -9.1729041e-06
  -1.1022875e-05
  -1.2781409e-05
  -1.4446289e-05
  -1.6016463e-05
  -1.7491951e-05
  -1.8873717e-05
  -2.0163473e-05
  -2.1363475e-05
  -2.2476361e-05
  -2.3505102e-05
  -2.4452864e-05
  -2.5322772e-05
  -2.6117744e-05
  -2.6840520e-05
  -2.7493807e-05
  -2.8080318e-05
  -2.8602791e-05
  -2.9063877e-05
  -2.9466030e-05
  -2.9811437e-05
  -3.0101997e-05
  -3.0339449e-05
  -3.0525387e-05
  -3.0661184e-05
  -3.0748128e-05
  -3.0787571e-05
  -3.0780822e-05
  -3.0728966e-05
  -3.0632714e-05
  -3.0492272e-05
  -3.0307400e-05
  -3.0077509e-05
  -2.9801765e-05
  -2.9479100e-05
  -2.9108188e-05
  -2.8687320e-05
  -2.8214387e-05
  -2.7687127e-05
  -2.7103387e-05
  -2.6461301e-05
  -2.5759455e-05
  -2.4997031e-05
  -2.4173919e-05
  -2.3290719e-05
  -2.2348614e-05
  -2.1349243e-05
  -2.0294694e-05
  -1.9187471e-05
  -1.8030490e-05
  -1.6827189e-05
  -1.5581534e-05
  -1.4298057e-05
  -1.2981944e-05
  -1.1638896e-05
  -1.0274887e-05
  -8.8960183e-06
  -7.5084290e-06
  -6.1183116e-06
  -4.7319806e-06
  -3.3556692e-06
  -1.9952925e-06
  -6.5639030e-07
   6.5586253e-07
   1.9366607e-06
   3.1814852e-06
   4.3860329e-06
   5.5462100e-06
   6.6581679e-06
   7.7182918e-06
   8.7231734e-06
   9.6697007e-06
   1.0555106e-05
   1.1377064e-05
   1.2133744e-05
   1.2823760e-05
   1.3446142e-05
   1.4000400e-05
   1.4486578e-05
   1.4905149e-05
   1.5256879e-05
   1.5542682e-05
   1.5763480e-05
   1.5920225e-05
   1.6014057e-05
   1.6046483e-05
   1.6019523e-05
   1.5935835e-05
   1.5798753e-05
   1.5612166e-05
   1.5380354e-05
   1.5107851e-05
   1.4799455e-05
   1.4460217e-05
   1.4095336e-05
   1.3710121e-05
   1.3309933e-05
   1.2900100e-05
   1.2485750e-05
   1.2071715e-05
   1.1662586e-05
   1.1262854e-05
   1.0877017e-05
   1.0509667e-05
   1.0165432e-05
   9.8487901e-06
   9.5638897e-06
   9.3144264e-06
   9.1035425e-06
   8.9336101e-06
   8.8060155e-06
   8.7211701e-06
   8.6785851e-06
   8.6769901e-06
   8.7144100e-06
   8.7882141e-06
   8.8953517e-06
   9.0324460e-06
   9.1957989e-06
   9.3815172e-06
   9.5855261e-06
   9.8035314e-06
   1.0031057e-05
   1.0263494e-05
   1.0496220e-05
   1.0724689e-05
   1.0944490e-05
   1.1151380e-05
   1.1341205e-05
   1.1509942e-05
   1.1653924e-05
   1.1770009e-05
   1.1855698e-05
   1.1909265e-05
   1.1929760e-05
   1.1916921e-05
   1.1871117e-05
   1.1793280e-05
   1.1684832e-05
   1.1547566e-05
   1.1383532e-05
   1.1194890e-05
   1.0983877e-05
   1.0752744e-05
   1.0503703e-05
   1.0238856e-05
   9.9606338e-06
   9.6708307e-06
   9.3706937e-06
   9.0627038e-06
   8.7472827e-06
   8.4256318e-06
   8.1000256e-06
   7.7708023e-06
   7.4372217e-06
   7.1003947e-06
   6.7615327e-06
   6.4239992e-06
   6.0966624e-06
   5.7943803e-06
   5.5340353e-06
   5.3291832e-06
   5.1947573e-06
   5.1334679e-06
   5.1403523e-06
   5.2042848e-06
   5.3028937e-06
   5.4204720e-06
   5.5440861e-06
   5.6555642e-06
   5.7419880e-06
   5.7870758e-06
   5.7778522e-06
   5.7017374e-06
   5.5492582e-06
   5.3154485e-06
   4.9955050e-06
   4.5822825e-06
   4.0730012e-06
   3.4728555e-06
   2.7876153e-06
   2.0218647e-06
   1.1823812e-06
   2.7671599e-07
  -6.8850704e-07
  -1.6990645e-06
  -2.7286600e-06
  -3.7495306e-06
  -4.7366301e-06
  -5.6666439e-06
  -6.5185077e-06
  -7.2721334e-06
  -7.9041545e-06
  -8.3918296e-06
  -8.7269337e-06
  -8.9167574e-06
  -8.9825465e-06
  -8.9490761e-06
  -8.8289233e-06
  -8.6293406e-06
  -8.3554705e-06
  -8.0107640e-06
  -7.6005145e-06
  -7.1309254e-06
  -6.6008884e-06
  -6.0058908e-06
  -5.3493821e-06
  -4.6425115e-06
  -3.9111494e-06
  -3.1903835e-06
  -2.5178735e-06
  -1.9213418e-06
  -1.4092380e-06
  -9.7280537e-07
  -6.0890555e-07
  -3.1559834e-07
  -8.6140893e-08
   6.2030116e-08
   1.0045420e-07
   1.3627518e-08
  -2.0342677e-07
  -5.3382710e-07
  -9.4477492e-07
  -1.3997296e-06
  -1.8629925e-06
  -2.3125874e-06
  -2.7311453e-06
  -3.1119419e-06
  -3.4584228e-06
  -3.7643635e-06
  -4.0400278e-06
  -4.3034171e-06
  -4.5576423e-06
  -4.8025145e-06
  -5.0289872e-06
  -5.2125335e-06
  -5.3183751e-06
  -5.3266206e-06
  -5.2336246e-06
  -5.0384622e-06
  -4.7685944e-06
  -4.4753213e-06
  -4.2008570e-06
  -3.9746857e-06
  -3.8114712e-06
  -3.7070085e-06
  -3.6530019e-06
  -3.6372436e-06
  -3.6549294e-06
  -3.7225109e-06
  -3.8495264e-06
  -4.0392799e-06
  -4.2903970e-06
  -4.5940716e-06
  -4.9361351e-06
  -5.2984838e-06
  -5.6591489e-06
  -5.9756456e-06
  -6.2098564e-06
  -6.3588698e-06
  -6.4308852e-06
  -6.4418128e-06
  -6.4262473e-06
  -6.4259831e-06
  -6.4778865e-06
  -6.5869994e-06
  -6.7369661e-06
  -6.8990278e-06
  -7.0364239e-06
  -7.1186586e-06
  -7.1320974e-06
  -7.0858940e-06
  -7.0156362e-06
  -6.9708261e-06
  -6.9765610e-06
  -7.0346054e-06
  -7.1207911e-06
  -7.1756267e-06
  -7.1146039e-06
  -6.8398689e-06
  -6.2655921e-06
  -5.3393353e-06
  -4.0802271e-06
  -2.5816175e-06
  -9.6482881e-07
   6.3850583e-07
   2.0958460e-06
   3.2814483e-06
   4.0848231e-06
   4.4257738e-06
   4.2329129e-06
   3.4402944e-06
   2.0198917e-06
  -2.0774738e-09
  -2.5279646e-06
  -5.4346840e-06
  -8.5691443e-06
  -1.1788712e-05
  -1.5013576e-05
  -1.8212487e-05
  -2.1387289e-05
  -2.4508691e-05
  -2.7498211e-05
  -3.0270763e-05
  -3.2703600e-05
  -3.4670036e-05
  -3.6022177e-05
  -3.6597044e-05
  -3.6297031e-05
  -3.5095229e-05
  -3.3051327e-05
  -3.0324329e-05
  -2.7126036e-05
  -2.3656014e-05
  -2.0118421e-05
  -1.6741134e-05
  -1.3773247e-05
  -1.1470503e-05
  -1.0002726e-05
  -9.4378180e-06
  -9.8126796e-06
  -1.1141406e-05
  -1.3380753e-05
  -1.6428763e-05
  -2.0226069e-05
  -2.4737325e-05
  -2.9872240e-05
  -3.5500223e-05
  -4.1458403e-05
  -4.7532508e-05
  -5.3414861e-05
  -5.8726160e-05
  -6.3016415e-05
  -6.5828264e-05
  -6.6758391e-05
  -6.5427500e-05
  -6.1541339e-05
  -5.4893305e-05
  -4.5356225e-05
  -3.2900442e-05
  -1.7574651e-05
   4.7334004e-07
   2.0986415e-05
   4.3598153e-05
   6.7826645e-05
   9.3062787e-05
   1.1858780e-04
   1.4368669e-04
   1.6768434e-04
   1.8992792e-04
   2.0982444e-04
   2.2685355e-04
   2.4052577e-04
   2.5040889e-04
   2.5619647e-04
   2.5770484e-04
   2.5486991e-04
   2.4769526e-04
   2.3627309e-04
   2.2083316e-04
   2.0174022e-04
   1.7952647e-04
   1.5483924e-04
   1.2836693e-04
   1.0084868e-04
   7.3003370e-05
   4.5468157e-05
   1.8766773e-05
  -6.7285888e-06
  -3.0782143e-05
  -5.3238917e-05
  -7.3927226e-05
  -9.2687819e-05
  -1.0940801e-04
  -1.2396390e-04
  -1.3622689e-04
  -1.4609799e-04
  -1.5355150e-04
  -1.5863180e-04
  -1.6145105e-04
  -1.6214863e-04
  -1.6085552e-04
  -1.5769344e-04
  -1.5285891e-04
  -1.4665399e-04
  -1.3943050e-04
  -1.3156833e-04
  -1.2341477e-04
  -1.1521664e-04
  -1.0706732e-04
  -9.8953826e-05
  -9.0803836e-05
  -8.2523728e-05
  -7.4007858e-05
  -6.5167619e-05
  -5.6030087e-05
  -4.6753229e-05
  -3.7593963e-05
  -2.8874678e-05
  -2.0885509e-05
  -1.3825202e-05
  -7.8308804e-06
  -2.9880434e-06
   6.6867995e-07
   3.0853246e-06
   4.1900038e-06
   3.9444661e-06
   2.3675858e-06
  -4.2519157e-07
  -4.2115783e-06
  -8.7332975e-06
  -1.3728457e-05
  -1.8954189e-05
  -2.4209580e-05
  -2.9355862e-05
  -3.4338209e-05
  -3.9208421e-05
  -4.4045930e-05
  -4.8887509e-05
  -5.3668709e-05
  -5.8178117e-05
  -6.2031418e-05
  -6.4690632e-05
  -6.5598331e-05
  -6.4247408e-05
  -6.0203414e-05
  -5.3140777e-05
  -4.2922285e-05
  -2.9602461e-05
   7.9400785e-11
  -5.0397596e-09
  -1.9178423e-08
  -4.0309933e-08
  -6.7348945e-08
  -9.9046650e-08
  -1.3477622e-07
  -1.7400856e-07
  -2.1659857e-07
  -2.6253406e-07
  -3.1199380e-07
  -3.6520895e-07
  -4.2240180e-07
  -4.8372476e-07
  -5.4922965e-07
  -6.1884738e-07
  -6.9234253e-07
  -7.6926830e-07
  -8.4892534e-07
  -9.3031967e-07
  -1.0121584e-06
  -1.0928694e-06
  -1.1706172e-06
  -1.2433625e-06
  -1.3089361e-06
  -1.3651006e-06
  -1.4096349e-06
  -1.4404042e-06
  -1.4553977e-06
  -1.4527598e-06
  -1.4308309e-06
  -1.3882182e-06
  -1.3238853e-06
  -1.2372027e-06
  -1.1279761e-06
  -9.9649470e-07
  -8.4357695e-07
  -6.7055266e-07
  -4.7922564e-07
  -2.7183656e-07
  -5.0983467e-08
   1.8047519e-07
   4.1948197e-07
   6.6279778e-07
   9.0703736e-07
   1.1487216e-06
   1.3843624e-06
   1.6106176e-06
   1.8244122e-06
   2.0229963e-06
   2.2039561e-06
   2.3652534e-06
   2.5052923e-06
   2.6228867e-06
   2.7172231e-06
   2.7878226e-06
   2.8344868e-06
   2.8573033e-06
   2.8566882e-06
   2.8334182e-06
   2.7886094e-06
   2.7236650e-06
   2.6401947e-06
   2.5398724e-06
   2.4243077e-06
   2.2949864e-06
   2.1532465e-06
   2.0002620e-06
   1.8370442e-06
   1.6644543e-06
   1.4832857e-06
   1.2943653e-06
   1.0986293e-06
   8.9713381e-07
   6.9101345e-07
   4.8143858e-07
   2.6962890e-07
   5.6899477e-08
  -1.5531582e-07
  -3.6549178e-07
  -5.7203590e-07
  -7.7331807e-07
  -9.6772991e-07
  -1.1537358e-06
  -1.3299226e-06
  -1.4950464e-06
  -1.6480667e-06
  -1.7881709e-06
  -1.9147963e-06
  -2.0276313e-06
  -2.1265667e-06
  -2.2115710e-06
  -2.2825783e-06
  -2.3394332e-06
  -2.3818782e-06
  -2.4095834e-06
  -2.4221882e-06
  -2.4193567e-06
  -2.4008356e-06
  -2.3665023e-06
  -2.3163661e-06
  -2.2505756e-06
  -2.1694500e-06
  -2.0734897e-06
  -1.9633929e-06
  -1.8400922e-06
  -1.7047701e-06
  -1.5588436e-06
  -1.4039443e-06
  -1.2418833e-06
  -1.0746715e-06
  -9.0457689e-07
  -7.3414331e-07
  -5.6613156e-07
  -4.0344412e-07
  -2.4905538e-07
  -1.0592791e-07
   2.3071643e-08
   1.3524547e-07
   2.2739572e-07
   2.9284865e-07
   3.2005823e-07
   2.9046234e-07
   1.5832184e-07
  -1.6430152e-07
  -8.0741534e-07
  -1.9524899e-06
  -3.8291250e-06
  -6.6668761e-06
  -1.0656471e-05
  -1.5940340e-05
  -2.2628491e-05
  -3.0809429e-05
  -4.0513888e-05
  -5.1636994e-05
  -6.3913340e-05
  -7.6930660e-05
  -9.0172080e-05
  -1.0309721e-04
  -1.1514316e-04
  -1.2571848e-04
  -1.3429140e-04
  -1.4039600e-04
  -1.4359182e-04
  -1.4346128e-04
  -1.3964995e-04
  -1.3198603e-04
  -1.2053996e-04
  -1.0551438e-04
  -8.7160053e-05
  -6.5793911e-05
  -4.1798497e-05
  -1.5598985e-05
   1.2317276e-05
   4.1395022e-05
   7.1025453e-05
   1.0057988e-04
   1.2948629e-04
   1.5722494e-04
   1.8330123e-04
   2.0720364e-04
   2.2844957e-04
   2.4664165e-04
   2.6151283e-04
   2.7289922e-04
   2.8066388e-04
   2.8465601e-04
   2.8479731e-04
   2.8116320e-04
   2.7400057e-04
   2.6362366e-04
   2.5036871e-04
   2.3453739e-04
   2.1637369e-04
   1.9618880e-04
   1.7439627e-04
   1.5145546e-04
   1.2780833e-04
   1.0384351e-04
   7.9945513e-05
   5.6487806e-05
   3.3733550e-05
   1.1813303e-05
  -9.1508886e-06
  -2.8997981e-05
  -4.7612652e-05
  -6.4894904e-05
  -8.0728486e-05
  -9.5088388e-05
  -1.0805772e-04
  -1.1976495e-04
  -1.3030815e-04
  -1.3972881e-04
  -1.4805665e-04
  -1.5535319e-04
  -1.6169537e-04
  -1.6715066e-04
  -1.7179801e-04
  -1.7572706e-04
  -1.7895963e-04
  -1.8141965e-04
  -1.8309280e-04
  -1.8405007e-04
  -1.8436274e-04
  -1.8409342e-04
  -1.8332416e-04
  -1.8212646e-04
  -1.8060666e-04
  -1.7896080e-04
  -1.7743409e-04
  -1.7640489e-04
  -1.7636224e-04
  -1.7773668e-04
  -1.8085374e-04
  -1.8600569e-04
  -1.9362503e-04
  -2.0426974e-04
  -2.1849812e-04
  -2.3675645e-04
  -2.5920762e-04
  -2.8524219e-04
  -3.1311111e-04
  -3.4033430e-04
  -3.6402430e-04
  -3.8107672e-04
  -3.8859653e-04
  -3.8429600e-04
  -3.6650605e-04
  -3.3383854e-04
  -2.8529431e-04
  -2.2037890e-04
  -1.3934006e-04
  -4.3063214e-05
   6.7123645e-05
   1.8902586e-04
   3.1944370e-04
   4.5432189e-04
   5.8925364e-04
   7.2020393e-04
   8.4351110e-04
   9.5564248e-04
   1.0533954e-03
   1.1342216e-03
   1.1960438e-03
   1.2367966e-03
   1.2549233e-03
   1.2499452e-03
   1.2223824e-03
   1.1731630e-03
   1.1033927e-03
   1.0145376e-03
   9.0842873e-04
   7.8712320e-04
   6.5293534e-04
   5.0874979e-04
   3.5770241e-04
   2.0286082e-04
   4.7249993e-05
  -1.0612271e-04
  -2.5462960e-04
  -3.9598367e-04
  -5.2814308e-04
  -6.4948977e-04
  -7.5839618e-04
  -8.5333207e-04
  -9.3317434e-04
  -9.9680141e-04
  -1.0433070e-03
  -1.0724414e-03
  -1.0845967e-03
  -1.0807246e-03
  -1.0621045e-03
  -1.0302117e-03
  -9.8696130e-04
  -9.3436347e-04
  -8.7414346e-04
  -8.0793091e-04
  -7.3732564e-04
  -6.6397455e-04
  -5.8940956e-04
  -5.1504479e-04
  -4.4212007e-04
  -3.7173379e-04
  -3.0498774e-04
  -2.4293924e-04
  -1.8620112e-04
  -1.3498034e-04
  -8.9350444e-05
  -4.9376040e-05
  -1.5290349e-05
   1.2562372e-05
   3.4169812e-05
   5.0082962e-05
   6.1211809e-05
   6.8264847e-05
   7.1711225e-05
   7.2409330e-05
   7.1782385e-05
   7.0960390e-05
   7.0604267e-05
   7.1369517e-05
   7.3910232e-05
   7.8560075e-05
   8.5275403e-05
   9.3978118e-05
   1.0463720e-04
   1.1699504e-04
   1.3061243e-04
   1.4508671e-04
   1.5995358e-04
   1.7458271e-04
   1.8841498e-04
   2.0132326e-04
   2.1337880e-04
   2.2452153e-04
   2.3444206e-04
   2.4284817e-04
   2.4961933e-04
   2.5458032e-04
   2.5768237e-04
   2.5921624e-04
   2.5980309e-04
   2.5980998e-04
   2.5897294e-04
   2.5687022e-04
   2.5340039e-04
   2.4864313e-04
   2.4263605e-04
   2.3555270e-04
   2.2779200e-04
   2.1963103e-04
   2.1081275e-04
   2.0100733e-04
   1.9016654e-04
   1.7860727e-04
   1.6693466e-04
   1.5552672e-04
   1.4459347e-04
   1.3419770e-04
   1.2401260e-04
   1.1369329e-04
   1.0311295e-04
   9.2341375e-05
   8.1827049e-05
   7.2093659e-05
   6.3548264e-05
   5.6559934e-05
   5.1301248e-05
   4.7713549e-05
   4.5662901e-05
   4.5133223e-05
   4.6281559e-05
   4.9140933e-05
   5.3455466e-05
   5.8888377e-05
   6.5132103e-05
   7.1772972e-05
   7.8351626e-05
   8.4609003e-05
   9.0633817e-05
   9.6534655e-05
   1.0211149e-04
   1.0693068e-04
   1.1063513e-04
   1.1302256e-04
   1.1380125e-04
   1.1255501e-04
   1.0889527e-04
   1.0273806e-04
   9.4202771e-05
   8.3353351e-05
   7.0339200e-05
   5.5555795e-05
   3.9541083e-05
   2.2890269e-05
   6.1405900e-06
  -1.0324210e-05
  -2.6181571e-05
  -4.1124096e-05
  -5.5071339e-05
  -6.8079694e-05
  -8.0056279e-05
  -9.0816580e-05
  -1.0018509e-04
  -1.0804762e-04
  -1.1428096e-04
  -1.1882564e-04
  -1.2169708e-04
  -1.2292708e-04
  -1.2244845e-04
  -1.2010428e-04
  -1.1590439e-04
  -1.1006631e-04
  -1.0303685e-04
  -9.5564239e-05
  -8.8431875e-05
  -8.2169832e-05
  -7.6977438e-05
  -7.2699087e-05
  -6.9193425e-05
  -6.6558535e-05
  -6.4921316e-05
  -6.4408788e-05
  -6.5154133e-05
  -6.7230484e-05
  -7.0552139e-05
  -7.4761544e-05
  -7.9532157e-05
  -8.4774335e-05
  -9.0369074e-05
  -9.6034634e-05
  -1.0150900e-04
  -1.0676158e-04
  -1.1172853e-04
  -1.1615363e-04
  -1.1978854e-04
  -1.2252421e-04
  -1.2446326e-04
  -1.2591777e-04
  -1.2738157e-04
  -1.2934198e-04
  -1.3193461e-04
  -1.3487144e-04
  -1.3764438e-04
  -1.3976834e-04
  -1.4099049e-04
  -1.4132640e-04
  -1.4084181e-04
  -1.3941214e-04
  -1.3658132e-04
  -1.3177774e-04
  -1.2460925e-04
  -1.1497515e-04
  -1.0313046e-04
  -8.9755832e-05
  -7.5644575e-05
  -6.1391334e-05
  -4.7495384e-05
  -3.4297798e-05
  -2.1874368e-05
  -1.0082934e-05
   1.2307533e-06
   1.2043223e-05
   2.2265301e-05
   3.1829642e-05
   4.0699925e-05
   4.8920314e-05
   5.6601101e-05
   6.3868394e-05
   7.0746613e-05
   7.7118666e-05
   8.2799533e-05
   8.7650947e-05
   9.1675535e-05
   9.5031605e-05
   9.7966673e-05
   1.0070001e-04
   1.0332271e-04
   1.0581177e-04
   1.0807620e-04
   1.0998239e-04
   1.1148287e-04
   1.1259639e-04
   1.1324561e-04
   1.1321627e-04
   1.1217787e-04
   1.0976343e-04
   1.0573269e-04
   1.0002065e-04
   9.2629383e-05
   8.3584683e-05
   7.2853763e-05
   6.0308927e-05
   4.5922012e-05
   2.9843949e-05
   1.2418105e-05
  -5.8777740e-06
  -2.4570091e-05
  -4.3200203e-05
  -6.1219766e-05
  -7.8039889e-05
  -9.3137589e-05
  -1.0597370e-04
  -1.1596316e-04
  -1.2260169e-04
  -1.2555700e-04
  -1.2464940e-04
  -1.1984567e-04
  -1.1125389e-04
  -9.9046302e-05
  -8.3484710e-05
  -6.5005915e-05
  -4.4154591e-05
  -2.1511331e-05
   2.3323922e-06
   2.6680042e-05
   5.0687455e-05
   7.3474128e-05
   9.4266279e-05
   1.1250161e-04
   1.2783254e-04
   1.4016598e-04
   1.4959308e-04
   1.5621409e-04
   1.6011226e-04
   1.6138119e-04
   1.6011255e-04
   1.5641823e-04
   1.5051277e-04
   1.4272813e-04
   1.3342779e-04
   1.2301349e-04
  -2.8769693e-11
   5.0573154e-10
   2.0266324e-09
   4.4604397e-09
   8.0068714e-09
   1.3044782e-08
   2.0204821e-08
   3.0274148e-08
   4.4174245e-08
   6.2878197e-08
   8.7356066e-08
   1.1850613e-07
   1.5710603e-07
   2.0376298e-07
   2.5887476e-07
   3.2260632e-07
   3.9487242e-07
   4.7531429e-07
   5.6327962e-07
   6.5781330e-07
   7.5766686e-07
   8.6130143e-07
   9.6689334e-07
   1.0723215e-06
   1.1751914e-06
   1.2729270e-06
   1.3628367e-06
   1.4421684e-06
   1.5081807e-06
   1.5582360e-06
   1.5898648e-06
   1.6008587e-06
   1.5893608e-06
   1.5539144e-06
   1.4935726e-06
   1.4079811e-06
   1.2973420e-06
   1.1623445e-06
   1.0041429e-06
   8.2433619e-07
   6.2491177e-07
   4.0819270e-07
   1.7680467e-07
  -6.6404190e-08
  -3.1842555e-07
  -5.7611236e-07
  -8.3618441e-07
  -1.0952584e-06
  -1.3499571e-06
  -1.5969889e-06
  -1.8331713e-06
  -2.0554279e-06
  -2.2607155e-06
  -2.4459973e-06
  -2.6082970e-06
  -2.7447516e-06
  -2.8527092e-06
  -2.9298185e-06
  -2.9740717e-06
  -2.9839122e-06
  -2.9583758e-06
  -2.8971480e-06
  -2.8005838e-06
  -2.6697536e-06
  -2.5064365e-06
  -2.3130405e-06
  -2.0925433e-06
  -1.8484191e-06
  -1.5845005e-06
  -1.3048484e-06
  -1.0136557e-06
  -7.1513373e-07
  -4.1341071e-07
  -1.1249614e-07
   1.8378628e-07
   4.7190513e-07
   7.4866940e-07
   1.0112406e-06
   1.2571042e-06
   1.4840054e-06
   1.6899153e-06
   1.8730393e-06
   2.0318638e-06
   2.1651721e-06
   2.2719672e-06
   2.3514233e-06
   2.4028974e-06
   2.4259135e-06
   2.4201282e-06
   2.3853373e-06
   2.3215926e-06
   2.2292789e-06
   2.1091871e-06
   1.9625790e-06
   1.7911509e-06
   1.5970564e-06
   1.3829154e-06
   1.1515912e-06
   9.0648939e-07
   6.4885112e-07
   3.7332361e-07
   7.4394638e-08
  -2.6315348e-07
  -6.9985533e-07
  -1.3057252e-06
  -2.1886517e-06
  -3.5221633e-06
  -5.4290532e-06
  -7.9249006e-06
  -1.0960178e-05
  -1.4454903e-05
  -1.8404923e-05
  -2.2858106e-05
  -2.7734988e-05
  -3.2799237e-05
  -3.7723691e-05
  -4.2142722e-05
  -4.5771179e-05
  -4.8369393e-05
  -4.9655711e-05
  -4.9388073e-05
  -4.7357331e-05
  -4.3416208e-05
  -3.7531579e-05
  -2.9696782e-05
  -2.0005568e-05
  -8.7211523e-06
   3.8600048e-06
   1.7519694e-05
   3.2054752e-05
   4.7193048e-05
   6.2491395e-05
   7.7471026e-05
   9.1783345e-05
   1.0522851e-04
   1.1757159e-04
   1.2852929e-04
   1.3784450e-04
   1.4532064e-04
   1.5088717e-04
   1.5455525e-04
   1.5633404e-04
   1.5624634e-04
   1.5438448e-04
   1.5081109e-04
   1.4560056e-04
   1.3888515e-04
   1.3074556e-04
   1.2130555e-04
   1.1072552e-04
   9.9187381e-05
   8.6897282e-05
   7.3978752e-05
   6.0444767e-05
   4.6249534e-05
   3.1394042e-05
   1.5979445e-05
   1.7470710e-07
  -1.5891703e-05
  -3.2158928e-05
  -4.8630105e-05
  -6.5322465e-05
  -8.2166649e-05
  -9.8989749e-05
  -1.1564175e-04
  -1.3209006e-04
  -1.4828507e-04
  -1.6401993e-04
  -1.7904605e-04
  -1.9320541e-04
  -2.0644297e-04
  -2.1875327e-04
  -2.3018651e-04
  -2.4105838e-04
  -2.5227617e-04
  -2.6508493e-04
  -2.8065329e-04
  -3.0027203e-04
  -3.2515847e-04
  -3.5627415e-04
  -3.9466052e-04
  -4.4136080e-04
  -4.9711804e-04
  -5.6198226e-04
  -6.3491906e-04
  -7.1371551e-04
  -7.9392164e-04
  -8.6971710e-04
  -9.3591965e-04
  -9.8801281e-04
  -1.0210512e-03
  -1.0291805e-03
  -1.0068932e-03
  -9.4992164e-04
  -8.5639652e-04
  -7.2653728e-04
  -5.6226095e-04
  -3.6764545e-04
  -1.4797904e-04
   9.1755883e-05
   3.4600910e-04
   6.0838238e-04
   8.7229230e-04
   1.1311223e-03
   1.3779656e-03
   1.6062524e-03
   1.8103908e-03
   1.9853734e-03
   2.1268400e-03
   2.2314299e-03
   2.2971953e-03
   2.3229880e-03
   2.3083004e-03
   2.2542421e-03
   2.1625716e-03
   2.0358130e-03
   1.8777779e-03
   1.6922503e-03
   1.4827476e-03
   1.2540197e-03
   1.0113896e-03
   7.5959994e-04
   5.0384113e-04
   2.4914817e-04
  -6.0016322e-07
  -2.4143106e-04
  -4.6908292e-04
  -6.8025084e-04
  -8.7233498e-04
  -1.0425531e-03
  -1.1887965e-03
  -1.3099247e-03
  -1.4054468e-03
  -1.4754363e-03
  -1.5208178e-03
  -1.5428116e-03
  -1.5422883e-03
  -1.5207527e-03
  -1.4808265e-03
  -1.4256950e-03
  -1.3584625e-03
  -1.2817172e-03
  -1.1973437e-03
  -1.1064252e-03
  -1.0098739e-03
  -9.0885600e-04
  -8.0463209e-04
  -6.9865835e-04
  -5.9291168e-04
  -4.8968639e-04
  -3.9081767e-04
  -2.9774472e-04
  -2.1159215e-04
  -1.3305461e-04
  -6.2908912e-05
  -2.1496708e-06
   4.8578104e-05
   8.9347531e-05
   1.2090649e-04
   1.4433875e-04
   1.6071546e-04
   1.7091866e-04
   1.7531543e-04
   1.7401501e-04
   1.6756536e-04
   1.5702335e-04
   1.4365349e-04
   1.2864553e-04
   1.1315036e-04
   9.7908456e-05
   8.3041429e-05
   6.8575952e-05
   5.4982097e-05
   4.3442367e-05
   3.5321317e-05
   3.1357581e-05
   3.1448201e-05
   3.4892196e-05
   4.1112998e-05
   4.9997462e-05
   6.1503504e-05
   7.5393945e-05
   9.1215135e-05
   1.0822354e-04
   1.2583093e-04
   1.4367598e-04
   1.6129862e-04
   1.7824302e-04
   1.9417609e-04
   2.0875448e-04
   2.2142065e-04
   2.3141435e-04
   2.3811080e-04
   2.4139935e-04
   2.4136151e-04
   2.3801548e-04
   2.3177429e-04
   2.2331557e-04
   2.1310940e-04
   2.0156290e-04
   1.8907814e-04
   1.7592969e-04
   1.6219906e-04
   1.4781679e-04
   1.3295328e-04
   1.1823331e-04
   1.0435234e-04
   9.1715798e-05
   8.0632411e-05
   7.1339340e-05
   6.3686862e-05
   5.7399981e-05
   5.2433297e-05
   4.8845941e-05
   4.6528159e-05
   4.5122864e-05
   4.4448474e-05
   4.4574578e-05
   4.5681815e-05
   4.7774148e-05
   5.0525440e-05
   5.3441022e-05
   5.6144395e-05
   5.8629522e-05
   6.1080567e-05
   6.3451508e-05
   6.5269125e-05
   6.5971807e-05
   6.5156987e-05
   6.2535572e-05
   5.8056350e-05
   5.2000001e-05
   4.4741111e-05
   3.6598734e-05
   2.7886063e-05
   1.9120799e-05
   1.0778908e-05
   3.1023084e-06
  -3.5353748e-06
  -8.5668564e-06
  -1.1647554e-05
  -1.2778914e-05
  -1.1959021e-05
  -8.9716933e-06
  -3.7269046e-06
   3.5294974e-06
   1.2294639e-05
   2.2010562e-05
   3.2236137e-05
   4.2517787e-05
   5.2339603e-05
   6.1230249e-05
   6.8907693e-05
   7.5070350e-05
   7.9158427e-05
   8.0622098e-05
   7.9186027e-05
   7.4900668e-05
   6.8052260e-05
   5.9020403e-05
   4.8177944e-05
   3.5842713e-05
   2.2270247e-05
   7.6186918e-06
  -7.9336209e-06
  -2.4159472e-05
  -4.0881762e-05
  -5.8036634e-05
  -7.5551920e-05
  -9.3154247e-05
  -1.1042984e-04
  -1.2696276e-04
  -1.4226460e-04
  -1.5581216e-04
  -1.6715714e-04
  -1.7598411e-04
  -1.8205623e-04
  -1.8519278e-04
  -1.8538922e-04
  -1.8284937e-04
  -1.7799875e-04
  -1.7132708e-04
  -1.6321882e-04
  -1.5404679e-04
  -1.4411331e-04
  -1.3359895e-04
  -1.2267404e-04
  -1.1147050e-04
  -1.0015552e-04
  -8.9002796e-05
  -7.8284611e-05
  -6.8093782e-05
  -5.8340873e-05
  -4.8867270e-05
  -3.9628727e-05
  -3.0714067e-05
  -2.2228808e-05
  -1.4296388e-05
  -7.0647248e-06
  -6.4120796e-07
   4.8712025e-06
   9.2657833e-06
   1.2303563e-05
   1.3874320e-05
   1.4018294e-05
   1.2803953e-05
   1.0259446e-05
   6.5310446e-06
   1.9756171e-06
  -2.9728223e-06
  -7.8813621e-06
  -1.2240228e-05
  -1.5512230e-05
  -1.7314577e-05
  -1.7490111e-05
  -1.6210342e-05
  -1.3909256e-05
  -1.1089061e-05
  -8.1392411e-06
  -5.2237166e-06
  -2.2761158e-06
   9.6007541e-07
   4.7072266e-06
   9.0027455e-06
   1.3711919e-05
   1.8668352e-05
   2.3769689e-05
   2.8982088e-05
   3.4463694e-05
   4.0572082e-05
   4.7650626e-05
   5.5830871e-05
   6.4939673e-05
   7.4704305e-05
   8.4950393e-05
   9.5525459e-05
   1.0621062e-04
   1.1670911e-04
   1.2669709e-04
   1.3583155e-04
   1.4375983e-04
   1.5007667e-04
   1.5433608e-04
   1.5610497e-04
   1.5497592e-04
   1.5066726e-04
   1.4310474e-04
   1.3235331e-04
   1.1847776e-04
   1.0148682e-04
   8.1407274e-05
   5.8435994e-05
   3.3038235e-05
   5.8695983e-06
  -2.2323508e-05
  -5.0869151e-05
  -7.9246251e-05
  -1.0705761e-04
  -1.3398278e-04
  -1.5971272e-04
  -1.8382695e-04
  -2.0574321e-04
  -2.2480313e-04
  -2.4041857e-04
  -2.5217650e-04
  -2.5978090e-04
  -2.6300056e-04
  -2.6168700e-04
  -2.5578298e-04
  -2.4530041e-04
  -2.3031402e-04
  -2.1097735e-04
  -1.8760798e-04
  -1.6070265e-04
  -1.3085412e-04
  -9.8680217e-05
  -6.4828213e-05
  -2.9967321e-05
   5.2800640e-06
   4.0328348e-05
   7.4617002e-05
   1.0762949e-04
   1.3890148e-04
   1.6800978e-04
   1.9456600e-04
   2.1822376e-04
   2.3865885e-04
   2.5559691e-04
   2.6879884e-04
   2.7800553e-04
   2.8296668e-04
   2.8351684e-04
   2.7965373e-04
   2.7150783e-04
   2.5928988e-04
   2.4329444e-04
   2.2395810e-04
   2.0185037e-04
   1.7763903e-04
   1.5204083e-04
   1.2576786e-04
   9.9496104e-05
   7.3769868e-05
   4.8936953e-05
   2.5153914e-05
   2.4650025e-06
  -1.9107567e-05
  -3.9505799e-05
  -5.8621107e-05
  -7.6225977e-05
  -9.1983524e-05
  -1.0552348e-04
  -6.3070262e-11
   4.5746879e-09
   1.7364592e-08
   3.6412985e-08
   6.0607190e-08
   8.8606323e-08
   1.1955372e-07
   1.5260578e-07
   1.8719556e-07
   2.2280995e-07
   2.5904214e-07
   2.9547553e-07
   3.3166153e-07
   3.6710498e-07
   4.0127167e-07
   4.3361000e-07
   4.6358032e-07
   4.9065263e-07
   5.1430769e-07
   5.3404492e-07
   5.4936415e-07
   5.5975748e-07
   5.6470918e-07
   5.6370994e-07
   5.5629691e-07
   5.4207493e-07
   5.2073240e-07
   4.9206463e-07
   4.5599650e-07
   4.1257218e-07
   3.6189407e-07
   3.0407010e-07
   2.3923152e-07
   1.6759181e-07
   8.9478102e-08
   5.3108439e-09
  -8.4419528e-08
  -1.7918249e-07
  -2.7843292e-07
  -3.8161186e-07
  -4.8815649e-07
  -5.9747030e-07
  -7.0892518e-07
  -8.2187201e-07
  -9.3563404e-07
  -1.0494955e-06
  -1.1626945e-06
  -1.2744437e-06
  -1.3839638e-06
  -1.4905162e-06
  -1.5934093e-06
  -1.6919842e-06
  -1.7856304e-06
  -1.8738167e-06
  -1.9560964e-06
  -2.0321045e-06
  -2.1015603e-06
  -2.1642602e-06
  -2.2200716e-06
  -2.2689347e-06
  -2.3108204e-06
  -2.3456693e-06
  -2.3733298e-06
  -2.3935358e-06
  -2.4059051e-06
  -2.4099261e-06
  -2.4049935e-06
  -2.3904370e-06
  -2.3655228e-06
  -2.3294183e-06
  -2.2811904e-06
  -2.2198858e-06
  -2.1445788e-06
  -2.0543916e-06
  -1.9485190e-06
  -1.8262857e-06
  -1.6871926e-06
  -1.5309334e-06
  -1.3574258e-06
  -1.1668577e-06
  -9.5971585e-07
  -7.3679649e-07
  -4.9919390e-07
  -2.4827657e-07
   1.4330446e-08
   2.8674992e-07
   5.6687510e-07
   8.5241442e-07
   1.1409732e-06
   1.4301166e-06
   1.7173879e-06
   2.0003341e-06
   2.2765223e-06
   2.5435962e-06
   2.7993639e-06
   3.0418547e-06
   3.2693659e-06
   3.4804863e-06
   3.6740738e-06
   3.8492613e-06
   4.0054603e-06
   4.1423272e-06
   4.2597316e-06
   4.3577326e-06
   4.4365899e-06
   4.4967272e-06
   4.5386540e-06
   4.5628758e-06
   4.5698015e-06
   4.5596981e-06
   4.5327037e-06
   4.4888964e-06
   4.4283915e-06
   4.3513872e-06
   4.2581980e-06
   4.1492943e-06
   4.0252806e-06
   3.8869042e-06
   3.7350873e-06
   3.5708913e-06
   3.3954734e-06
   3.2100640e-06
   3.0159409e-06
   2.8143934e-06
   2.6067270e-06
   2.3942411e-06
   2.1782057e-06
   1.9598831e-06
   1.7405516e-06
   1.5215362e-06
   1.3042306e-06
   1.0901171e-06
   8.8075434e-07
   6.7770970e-07
   4.8246275e-07
   2.9631606e-07
   1.2032945e-07
  -4.4668269e-08
  -1.9804674e-07
  -3.3936849e-07
  -4.6832721e-07
  -5.8471855e-07
  -6.8845169e-07
  -7.7956890e-07
  -8.5827346e-07
  -9.2492420e-07
  -9.8006196e-07
  -1.0244305e-06
  -1.0589622e-06
  -1.0847504e-06
  -1.1030172e-06
  -1.1150817e-06
  -1.1223347e-06
  -1.1262171e-06
  -1.1282165e-06
  -1.1298968e-06
  -1.1328732e-06
  -1.1387643e-06
  -1.1491796e-06
  -1.1656978e-06
  -1.1897859e-06
  -1.2226696e-06
  -1.2652256e-06
  -1.3179285e-06
  -1.3808222e-06
  -1.4535296e-06
  -1.5352976e-06
  -1.6250306e-06
  -1.7213358e-06
  -1.8226087e-06
  -1.9270592e-06
  -2.0326600e-06
  -2.1370816e-06
  -2.2376925e-06
  -2.3316089e-06
  -2.4157925e-06
  -2.4872406e-06
  -2.5431771e-06
  -2.5812201e-06
  -2.5995345e-06
  -2.5969615e-06
  -2.5730434e-06
  -2.5280093e-06
  -2.4627091e-06
  -2.3785319e-06
  -2.2773218e-06
  -2.1612804e-06
  -2.0329060e-06
  -1.8948775e-06
  -1.7499291e-06
  -1.6007821e-06
  -1.4500508e-06
  -1.3001628e-06
  -1.1533533e-06
  -1.0116432e-06
  -8.7682282e-07
  -7.5045898e-07
  -6.3387134e-07
  -5.2812407e-07
  -4.3405599e-07
  -3.5232122e-07
  -2.8339813e-07
  -2.2760284e-07
  -1.8509720e-07
  -1.5582356e-07
  -1.3949559e-07
  -1.3573410e-07
  -1.4412028e-07
  -1.6414781e-07
  -1.9539047e-07
  -2.3781494e-07
  -2.9135780e-07
  -3.5524974e-07
  -4.2788064e-07
  -5.0766279e-07
  -5.9459503e-07
  -6.9049930e-07
  -7.9702978e-07
  -9.1545157e-07
  -1.0475915e-06
  -1.1959903e-06
  -1.3640754e-06
  -1.5546393e-06
  -1.7663876e-06
  -1.9952181e-06
  -2.2378039e-06
  -2.4935186e-06
  -2.7634567e-06
  -3.0456925e-06
  -3.3326206e-06
  -3.6136429e-06
  -3.8784579e-06
  -4.1209132e-06
  -4.3411808e-06
  -4.5368987e-06
  -4.7006328e-06
  -4.8218507e-06
  -4.8887411e-06
  -4.8945539e-06
  -4.8377589e-06
  -4.7229673e-06
  -4.5537704e-06
  -4.3259067e-06
  -4.0359106e-06
  -3.6853998e-06
  -3.2780667e-06
  -2.8262961e-06
  -2.3411712e-06
  -1.8250275e-06
  -1.2805753e-06
  -7.1170152e-07
  -1.3089585e-07
   4.4226181e-07
   9.9674430e-07
   1.5337645e-06
   2.0578120e-06
   2.5668500e-06
   3.0531567e-06
   3.5116651e-06
   3.9406797e-06
   4.3401922e-06
   4.7080353e-06
   5.0422357e-06
   5.3398729e-06
   5.5976031e-06
   5.8178853e-06
   6.0050364e-06
   6.1625968e-06
   6.2931485e-06
   6.3943415e-06
   6.4653600e-06
   6.5123049e-06
   6.5399585e-06
   6.5442612e-06
   6.5175624e-06
   6.4509198e-06
   6.3312245e-06
   6.1458839e-06
   5.8918206e-06
   5.5700548e-06
   5.1801057e-06
   4.7325910e-06
   4.2394063e-06
   3.7096631e-06
   3.1533583e-06
   2.5840941e-06
   2.0140341e-06
   1.4592915e-06
   9.3879554e-07
   4.6871108e-07
   5.4883126e-08
  -3.0963977e-07
  -6.2804543e-07
  -8.9944844e-07
  -1.1272864e-06
  -1.3155538e-06
  -1.4670644e-06
  -1.5799472e-06
  -1.6499089e-06
  -1.6817530e-06
  -1.6771317e-06
  -1.6345187e-06
  -1.5646858e-06
  -1.4758486e-06
  -1.3703188e-06
  -1.2551242e-06
  -1.1321154e-06
  -9.9141586e-07
  -8.3446881e-07
  -6.6922595e-07
  -4.9544826e-07
  -3.0529452e-07
  -8.8229831e-08
   1.5555595e-07
   4.2126913e-07
   6.9827358e-07
   9.7616059e-07
   1.2514315e-06
   1.5307476e-06
   1.8154497e-06
   2.0982020e-06
   2.3695920e-06
   2.6230702e-06
   2.8703041e-06
   3.1290644e-06
   3.3968407e-06
   3.6580300e-06
   3.9047215e-06
   4.1332770e-06
   4.3404995e-06
   4.5166633e-06
   4.6476093e-06
   4.7138690e-06
   4.6940552e-06
   4.5821435e-06
   4.3785592e-06
   4.0600178e-06
   3.5824401e-06
   2.9113928e-06
   2.0590675e-06
   1.0706597e-06
  -4.6282419e-08
  -1.3539746e-06
  -2.9093098e-06
  -4.6970672e-06
  -6.6405118e-06
  -8.6580139e-06
  -1.0697614e-05
  -1.2741082e-05
  -1.4767310e-05
  -1.6733094e-05
  -1.8589401e-05
  -2.0247690e-05
  -2.1622237e-05
  -2.2668688e-05
  -2.3377497e-05
  -2.3770816e-05
  -2.3880341e-05
  -2.3735925e-05
  -2.3360686e-05
  -2.2728722e-05
  -2.1766376e-05
  -2.0414106e-05
  -1.8595422e-05
  -1.6168855e-05
  -1.3014092e-05
  -8.9997242e-06
  -3.9216705e-06
   2.3195130e-06
   9.6270295e-06
   1.7868738e-05
   2.7001836e-05
   3.7050797e-05
   4.7989781e-05
   5.9657519e-05
   7.1738496e-05
   8.3812543e-05
   9.5337295e-05
   1.0559418e-04
   1.1371599e-04
   1.1879282e-04
   1.1997727e-04
   1.1651083e-04
   1.0792343e-04
   9.4276459e-05
   7.6136181e-05
   5.4433965e-05
   3.0319914e-05
   5.0416746e-06
  -2.0144337e-05
  -4.4159325e-05
  -6.6231615e-05
  -8.5783176e-05
  -1.0234144e-04
  -1.1557796e-04
  -1.2534623e-04
  -1.3170047e-04
  -1.3480223e-04
  -1.3482623e-04
  -1.3202470e-04
  -1.2679948e-04
  -1.1967625e-04
  -1.1116364e-04
  -1.0173224e-04
  -9.1903970e-05
  -8.2210625e-05
  -7.3110813e-05
  -6.4927251e-05
  -5.7817129e-05
  -5.1797927e-05
  -4.6808898e-05
  -4.2679451e-05
  -3.9089002e-05
  -3.5589637e-05
  -3.1742293e-05
  -2.7221803e-05
  -2.1866119e-05
  -1.5705850e-05
  -8.9102832e-06
  -1.6823093e-06
   5.7614478e-06
   1.3204067e-05
   2.0454945e-05
   2.7392189e-05
   3.3909809e-05
   3.9838707e-05
   4.5037466e-05
   4.9435322e-05
   5.3005380e-05
   5.5756846e-05
   5.7793972e-05
   5.9290807e-05
   6.0413089e-05
   6.1284933e-05
   6.2036287e-05
   6.2795895e-05
   6.3635704e-05
   6.4555973e-05
   6.5451484e-05
   6.6174329e-05
   6.6639772e-05
   6.6837892e-05
   6.6756112e-05
   6.6333149e-05
   6.5470055e-05
   6.4057196e-05
   6.1995576e-05
   5.9189533e-05
   5.5528127e-05
   5.0909390e-05
   4.5281007e-05
   3.8602254e-05
   3.0818133e-05
   2.1915075e-05
   1.1973574e-05
   1.1637068e-06
  -1.0254926e-05
  -2.1920039e-05
  -3.3424950e-05
  -4.4371206e-05
  -5.4377704e-05
  -6.3120179e-05
  -7.0311286e-05
  -7.5712440e-05
  -7.9206775e-05
  -8.0813963e-05
  -8.0584158e-05
  -7.8583155e-05
  -7.4946392e-05
  -6.9934706e-05
  -6.3903083e-05
  -5.7198351e-05
  -5.0145185e-05
  -4.2944519e-05
  -3.5625313e-05
  -2.8087044e-05
  -2.0119149e-05
  -1.1399439e-05
  -1.6647761e-06
   9.2380182e-06
   2.1463101e-05
   3.5040841e-05
   4.9806179e-05
   6.5439338e-05
   8.1480489e-05
   9.7330991e-05
   1.1235845e-04
   1.2601814e-04
   1.3788366e-04
   1.4759650e-04
   1.5489425e-04
   1.5961194e-04
   1.6164116e-04
   1.6103002e-04
   1.5800970e-04
   1.5286725e-04
   1.4578750e-04
   1.3690859e-04
   1.2637300e-04
   1.1429134e-04
   1.0071122e-04
   8.5679991e-05
   6.9293380e-05
   5.1660011e-05
   3.2943083e-05
   1.3334723e-05
  -6.9636219e-06
  -2.7769668e-05
  -4.8891859e-05
  -7.0078171e-05
  -9.1033441e-05
  -1.1146745e-04
   2.2412772e-10
  -1.7120477e-09
  -7.4846133e-09
  -1.7653259e-08
  -3.4808532e-08
  -6.3332862e-08
  -1.0958226e-07
  -1.8131507e-07
  -2.8727985e-07
  -4.3649810e-07
  -6.3764018e-07
  -8.9834424e-07
  -1.2246310e-06
  -1.6203870e-06
  -2.0869471e-06
  -2.6227940e-06
  -3.2233783e-06
  -3.8810660e-06
  -4.5852172e-06
  -5.3223933e-06
  -6.0766599e-06
  -6.8299821e-06
  -7.5626918e-06
  -8.2540083e-06
  -8.8825793e-06
  -9.4270122e-06
  -9.8663695e-06
  -1.0180613e-05
  -1.0351046e-05
  -1.0360780e-05
  -1.0195158e-05
  -9.8420999e-06
  -9.2923791e-06
  -8.5398226e-06
  -7.5814491e-06
  -6.4175489e-06
  -5.0517388e-06
  -3.4909774e-06
  -1.7455082e-06
   1.7126806e-07
   2.2429956e-06
   4.4506459e-06
   6.7728596e-06
   9.1863208e-06
   1.1666155e-05
   1.4186360e-05
   1.6720269e-05
   1.9240982e-05
   2.1721776e-05
   2.4136490e-05
   2.6459871e-05
   2.8667887e-05
   3.0737995e-05
   3.2649388e-05
   3.4383230e-05
   3.5922888e-05
   3.7254126e-05
   3.8365278e-05
   3.9247333e-05
   3.9893977e-05
   4.0301585e-05
   4.0469169e-05
   4.0398273e-05
   4.0092823e-05
   3.9558956e-05
   3.8804811e-05
   3.7840308e-05
   3.6676919e-05
   3.5327438e-05
   3.3805751e-05
   3.2126630e-05
   3.0305533e-05
   2.8358411e-05
   2.6301502e-05
   2.4151168e-05
   2.1923704e-05
   1.9635122e-05
   1.7300949e-05
   1.4936038e-05
   1.2554436e-05
   1.0169266e-05
   7.7926464e-06
   5.4356424e-06
   3.1082639e-06
   8.1948777e-07
  -1.4227349e-06
  -3.6113435e-06
  -5.7401514e-06
  -7.8037766e-06
  -9.7974972e-06
  -1.1717405e-05
  -1.3560562e-05
  -1.5324676e-05
  -1.7018359e-05
  -1.8671523e-05
  -2.0340853e-05
  -2.2216735e-05
  -2.4732704e-05
  -2.8503438e-05
  -3.4355534e-05
  -4.2989664e-05
  -5.4488003e-05
  -6.8675635e-05
  -8.5059899e-05
  -1.0286383e-04
  -1.2151393e-04
  -1.4060853e-04
  -1.5950323e-04
  -1.7711282e-04
  -1.9215390e-04
  -2.0365738e-04
  -2.1139890e-04
  -2.1577265e-04
  -2.1713960e-04
  -2.1521206e-04
  -2.0915405e-04
  -1.9805790e-04
  -1.8121143e-04
  -1.5839762e-04
  -1.2986642e-04
  -9.6074063e-05
  -5.7628685e-05
  -1.5136132e-05
   3.0764153e-05
   7.9286487e-05
   1.2941967e-04
   1.7971053e-04
   2.2840041e-04
   2.7370232e-04
   3.1407775e-04
   3.4856565e-04
   3.7657317e-04
   3.9765468e-04
   4.1127268e-04
   4.1703516e-04
   4.1481973e-04
   4.0454564e-04
   3.8675507e-04
   3.6251244e-04
   3.3285363e-04
   2.9863479e-04
   2.6041899e-04
   2.1875638e-04
   1.7453483e-04
   1.2887488e-04
   8.2726148e-05
   3.6659576e-05
  -9.0306557e-06
  -5.4167878e-05
  -9.8596262e-05
  -1.4204894e-04
  -1.8384074e-04
  -2.2315787e-04
  -2.5942326e-04
  -2.9234540e-04
  -3.2165986e-04
  -3.4727204e-04
  -3.6922516e-04
  -3.8760302e-04
  -4.0241528e-04
  -4.1376920e-04
  -4.2268473e-04
  -4.3165783e-04
  -4.4372733e-04
  -4.6177548e-04
  -4.8987445e-04
  -5.3102548e-04
  -5.8474360e-04
  -6.4711684e-04
  -7.1103908e-04
  -7.7048743e-04
  -8.2010265e-04
  -8.5437103e-04
  -8.6889188e-04
  -8.5850935e-04
  -8.1828738e-04
  -7.4491096e-04
  -6.3822829e-04
  -5.0288077e-04
  -3.4584426e-04
  -1.7391290e-04
   6.5114225e-06
   1.8933632e-04
   3.7003108e-04
   5.4612673e-04
   7.1630659e-04
   8.7972742e-04
   1.0355744e-03
   1.1829937e-03
   1.3204629e-03
   1.4450157e-03
   1.5531503e-03
   1.6422890e-03
   1.7105776e-03
   1.7564406e-03
   1.7775959e-03
   1.7729713e-03
   1.7427976e-03
   1.6867754e-03
   1.6052041e-03
   1.4995479e-03
   1.3724129e-03
   1.2264517e-03
   1.0639945e-03
   8.8768218e-04
   6.9991085e-04
   5.0326178e-04
   3.0069060e-04
   9.5994148e-05
  -1.0664657e-04
  -3.0333210e-04
  -4.9123294e-04
  -6.6837717e-04
  -8.3233403e-04
  -9.8082148e-04
  -1.1126639e-03
  -1.2271188e-03
  -1.3235364e-03
  -1.4016645e-03
  -1.4612388e-03
  -1.5017465e-03
  -1.5225106e-03
  -1.5235647e-03
  -1.5062807e-03
  -1.4730408e-03
  -1.4262291e-03
  -1.3680162e-03
  -1.3007403e-03
  -1.2267523e-03
  -1.1474793e-03
  -1.0635181e-03
  -9.7596417e-04
  -8.8671136e-04
  -7.9798084e-04
  -7.1120224e-04
  -6.2644599e-04
  -5.4337091e-04
  -4.6141634e-04
  -3.7977722e-04
  -2.9848696e-04
  -2.1898583e-04
  -1.4331679e-04
  -7.3149918e-05
  -9.5888750e-06
   4.6678441e-05
   9.5226678e-05
   1.3653582e-04
   1.7168407e-04
   2.0153647e-04
   2.2644541e-04
   2.4666404e-04
   2.6279510e-04
   2.7565110e-04
   2.8632096e-04
   2.9619196e-04
   3.0651245e-04
   3.1778619e-04
   3.2950527e-04
   3.4085391e-04
   3.5133533e-04
   3.6052073e-04
   3.6783724e-04
   3.7300638e-04
   3.7647093e-04
   3.7928297e-04
   3.8242369e-04
   3.8626988e-04
   3.9100187e-04
   3.9662058e-04
   4.0285362e-04
   4.0926036e-04
   4.1541147e-04
   4.2107573e-04
   4.2609140e-04
   4.3030078e-04
   4.3348662e-04
   4.3507765e-04
   4.3432289e-04
   4.3089303e-04
   4.2504412e-04
   4.1713452e-04
   4.0731298e-04
   3.9565814e-04
   3.8239745e-04
   3.6775531e-04
   3.5197356e-04
   3.3553275e-04
   3.1892256e-04
   3.0233751e-04
   2.8557592e-04
   2.6787456e-04
   2.4817907e-04
   2.2574928e-04
   2.0044307e-04
   1.7252605e-04
   1.4235227e-04
   1.1039219e-04
   7.7223125e-05
   4.3380719e-05
   9.6459795e-06
  -2.2750604e-05
  -5.2097698e-05
  -7.6632981e-05
  -9.5126924e-05
  -1.0735193e-04
  -1.1387248e-04
  -1.1549303e-04
  -1.1301065e-04
  -1.0716633e-04
  -9.8657137e-05
  -8.8095912e-05
  -7.5863837e-05
  -6.2024428e-05
  -4.6461434e-05
  -2.8978192e-05
  -9.2982909e-06
   1.2737064e-05
   3.6970625e-05
   6.2749709e-05
   8.9074091e-05
   1.1487252e-04
   1.3903905e-04
   1.6029462e-04
   1.7730284e-04
   1.8900427e-04
   1.9484284e-04
   1.9498501e-04
   1.9004499e-04
   1.8064896e-04
   1.6739530e-04
   1.5068512e-04
   1.3051133e-04
   1.0684103e-04
   7.9764818e-05
   4.9372954e-05
   1.5952719e-05
  -1.9904694e-05
  -5.7388672e-05
  -9.5710667e-05
  -1.3410240e-04
  -1.7156921e-04
  -2.0696425e-04
  -2.3921236e-04
  -2.6745429e-04
  -2.9123923e-04
  -3.1045713e-04
  -3.2520183e-04
  -3.3582257e-04
  -3.4270264e-04
  -3.4604427e-04
  -3.4582969e-04
  -3.4194884e-04
  -3.3421443e-04
  -3.2230116e-04
  -3.0598548e-04
  -2.8551946e-04
  -2.6147592e-04
  -2.3454409e-04
  -2.0565645e-04
  -1.7584092e-04
  -1.4584859e-04
  -1.1610153e-04
  -8.7011185e-05
  -5.9080690e-05
  -3.2865051e-05
  -8.8126761e-06
   1.2692419e-05
   3.1202896e-05
   4.6325916e-05
   5.7893518e-05
   6.5866916e-05
   7.0203151e-05
   7.0868653e-05
   6.7863476e-05
   6.1235509e-05
   5.1230715e-05
   3.8386586e-05
   2.3459516e-05
   7.3489033e-06
  -9.0546105e-06
  -2.5161355e-05
  -4.0767465e-05
  -5.5740712e-05
  -6.9938527e-05
  -8.3100820e-05
  -9.4814861e-05
  -1.0472439e-04
  -1.1253803e-04
  -1.1811275e-04
  -1.2151356e-04
  -1.2300800e-04
  -1.2296906e-04
  -1.2163303e-04
  -1.1903181e-04
  -1.1514407e-04
  -1.0998612e-04
  -1.0349031e-04
  -9.5439307e-05
  -8.5535439e-05
  -7.3621934e-05
  -5.9823993e-05
  -4.4621129e-05
  -2.8578658e-05
  -1.2129459e-05
   4.3666931e-06
   2.0686456e-05
   3.6620388e-05
   5.1927320e-05
   6.6319316e-05
   7.9368346e-05
   9.0541622e-05
   9.9481039e-05
   1.0616328e-04
   1.1085143e-04
   1.1395544e-04
   1.1563504e-04
   1.1577607e-04
   1.1406620e-04
   1.1006725e-04
   1.0339461e-04
   9.3870553e-05
   8.1517581e-05
   6.6425001e-05
   4.8652414e-05
   2.8303492e-05
   5.5956685e-06
  -1.9108420e-05
  -4.5225742e-05
  -7.2072537e-05
  -9.8983797e-05
  -1.2539081e-04
  -1.5080719e-04
  -1.7473015e-04
  -1.9652590e-04
  -2.1540321e-04
  -2.3061076e-04
  -2.4153098e-04
  -2.4760096e-04
  -2.4831038e-04
  -2.4328442e-04
  -2.3238896e-04
  -2.1575802e-04
  -1.9374545e-04
  -1.6684467e-04
  -1.3557042e-04
  -1.0038795e-04
  -6.1771412e-05
  -2.0283893e-05
   2.3407588e-05
   6.8573050e-05
   1.1447496e-04
   1.6033141e-04
   2.0528601e-04
   2.4841154e-04
   2.8880312e-04
   3.2556781e-04
   3.5776330e-04
   3.8448684e-04
   4.0502043e-04
   4.1890377e-04
   4.2588702e-04
   4.2596816e-04
   4.1933660e-04
   4.0626892e-04
   3.8720723e-04
   3.6274029e-04
   3.3346659e-04
   2.9996485e-04
   2.6282104e-04
   2.2259979e-04
   1.7987257e-04
   1.3527482e-04
   8.9571611e-05
   4.3677147e-05
  -1.4710932e-06
  -4.4976058e-05
  -8.5999562e-05
  -1.2373395e-04
  -1.5750114e-04
  -1.8687391e-04
  -2.1165358e-04
  -2.3178379e-04
  -2.4729114e-04
  -2.5823077e-04
  -2.6464098e-04
  -2.6657877e-04
  -2.6420298e-04
  -2.5788909e-04
  -2.4810500e-04
  -2.3527494e-04
  -2.1982847e-04
  -2.0223421e-04
  -1.8299653e-04
  -1.6262702e-04
  -1.4161308e-04
  -1.2043821e-04
  -9.9543533e-05
  -7.9340961e-05
  -6.0204915e-05
  -4.2422791e-05
  -2.6161500e-05
  -1.1399165e-05
   2.0256405e-06
   1.4276120e-05
   2.5433519e-05
   3.5451877e-05
   4.4102886e-05
   5.1061349e-05
   5.6100393e-05
   5.9272270e-05
   6.0888347e-05
   6.1329697e-05
  -2.4201020e-11
   1.3329849e-09
   5.1221090e-09
   1.0791893e-08
   1.8034722e-08
   2.6496128e-08
   3.5989024e-08
   4.6355901e-08
   5.7548838e-08
   6.9565791e-08
   8.2468629e-08
   9.6352710e-08
   1.1133882e-07
   1.2755775e-07
   1.4513611e-07
   1.6418393e-07
   1.8478395e-07
   2.0698290e-07
   2.3078476e-07
   2.5614622e-07
   2.8297427e-07
   3.1112570e-07
   3.4040850e-07
   3.7058495e-07
   4.0137606e-07
   4.3246725e-07
   4.6351493e-07
   4.9415371e-07
   5.2400411e-07
   5.5268030e-07
   5.7979794e-07
   6.0498165e-07
   6.2787209e-07
   6.4813247e-07
   6.6545435e-07
   6.7956263e-07
   6.9021972e-07
   6.9722875e-07
   7.0043595e-07
   6.9973202e-07
   6.9505275e-07
   6.8637870e-07
   6.7373415e-07
   6.5718539e-07
   6.3683831e-07
   6.1283555e-07
   5.8535314e-07
   5.5459683e-07
   5.2079816e-07
   4.8421037e-07
   4.4510423e-07
   4.0376386e-07
   3.6048263e-07
   3.1555919e-07
   2.6929375e-07
   2.2198447e-07
   1.7392432e-07
   1.2539808e-07
   7.6679790e-08
   2.8030494e-08
  -2.0303642e-08
  -6.8092851e-08
  -1.1512495e-07
  -1.6120615e-07
  -2.0616164e-07
  -2.4983572e-07
  -2.9209182e-07
  -3.3281213e-07
  -3.7189714e-07
  -4.0926488e-07
  -4.4485004e-07
  -4.7860301e-07
  -5.1048871e-07
  -5.4048546e-07
  -5.6858369e-07
  -5.9478476e-07
  -6.1909963e-07
  -6.4154766e-07
  -6.6215540e-07
  -6.8095543e-07
  -6.9798528e-07
  -7.1328641e-07
  -7.2690330e-07
  -7.3888254e-07
  -7.4927215e-07
  -7.5812087e-07
  -7.6547761e-07
  -7.7139095e-07
  -7.7590875e-07
  -7.7907785e-07
  -7.8094382e-07
  -7.8155080e-07
  -7.8094140e-07
  -7.7915666e-07
  -7.7623604e-07
  -7.7221750e-07
  -7.6713756e-07
  -7.6103142e-07
  -7.5393313e-07
  -7.4587570e-07
  -7.3689126e-07
  -7.2701129e-07
  -7.1626671e-07
  -7.0468810e-07
  -6.9230584e-07
  -6.7915022e-07
  -6.6525164e-07
  -6.5064066e-07
  -6.3534814e-07
  -6.1940531e-07
  -6.0284381e-07
  -5.8569579e-07
  -5.6799386e-07
  -5.4977117e-07
  -5.3106137e-07
  -5.1189857e-07
  -4.9231736e-07
  -4.7235269e-07
  -4.5203985e-07
  -4.3141442e-07
  -4.1051214e-07
  -3.8936886e-07
  -3.6802045e-07
  -3.4650270e-07
  -3.2485122e-07
  -3.0310137e-07
  -2.8128815e-07
  -2.5944609e-07
  -2.3760921e-07
  -2.1581090e-07
  -1.9408384e-07
  -1.7245996e-07
  -1.5097031e-07
  -1.2964507e-07
  -1.0851343e-07
  -8.7603568e-08
  -6.6942619e-08
  -4.6556612e-08
  -2.6470450e-08
  -6.7078830e-09
   1.2708508e-08
   3.1757329e-08
   5.0418376e-08
   6.8672653e-08
   8.6502354e-08
   1.0389088e-07
   1.2082279e-07
   1.3728399e-07
   1.5326198e-07
   1.6874596e-07
   1.8372727e-07
   1.9820287e-07
   2.1217416e-07
   2.2563748e-07
   2.3858429e-07
   2.5101024e-07
   2.6293557e-07
   2.7441625e-07
   2.8551781e-07
   2.9630244e-07
   3.0681227e-07
   3.1705505e-07
   3.2701730e-07
   3.3670235e-07
   3.4621666e-07
   3.5585189e-07
   3.6611725e-07
   3.7771048e-07
   3.9139196e-07
   4.0785321e-07
   4.2757873e-07
   4.5065101e-07
   4.7666632e-07
   5.0480625e-07
   5.3390301e-07
   5.6241250e-07
   5.8832414e-07
   6.0906562e-07
   6.2169202e-07
   6.2329565e-07
   6.1122325e-07
   5.8321598e-07
   5.3759805e-07
   4.7342652e-07
   3.9053051e-07
   2.8947205e-07
   1.7148023e-07
   3.8322076e-08
  -1.0781151e-07
  -2.6438546e-07
  -4.2867256e-07
  -5.9802138e-07
  -7.6998845e-07
  -9.4231905e-07
  -1.1128890e-06
  -1.2796584e-06
  -1.4407511e-06
  -1.5945742e-06
  -1.7398681e-06
  -1.8757692e-06
  -2.0019250e-06
  -2.1183367e-06
  -2.2250489e-06
  -2.3219664e-06
  -2.4088323e-06
  -2.4851483e-06
  -2.5500889e-06
  -2.6025644e-06
  -2.6412463e-06
  -2.6643169e-06
  -2.6694274e-06
  -2.6541371e-06
  -2.6161956e-06
  -2.5535240e-06
  -2.4644955e-06
  -2.3475534e-06
  -2.2007963e-06
  -2.0225546e-06
  -1.8112702e-06
  -1.5653061e-06
  -1.2838684e-06
  -9.6695361e-07
  -6.1516738e-07
  -2.2972064e-07
   1.8716608e-07
   6.3025358e-07
   1.0905412e-06
   1.5548944e-06
   2.0072751e-06
   2.4335189e-06
   2.8268477e-06
   3.1904857e-06
   3.5340155e-06
   3.8654195e-06
   4.1861875e-06
   4.4976579e-06
   4.8082425e-06
   5.1311927e-06
   5.4781604e-06
   5.8525904e-06
   6.2465776e-06
   6.6452595e-06
   7.0345709e-06
   7.4073363e-06
   7.7660353e-06
   8.1132753e-06
   8.4400630e-06
   8.7306367e-06
   8.9794172e-06
   9.1968377e-06
   9.3957878e-06
   9.5797477e-06
   9.7456361e-06
   9.8885206e-06
   9.9934926e-06
   1.0053760e-05
   1.0071262e-05
   1.0046491e-05
   9.9731232e-06
   9.8408814e-06
   9.6497555e-06
   9.3933665e-06
   9.0717273e-06
   8.6786680e-06
   8.2148763e-06
   7.6917837e-06
   7.1202343e-06
   6.5152956e-06
   5.8825352e-06
   5.2288906e-06
   4.5639234e-06
   3.8906963e-06
   3.2308918e-06
   2.6116900e-06
   2.0351723e-06
   1.4814756e-06
   9.3972311e-07
   4.1791984e-07
  -7.5696943e-08
  -5.3759965e-07
  -9.8277994e-07
  -1.4289319e-06
  -1.8818849e-06
  -2.3201229e-06
  -2.7299937e-06
  -3.1060646e-06
  -3.4511344e-06
  -3.7795705e-06
  -4.1104343e-06
  -4.4406633e-06
  -4.7548693e-06
  -5.0557340e-06
  -5.3688434e-06
  -5.7094622e-06
  -6.0650203e-06
  -6.4260417e-06
  -6.7928108e-06
  -7.1586782e-06
  -7.5099135e-06
  -7.8496215e-06
  -8.1884732e-06
  -8.5142754e-06
  -8.8136044e-06
  -9.0866613e-06
  -9.3330306e-06
  -9.5505659e-06
  -9.7320905e-06
  -9.8829917e-06
  -1.0007324e-05
  -1.0102136e-05
  -1.0173906e-05
  -1.0236997e-05
  -1.0295314e-05
  -1.0360282e-05
  -1.0446832e-05
  -1.0550791e-05
  -1.0681766e-05
  -1.0850109e-05
  -1.1047028e-05
  -1.1272334e-05
  -1.1533303e-05
  -1.1816604e-05
  -1.2120914e-05
  -1.2454275e-05
  -1.2813336e-05
  -1.3182409e-05
  -1.3552903e-05
  -1.3930626e-05
  -1.4335339e-05
  -1.4790412e-05
  -1.5323033e-05
  -1.5983670e-05
  -1.6818817e-05
  -1.7855472e-05
  -1.9089369e-05
  -2.0456021e-05
  -2.1859215e-05
  -2.3216823e-05
  -2.4483976e-05
  -2.5657369e-05
  -2.6699135e-05
  -2.7470634e-05
  -2.7787284e-05
  -2.7515989e-05
  -2.6646273e-05
  -2.5244066e-05
  -2.3354744e-05
  -2.0950776e-05
  -1.7971824e-05
  -1.4393749e-05
  -1.0283748e-05
  -5.8143602e-06
  -1.1754849e-06
   3.5355198e-06
   8.3052631e-06
   1.3120379e-05
   1.7945511e-05
   2.2682004e-05
   2.7208489e-05
   3.1467443e-05
   3.5446911e-05
   3.9156163e-05
   4.2596111e-05
   4.5723748e-05
   4.8462839e-05
   5.0744735e-05
   5.2533096e-05
   5.3830728e-05
   5.4628293e-05
   5.4889489e-05
   5.4564286e-05
   5.3597540e-05
   5.1920959e-05
   4.9471183e-05
   4.6190312e-05
   4.2035671e-05
   3.6942259e-05
   3.0926190e-05
   2.4102821e-05
   1.6635605e-05
   8.6931289e-06
   4.9119637e-07
  -7.6572006e-06
  -1.5431633e-05
  -2.2702831e-05
  -2.9530997e-05
  -3.6030039e-05
  -4.2273104e-05
  -4.8219632e-05
  -5.3819812e-05
  -5.8972545e-05
  -6.3461392e-05
  -6.7084391e-05
  -6.9614247e-05
  -7.0703394e-05
  -7.0122491e-05
  -6.7688188e-05
  -6.3299924e-05
  -5.7065919e-05
  -4.9102621e-05
  -3.9622373e-05
  -2.9155062e-05
  -1.8388322e-05
  -8.0202908e-06
   1.3297124e-06
   9.2447565e-06
   1.5480953e-05
   2.0055022e-05
   2.3263477e-05
   2.5543164e-05
   2.7278592e-05
   2.8825324e-05
   3.0404875e-05
   3.2013716e-05
   3.3479651e-05
   3.4457600e-05
   3.4564905e-05
   3.3571386e-05
   3.1604446e-05
   2.9025530e-05
   2.6150601e-05
   2.3278057e-05
   2.0669336e-05
   1.8455438e-05
   1.6764255e-05
   1.5810954e-05
   1.5761286e-05
   1.6689552e-05
   1.8647433e-05
   2.1602595e-05
   2.5423592e-05
   2.9923032e-05
   3.4747693e-05
   3.9425688e-05
   4.3629153e-05
   4.7168066e-05
   4.9834327e-05
   5.1483476e-05
   5.2006389e-05
   5.1369184e-05
   4.9687180e-05
   4.7126529e-05
   4.3806761e-05
   3.9828190e-05
   3.5230385e-05
   2.9984644e-05
   2.4092149e-05
   1.7513935e-05
   1.0219173e-05
   2.2689123e-06
  -6.1891649e-06
  -1.4970661e-05
  -2.4002557e-05
  -3.3214708e-05
  -4.2431576e-05
  -5.1386966e-05
  -5.9751688e-05
  -6.7194991e-05
  -7.3351188e-05
  -7.7768622e-05
  -8.0070935e-05
  -8.0031351e-05
  -7.7597200e-05
  -7.2782411e-05
  -6.5763588e-05
  -5.6958854e-05
  -4.6709551e-05
  -3.5223795e-05
  -2.2656697e-05
  -9.1762645e-06
   4.8723550e-06
   1.9048111e-05
   3.2854454e-05
   4.5674455e-05
   5.6990044e-05
   6.6321838e-05
   7.3230776e-05
   7.7597530e-05
   7.9400922e-05
   7.8549018e-05
   7.4992020e-05
   6.8991290e-05
   6.0927101e-05
   5.1072111e-05
   3.9835199e-05
   2.7757269e-05
   1.5393187e-05
   3.3254808e-06
  -7.8449279e-06
  -1.7482275e-05
  -2.5005741e-05
  -3.0099812e-05
  -3.2738529e-05
  -3.3161658e-05
  -3.1807302e-05
  -2.9169839e-05
  -2.5781307e-05
  -2.2182742e-05
  -1.8847367e-05
  -1.6404522e-05
  -1.5514722e-05
  -1.6509569e-05
  -1.9298682e-05
  -2.3607169e-05
  -2.8988271e-05
  -3.4928443e-05
  -4.0918550e-05
  -4.6346805e-05
  -5.0748250e-05
  -5.3941934e-05
  -5.6037589e-05
  -5.7092035e-05
