           1  -17440.83       132.4014       109890.0    
           2  -16728.02      -230.7910       109890.0    
           3  -16015.22      -593.9835       109890.0    
           4  -15302.41      -957.1759       109890.0    
           5  -14589.61      -1320.368       109890.0    
           6  -13876.80      -1683.561       109890.0    
           7  -13164.00      -2046.753       109890.0    
           8  -12451.19      -2409.946       109890.0    
           9  -11738.39      -2773.138       109890.0    
          10  -11025.58      -3136.330       109890.0    
          11  -10312.78      -3499.523       109890.0    
          12  -9599.971      -3862.715       109890.0    
          13  -8887.165      -4225.908       109890.0    
          14  -8174.360      -4589.100       109890.0    
          15  -7461.555      -4952.292       109890.0    
          16  -6748.750      -5315.485       109890.0    
          17  -6035.944      -5678.677       109890.0    
          18  -5323.139      -6041.870       109890.0    
          19  -4610.334      -6405.062       109890.0    
          20  -3897.528      -6768.254       109890.0    
          21  -3184.724      -7131.447       109890.0    
          22  -2471.918      -7494.639       109890.0    
          23  -1759.113      -7857.832       109890.0    
          24  -1046.309      -8221.024       109890.0    
          25  -333.5020      -8584.217       109890.0    
          26   379.3027      -8947.409       109890.0    
          27   1092.107      -9310.602       109890.0    
          28   1804.914      -9673.794       109890.0    
          29   2517.719      -10036.99       109890.0    
          30   3230.523      -10400.18       109890.0    
          31   3943.328      -10763.37       109890.0    
          32   4656.135      -11126.56       109890.0    
          33   5368.939      -11489.76       109890.0    
          34   6081.744      -11852.95       109890.0    
          35   6794.551      -12216.14       109890.0    
          36   7507.355      -12579.33       109890.0    
          37   8220.160      -12942.53       109890.0    
          38   8932.965      -13305.72       109890.0    
          39   9645.771      -13668.91       109890.0    
          40   10358.58      -14032.10       109890.0    
          41  -17259.23       488.8040       110582.8    
          42  -16546.43       125.6115       110582.8    
          43  -15833.62      -237.5809       110582.8    
          44  -15120.82      -600.7733       110582.8    
          45  -14408.01      -963.9657       110582.8    
          46  -13695.21      -1327.158       110582.8    
          47  -12982.40      -1690.351       110582.8    
          48  -12269.60      -2053.543       110582.8    
          49  -11556.79      -2416.735       110582.8    
          50  -10843.99      -2779.928       110582.8    
          51  -10131.18      -3143.120       110582.8    
          52  -9418.375      -3506.312       110582.8    
          53  -8705.569      -3869.505       110582.8    
          54  -7992.765      -4232.697       110582.8    
          55  -7279.959      -4595.890       110582.8    
          56  -6567.154      -4959.082       110582.8    
          57  -5854.349      -5322.274       110582.8    
          58  -5141.543      -5685.467       110582.8    
          59  -4428.738      -6048.659       110582.8    
          60  -3715.933      -6411.852       110582.8    
          61  -3003.128      -6775.044       110582.8    
          62  -2290.322      -7138.236       110582.8    
          63  -1577.518      -7501.429       110582.8    
          64  -864.7129      -7864.622       110582.8    
          65  -151.9062      -8227.814       110582.8    
          66   560.8984      -8591.007       110582.8    
          67   1273.703      -8954.199       110582.8    
          68   1986.510      -9317.392       110582.8    
          69   2699.314      -9680.584       110582.8    
          70   3412.119      -10043.78       110582.8    
          71   4124.924      -10406.97       110582.8    
          72   4837.730      -10770.16       110582.8    
          73   5550.535      -11133.35       110582.8    
          74   6263.340      -11496.55       110582.8    
          75   6976.146      -11859.74       110582.8    
          76   7688.951      -12222.93       110582.8    
          77   8401.756      -12586.12       110582.8    
          78   9114.561      -12949.32       110582.8    
          79   9827.367      -13312.51       110582.8    
          80   10540.17      -13675.70       110582.8    
          81  -17077.64       845.2065       111275.6    
          82  -16364.83       482.0141       111275.6    
          83  -15652.03       118.8217       111275.6    
          84  -14939.22      -244.3707       111275.6    
          85  -14226.42      -607.5631       111275.6    
          86  -13513.61      -970.7555       111275.6    
          87  -12800.80      -1333.948       111275.6    
          88  -12088.00      -1697.140       111275.6    
          89  -11375.20      -2060.333       111275.6    
          90  -10662.39      -2423.525       111275.6    
          91  -9949.584      -2786.718       111275.6    
          92  -9236.779      -3149.910       111275.6    
          93  -8523.974      -3513.103       111275.6    
          94  -7811.169      -3876.295       111275.6    
          95  -7098.363      -4239.487       111275.6    
          96  -6385.559      -4602.680       111275.6    
          97  -5672.753      -4965.872       111275.6    
          98  -4959.947      -5329.064       111275.6    
          99  -4247.143      -5692.257       111275.6    
         100  -3534.337      -6055.449       111275.6    
         101  -2821.532      -6418.642       111275.6    
         102  -2108.727      -6781.834       111275.6    
         103  -1395.922      -7145.026       111275.6    
         104  -683.1172      -7508.219       111275.6    
         105   29.68945      -7871.412       111275.6    
         106   742.4941      -8234.604       111275.6    
         107   1455.299      -8597.797       111275.6    
         108   2168.105      -8960.988       111275.6    
         109   2880.910      -9324.182       111275.6    
         110   3593.715      -9687.373       111275.6    
         111   4306.520      -10050.57       111275.6    
         112   5019.326      -10413.76       111275.6    
         113   5732.131      -10776.95       111275.6    
         114   6444.936      -11140.14       111275.6    
         115   7157.742      -11503.34       111275.6    
         116   7870.547      -11866.53       111275.6    
         117   8583.352      -12229.72       111275.6    
         118   9296.156      -12592.91       111275.6    
         119   10008.96      -12956.11       111275.6    
         120   10721.77      -13319.30       111275.6    
         121  -16896.04       1201.609       111968.5    
         122  -16183.23       838.4167       111968.5    
         123  -15470.43       475.2243       111968.5    
         124  -14757.62       112.0319       111968.5    
         125  -14044.82      -251.1605       111968.5    
         126  -13332.01      -614.3529       111968.5    
         127  -12619.21      -977.5454       111968.5    
         128  -11906.40      -1340.738       111968.5    
         129  -11193.60      -1703.930       111968.5    
         130  -10480.79      -2067.123       111968.5    
         131  -9767.986      -2430.315       111968.5    
         132  -9055.182      -2793.507       111968.5    
         133  -8342.376      -3156.700       111968.5    
         134  -7629.571      -3519.892       111968.5    
         135  -6916.766      -3883.085       111968.5    
         136  -6203.961      -4246.277       111968.5    
         137  -5491.155      -4609.470       111968.5    
         138  -4778.350      -4972.662       111968.5    
         139  -4065.545      -5335.854       111968.5    
         140  -3352.739      -5699.047       111968.5    
         141  -2639.935      -6062.239       111968.5    
         142  -1927.129      -6425.432       111968.5    
         143  -1214.324      -6788.624       111968.5    
         144  -501.5195      -7151.816       111968.5    
         145   211.2871      -7515.009       111968.5    
         146   924.0918      -7878.201       111968.5    
         147   1636.896      -8241.394       111968.5    
         148   2349.703      -8604.586       111968.5    
         149   3062.508      -8967.778       111968.5    
         150   3775.312      -9330.971       111968.5    
         151   4488.117      -9694.163       111968.5    
         152   5200.924      -10057.36       111968.5    
         153   5913.729      -10420.55       111968.5    
         154   6626.533      -10783.74       111968.5    
         155   7339.340      -11146.93       111968.5    
         156   8052.145      -11510.12       111968.5    
         157   8764.949      -11873.32       111968.5    
         158   9477.754      -12236.51       111968.5    
         159   10190.56      -12599.70       111968.5    
         160   10903.37      -12962.89       111968.5    
         161  -16714.44       1558.012       112661.3    
         162  -16001.64       1194.819       112661.3    
         163  -15288.83       831.6269       112661.3    
         164  -14576.03       468.4344       112661.3    
         165  -13863.22       105.2421       112661.3    
         166  -13150.42      -257.9503       112661.3    
         167  -12437.61      -621.1428       112661.3    
         168  -11724.81      -984.3352       112661.3    
         169  -11012.00      -1347.528       112661.3    
         170  -10299.20      -1710.720       112661.3    
         171  -9586.391      -2073.912       112661.3    
         172  -8873.586      -2437.105       112661.3    
         173  -8160.780      -2800.297       112661.3    
         174  -7447.976      -3163.490       112661.3    
         175  -6735.170      -3526.682       112661.3    
         176  -6022.365      -3889.875       112661.3    
         177  -5309.560      -4253.067       112661.3    
         178  -4596.754      -4616.259       112661.3    
         179  -3883.949      -4979.452       112661.3    
         180  -3171.144      -5342.644       112661.3    
         181  -2458.339      -5705.836       112661.3    
         182  -1745.533      -6069.029       112661.3    
         183  -1032.729      -6432.221       112661.3    
         184  -319.9238      -6795.414       112661.3    
         185   392.8828      -7158.606       112661.3    
         186   1105.688      -7521.799       112661.3    
         187   1818.492      -7884.991       112661.3    
         188   2531.299      -8248.184       112661.3    
         189   3244.104      -8611.376       112661.3    
         190   3956.908      -8974.568       112661.3    
         191   4669.713      -9337.761       112661.3    
         192   5382.520      -9700.953       112661.3    
         193   6095.324      -10064.15       112661.3    
         194   6808.129      -10427.34       112661.3    
         195   7520.936      -10790.53       112661.3    
         196   8233.740      -11153.72       112661.3    
         197   8946.545      -11516.92       112661.3    
         198   9659.350      -11880.11       112661.3    
         199   10372.16      -12243.30       112661.3    
         200   11084.96      -12606.49       112661.3    
         201  -16532.85       1914.414       113354.1    
         202  -15820.04       1551.222       113354.1    
         203  -15107.24       1188.030       113354.1    
         204  -14394.43       824.8370       113354.1    
         205  -13681.63       461.6447       113354.1    
         206  -12968.82       98.45227       113354.1    
         207  -12256.02      -264.7402       113354.1    
         208  -11543.21      -627.9326       113354.1    
         209  -10830.41      -991.1250       113354.1    
         210  -10117.60      -1354.317       113354.1    
         211  -9404.795      -1717.510       113354.1    
         212  -8691.990      -2080.702       113354.1    
         213  -7979.185      -2443.895       113354.1    
         214  -7266.380      -2807.087       113354.1    
         215  -6553.574      -3170.280       113354.1    
         216  -5840.770      -3533.472       113354.1    
         217  -5127.964      -3896.664       113354.1    
         218  -4415.158      -4259.856       113354.1    
         219  -3702.354      -4623.049       113354.1    
         220  -2989.548      -4986.241       113354.1    
         221  -2276.743      -5349.434       113354.1    
         222  -1563.938      -5712.626       113354.1    
         223  -851.1328      -6075.818       113354.1    
         224  -138.3281      -6439.012       113354.1    
         225   574.4785      -6802.204       113354.1    
         226   1287.283      -7165.396       113354.1    
         227   2000.088      -7528.589       113354.1    
         228   2712.895      -7891.781       113354.1    
         229   3425.699      -8254.974       113354.1    
         230   4138.504      -8618.166       113354.1    
         231   4851.309      -8981.358       113354.1    
         232   5564.115      -9344.551       113354.1    
         233   6276.920      -9707.743       113354.1    
         234   6989.725      -10070.94       113354.1    
         235   7702.531      -10434.13       113354.1    
         236   8415.336      -10797.32       113354.1    
         237   9128.141      -11160.51       113354.1    
         238   9840.945      -11523.71       113354.1    
         239   10553.75      -11886.90       113354.1    
         240   11266.56      -12250.09       113354.1    
         241  -16351.25       2270.817       114046.9    
         242  -15638.45       1907.625       114046.9    
         243  -14925.64       1544.432       114046.9    
         244  -14212.83       1181.240       114046.9    
         245  -13500.03       818.0472       114046.9    
         246  -12787.22       454.8549       114046.9    
         247  -12074.42       91.66235       114046.9    
         248  -11361.61      -271.5300       114046.9    
         249  -10648.81      -634.7224       114046.9    
         250  -9936.004      -997.9148       114046.9    
         251  -9223.199      -1361.107       114046.9    
         252  -8510.394      -1724.300       114046.9    
         253  -7797.588      -2087.492       114046.9    
         254  -7084.783      -2450.685       114046.9    
         255  -6371.978      -2813.877       114046.9    
         256  -5659.173      -3177.069       114046.9    
         257  -4946.367      -3540.262       114046.9    
         258  -4233.562      -3903.454       114046.9    
         259  -3520.757      -4266.646       114046.9    
         260  -2807.951      -4629.839       114046.9    
         261  -2095.146      -4993.031       114046.9    
         262  -1382.341      -5356.224       114046.9    
         263  -669.5361      -5719.416       114046.9    
         264   43.26855      -6082.609       114046.9    
         265   756.0752      -6445.801       114046.9    
         266   1468.880      -6808.994       114046.9    
         267   2181.685      -7172.186       114046.9    
         268   2894.491      -7535.378       114046.9    
         269   3607.296      -7898.571       114046.9    
         270   4320.101      -8261.764       114046.9    
         271   5032.905      -8624.955       114046.9    
         272   5745.712      -8988.148       114046.9    
         273   6458.517      -9351.340       114046.9    
         274   7171.321      -9714.533       114046.9    
         275   7884.128      -10077.72       114046.9    
         276   8596.933      -10440.92       114046.9    
         277   9309.737      -10804.11       114046.9    
         278   10022.54      -11167.30       114046.9    
         279   10735.35      -11530.49       114046.9    
         280   11448.15      -11893.69       114046.9    
         281  -16169.65       2627.219       114739.8    
         282  -15456.85       2264.027       114739.8    
         283  -14744.04       1900.835       114739.8    
         284  -14031.24       1537.642       114739.8    
         285  -13318.43       1174.450       114739.8    
         286  -12605.63       811.2574       114739.8    
         287  -11892.82       448.0649       114739.8    
         288  -11180.02       84.87256       114739.8    
         289  -10467.21      -278.3198       114739.8    
         290  -9754.407      -641.5122       114739.8    
         291  -9041.602      -1004.705       114739.8    
         292  -8328.797      -1367.897       114739.8    
         293  -7615.991      -1731.090       114739.8    
         294  -6903.187      -2094.282       114739.8    
         295  -6190.381      -2457.474       114739.8    
         296  -5477.576      -2820.667       114739.8    
         297  -4764.771      -3183.859       114739.8    
         298  -4051.965      -3547.052       114739.8    
         299  -3339.160      -3910.244       114739.8    
         300  -2626.354      -4273.437       114739.8    
         301  -1913.550      -4636.629       114739.8    
         302  -1200.744      -4999.821       114739.8    
         303  -487.9395      -5363.014       114739.8    
         304   224.8652      -5726.206       114739.8    
         305   937.6719      -6089.398       114739.8    
         306   1650.477      -6452.591       114739.8    
         307   2363.281      -6815.783       114739.8    
         308   3076.088      -7178.976       114739.8    
         309   3788.893      -7542.168       114739.8    
         310   4501.697      -7905.360       114739.8    
         311   5214.502      -8268.553       114739.8    
         312   5927.309      -8631.745       114739.8    
         313   6640.113      -8994.938       114739.8    
         314   7352.918      -9358.130       114739.8    
         315   8065.725      -9721.322       114739.8    
         316   8778.529      -10084.51       114739.8    
         317   9491.334      -10447.71       114739.8    
         318   10204.14      -10810.90       114739.8    
         319   10916.95      -11174.09       114739.8    
         320   11629.75      -11537.28       114739.8    
         321  -15988.06       2983.622       115432.6    
         322  -15275.25       2620.430       115432.6    
         323  -14562.45       2257.237       115432.6    
         324  -13849.64       1894.045       115432.6    
         325  -13136.84       1530.852       115432.6    
         326  -12424.03       1167.660       115432.6    
         327  -11711.23       804.4675       115432.6    
         328  -10998.42       441.2751       115432.6    
         329  -10285.62       78.08276       115432.6    
         330  -9572.812      -285.1096       115432.6    
         331  -8860.006      -648.3020       115432.6    
         332  -8147.201      -1011.494       115432.6    
         333  -7434.396      -1374.687       115432.6    
         334  -6721.591      -1737.879       115432.6    
         335  -6008.785      -2101.072       115432.6    
         336  -5295.980      -2464.264       115432.6    
         337  -4583.175      -2827.457       115432.6    
         338  -3870.369      -3190.649       115432.6    
         339  -3157.564      -3553.841       115432.6    
         340  -2444.759      -3917.034       115432.6    
         341  -1731.954      -4280.226       115432.6    
         342  -1019.148      -4643.418       115432.6    
         343  -306.3438      -5006.611       115432.6    
         344   406.4609      -5369.804       115432.6    
         345   1119.268      -5732.996       115432.6    
         346   1832.072      -6096.188       115432.6    
         347   2544.877      -6459.381       115432.6    
         348   3257.684      -6822.573       115432.6    
         349   3970.488      -7185.766       115432.6    
         350   4683.293      -7548.958       115432.6    
         351   5396.098      -7912.150       115432.6    
         352   6108.904      -8275.343       115432.6    
         353   6821.709      -8638.535       115432.6    
         354   7534.514      -9001.728       115432.6    
         355   8247.320      -9364.920       115432.6    
         356   8960.125      -9728.112       115432.6    
         357   9672.930      -10091.30       115432.6    
         358   10385.73      -10454.50       115432.6    
         359   11098.54      -10817.69       115432.6    
         360   11811.35      -11180.88       115432.6    
         361  -15806.46       3340.025       116125.4    
         362  -15093.66       2976.832       116125.4    
         363  -14380.85       2613.640       116125.4    
         364  -13668.05       2250.447       116125.4    
         365  -12955.24       1887.255       116125.4    
         366  -12242.44       1524.063       116125.4    
         367  -11529.63       1160.870       116125.4    
         368  -10816.83       797.6777       116125.4    
         369  -10104.02       434.4854       116125.4    
         370  -9391.216       71.29297       116125.4    
         371  -8678.410      -291.8994       116125.4    
         372  -7965.605      -655.0918       116125.4    
         373  -7252.800      -1018.284       116125.4    
         374  -6539.995      -1381.477       116125.4    
         375  -5827.189      -1744.669       116125.4    
         376  -5114.385      -2107.862       116125.4    
         377  -4401.579      -2471.054       116125.4    
         378  -3688.773      -2834.246       116125.4    
         379  -2975.969      -3197.439       116125.4    
         380  -2263.163      -3560.631       116125.4    
         381  -1550.358      -3923.823       116125.4    
         382  -837.5527      -4287.016       116125.4    
         383  -124.7480      -4650.208       116125.4    
         384   588.0566      -5013.401       116125.4    
         385   1300.863      -5376.594       116125.4    
         386   2013.668      -5739.786       116125.4    
         387   2726.473      -6102.979       116125.4    
         388   3439.279      -6466.171       116125.4    
         389   4152.084      -6829.363       116125.4    
         390   4864.889      -7192.556       116125.4    
         391   5577.693      -7555.748       116125.4    
         392   6290.500      -7918.940       116125.4    
         393   7003.305      -8282.133       116125.4    
         394   7716.109      -8645.325       116125.4    
         395   8428.916      -9008.518       116125.4    
         396   9141.721      -9371.710       116125.4    
         397   9854.525      -9734.902       116125.4    
         398   10567.33      -10098.09       116125.4    
         399   11280.14      -10461.29       116125.4    
         400   11992.94      -10824.48       116125.4    
         401  -15624.87       3696.427       116818.2    
         402  -14912.06       3333.235       116818.2    
         403  -14199.26       2970.042       116818.2    
         404  -13486.45       2606.850       116818.2    
         405  -12773.65       2243.658       116818.2    
         406  -12060.84       1880.465       116818.2    
         407  -11348.04       1517.273       116818.2    
         408  -10635.23       1154.080       116818.2    
         409  -9922.424       790.8879       116818.2    
         410  -9209.619       427.6956       116818.2    
         411  -8496.814       64.50317       116818.2    
         412  -7784.009      -298.6892       116818.2    
         413  -7071.203      -661.8818       116818.2    
         414  -6358.398      -1025.074       116818.2    
         415  -5645.593      -1388.267       116818.2    
         416  -4932.788      -1751.459       116818.2    
         417  -4219.982      -2114.651       116818.2    
         418  -3507.177      -2477.844       116818.2    
         419  -2794.372      -2841.036       116818.2    
         420  -2081.566      -3204.229       116818.2    
         421  -1368.762      -3567.421       116818.2    
         422  -655.9561      -3930.613       116818.2    
         423   56.84863      -4293.806       116818.2    
         424   769.6533      -4656.999       116818.2    
         425   1482.460      -5020.191       116818.2    
         426   2195.265      -5383.383       116818.2    
         427   2908.069      -5746.576       116818.2    
         428   3620.876      -6109.768       116818.2    
         429   4333.681      -6472.960       116818.2    
         430   5046.485      -6836.153       116818.2    
         431   5759.290      -7199.345       116818.2    
         432   6472.097      -7562.538       116818.2    
         433   7184.901      -7925.730       116818.2    
         434   7897.706      -8288.922       116818.2    
         435   8610.513      -8652.115       116818.2    
         436   9323.317      -9015.307       116818.2    
         437   10036.12      -9378.500       116818.2    
         438   10748.93      -9741.691       116818.2    
         439   11461.73      -10104.88       116818.2    
         440   12174.54      -10468.08       116818.2    
         441  -15443.27       4052.830       117511.0    
         442  -14730.46       3689.637       117511.0    
         443  -14017.66       3326.445       117511.0    
         444  -13304.85       2963.252       117511.0    
         445  -12592.05       2600.060       117511.0    
         446  -11879.24       2236.868       117511.0    
         447  -11166.44       1873.675       117511.0    
         448  -10453.63       1510.483       117511.0    
         449  -9740.828       1147.291       117511.0    
         450  -9028.022       784.0981       117511.0    
         451  -8315.217       420.9058       117511.0    
         452  -7602.412       57.71338       117511.0    
         453  -6889.606      -305.4792       117511.0    
         454  -6176.802      -668.6716       117511.0    
         455  -5463.996      -1031.864       117511.0    
         456  -4751.191      -1395.056       117511.0    
         457  -4038.386      -1758.249       117511.0    
         458  -3325.580      -2121.441       117511.0    
         459  -2612.775      -2484.634       117511.0    
         460  -1899.970      -2847.826       117511.0    
         461  -1187.165      -3211.018       117511.0    
         462  -474.3594      -3574.211       117511.0    
         463   238.4453      -3937.403       117511.0    
         464   951.2500      -4300.596       117511.0    
         465   1664.057      -4663.788       117511.0    
         466   2376.861      -5026.980       117511.0    
         467   3089.666      -5390.173       117511.0    
         468   3802.473      -5753.365       117511.0    
         469   4515.277      -6116.558       117511.0    
         470   5228.082      -6479.750       117511.0    
         471   5940.887      -6842.942       117511.0    
         472   6653.693      -7206.135       117511.0    
         473   7366.498      -7569.327       117511.0    
         474   8079.303      -7932.520       117511.0    
         475   8792.109      -8295.712       117511.0    
         476   9504.914      -8658.904       117511.0    
         477   10217.72      -9022.097       117511.0    
         478   10930.52      -9385.289       117511.0    
         479   11643.33      -9748.481       117511.0    
         480   12356.13      -10111.67       117511.0    
         481  -15261.67       4409.232       118203.9    
         482  -14548.87       4046.040       118203.9    
         483  -13836.06       3682.848       118203.9    
         484  -13123.26       3319.655       118203.9    
         485  -12410.45       2956.463       118203.9    
         486  -11697.65       2593.271       118203.9    
         487  -10984.84       2230.078       118203.9    
         488  -10272.04       1866.885       118203.9    
         489  -9559.232       1503.693       118203.9    
         490  -8846.427       1140.501       118203.9    
         491  -8133.622       777.3083       118203.9    
         492  -7420.816       414.1160       118203.9    
         493  -6708.011       50.92334       118203.9    
         494  -5995.206      -312.2690       118203.9    
         495  -5282.400      -675.4614       118203.9    
         496  -4569.596      -1038.654       118203.9    
         497  -3856.790      -1401.846       118203.9    
         498  -3143.984      -1765.039       118203.9    
         499  -2431.180      -2128.231       118203.9    
         500  -1718.374      -2491.423       118203.9    
         501  -1005.569      -2854.616       118203.9    
         502  -292.7637      -3217.808       118203.9    
         503   420.0410      -3581.000       118203.9    
         504   1132.846      -3944.193       118203.9    
         505   1845.652      -4307.386       118203.9    
         506   2558.457      -4670.578       118203.9    
         507   3271.262      -5033.771       118203.9    
         508   3984.068      -5396.963       118203.9    
         509   4696.873      -5760.155       118203.9    
         510   5409.678      -6123.348       118203.9    
         511   6122.482      -6486.540       118203.9    
         512   6835.289      -6849.732       118203.9    
         513   7548.094      -7212.925       118203.9    
         514   8260.898      -7576.117       118203.9    
         515   8973.705      -7939.310       118203.9    
         516   9686.510      -8302.502       118203.9    
         517   10399.31      -8665.694       118203.9    
         518   11112.12      -9028.887       118203.9    
         519   11824.93      -9392.079       118203.9    
         520   12537.73      -9755.271       118203.9    
         521  -15080.08       4765.635       118896.7    
         522  -14367.27       4402.442       118896.7    
         523  -13654.47       4039.250       118896.7    
         524  -12941.66       3676.058       118896.7    
         525  -12228.86       3312.865       118896.7    
         526  -11516.05       2949.673       118896.7    
         527  -10803.25       2586.480       118896.7    
         528  -10090.44       2223.288       118896.7    
         529  -9377.637       1860.095       118896.7    
         530  -8664.831       1496.903       118896.7    
         531  -7952.026       1133.711       118896.7    
         532  -7239.221       770.5183       118896.7    
         533  -6526.415       407.3257       118896.7    
         534  -5813.610       44.13330       118896.7    
         535  -5100.805      -319.0591       118896.7    
         536  -4388.000      -682.2515       118896.7    
         537  -3675.194      -1045.444       118896.7    
         538  -2962.389      -1408.636       118896.7    
         539  -2249.584      -1771.829       118896.7    
         540  -1536.778      -2135.021       118896.7    
         541  -823.9736      -2498.213       118896.7    
         542  -111.1680      -2861.406       118896.7    
         543   601.6367      -3224.598       118896.7    
         544   1314.441      -3587.791       118896.7    
         545   2027.248      -3950.983       118896.7    
         546   2740.053      -4314.176       118896.7    
         547   3452.857      -4677.368       118896.7    
         548   4165.664      -5040.561       118896.7    
         549   4878.469      -5403.753       118896.7    
         550   5591.273      -5766.945       118896.7    
         551   6304.078      -6130.138       118896.7    
         552   7016.885      -6493.330       118896.7    
         553   7729.689      -6856.522       118896.7    
         554   8442.494      -7219.715       118896.7    
         555   9155.301      -7582.907       118896.7    
         556   9868.105      -7946.100       118896.7    
         557   10580.91      -8309.292       118896.7    
         558   11293.71      -8672.484       118896.7    
         559   12006.52      -9035.677       118896.7    
         560   12719.33      -9398.869       118896.7    
         561  -14898.48       5122.038       119589.5    
         562  -14185.68       4758.845       119589.5    
         563  -13472.87       4395.653       119589.5    
         564  -12760.07       4032.460       119589.5    
         565  -12047.26       3669.268       119589.5    
         566  -11334.46       3306.076       119589.5    
         567  -10621.65       2942.883       119589.5    
         568  -9908.845       2579.691       119589.5    
         569  -9196.039       2216.498       119589.5    
         570  -8483.234       1853.306       119589.5    
         571  -7770.429       1490.114       119589.5    
         572  -7057.624       1126.921       119589.5    
         573  -6344.818       763.7285       119589.5    
         574  -5632.014       400.5361       119589.5    
         575  -4919.208       37.34375       119589.5    
         576  -4206.403      -325.8486       119589.5    
         577  -3493.598      -689.0410       119589.5    
         578  -2780.792      -1052.233       119589.5    
         579  -2067.987      -1415.426       119589.5    
         580  -1355.182      -1778.618       119589.5    
         581  -642.3770      -2141.811       119589.5    
         582   70.42871      -2505.003       119589.5    
         583   783.2334      -2868.195       119589.5    
         584   1496.038      -3231.388       119589.5    
         585   2208.845      -3594.581       119589.5    
         586   2921.649      -3957.773       119589.5    
         587   3634.454      -4320.965       119589.5    
         588   4347.261      -4684.158       119589.5    
         589   5060.065      -5047.350       119589.5    
         590   5772.870      -5410.542       119589.5    
         591   6485.675      -5773.735       119589.5    
         592   7198.481      -6136.927       119589.5    
         593   7911.286      -6500.120       119589.5    
         594   8624.091      -6863.312       119589.5    
         595   9336.897      -7226.504       119589.5    
         596   10049.70      -7589.697       119589.5    
         597   10762.51      -7952.889       119589.5    
         598   11475.31      -8316.082       119589.5    
         599   12188.12      -8679.273       119589.5    
         600   12900.92      -9042.467       119589.5    
         601  -14716.88       5478.440       120282.3    
         602  -14004.08       5115.248       120282.3    
         603  -13291.27       4752.056       120282.3    
         604  -12578.47       4388.863       120282.3    
         605  -11865.66       4025.671       120282.3    
         606  -11152.86       3662.479       120282.3    
         607  -10440.05       3299.286       120282.3    
         608  -9727.248       2936.094       120282.3    
         609  -9014.443       2572.901       120282.3    
         610  -8301.638       2209.709       120282.3    
         611  -7588.833       1846.516       120282.3    
         612  -6876.027       1483.324       120282.3    
         613  -6163.222       1120.131       120282.3    
         614  -5450.417       756.9390       120282.3    
         615  -4737.611       393.7466       120282.3    
         616  -4024.807       30.55420       120282.3    
         617  -3312.001      -332.6382       120282.3    
         618  -2599.195      -695.8306       120282.3    
         619  -1886.391      -1059.023       120282.3    
         620  -1173.585      -1422.215       120282.3    
         621  -460.7803      -1785.408       120282.3    
         622   252.0254      -2148.600       120282.3    
         623   964.8301      -2511.792       120282.3    
         624   1677.635      -2874.985       120282.3    
         625   2390.441      -3238.178       120282.3    
         626   3103.246      -3601.370       120282.3    
         627   3816.051      -3964.562       120282.3    
         628   4528.857      -4327.755       120282.3    
         629   5241.662      -4690.947       120282.3    
         630   5954.467      -5054.140       120282.3    
         631   6667.271      -5417.332       120282.3    
         632   7380.078      -5780.524       120282.3    
         633   8092.883      -6143.717       120282.3    
         634   8805.688      -6506.909       120282.3    
         635   9518.494      -6870.102       120282.3    
         636   10231.30      -7233.294       120282.3    
         637   10944.10      -7596.486       120282.3    
         638   11656.91      -7959.679       120282.3    
         639   12369.71      -8322.871       120282.3    
         640   13082.52      -8686.063       120282.3    
         641  -14535.29       5834.843       120975.1    
         642  -13822.48       5471.650       120975.1    
         643  -13109.68       5108.458       120975.1    
         644  -12396.87       4745.266       120975.1    
         645  -11684.07       4382.073       120975.1    
         646  -10971.26       4018.881       120975.1    
         647  -10258.46       3655.688       120975.1    
         648  -9545.652       3292.496       120975.1    
         649  -8832.848       2929.303       120975.1    
         650  -8120.042       2566.111       120975.1    
         651  -7407.237       2202.919       120975.1    
         652  -6694.432       1839.726       120975.1    
         653  -5981.626       1476.534       120975.1    
         654  -5268.821       1113.341       120975.1    
         655  -4556.016       750.1489       120975.1    
         656  -3843.211       386.9565       120975.1    
         657  -3130.405       23.76416       120975.1    
         658  -2417.600      -339.4282       120975.1    
         659  -1704.795      -702.6206       120975.1    
         660  -991.9893      -1065.813       120975.1    
         661  -279.1846      -1429.005       120975.1    
         662   433.6211      -1792.198       120975.1    
         663   1146.426      -2155.390       120975.1    
         664   1859.230      -2518.583       120975.1    
         665   2572.037      -2881.775       120975.1    
         666   3284.842      -3244.968       120975.1    
         667   3997.646      -3608.160       120975.1    
         668   4710.453      -3971.353       120975.1    
         669   5423.258      -4334.545       120975.1    
         670   6136.062      -4697.737       120975.1    
         671   6848.867      -5060.930       120975.1    
         672   7561.674      -5424.122       120975.1    
         673   8274.479      -5787.314       120975.1    
         674   8987.283      -6150.507       120975.1    
         675   9700.090      -6513.699       120975.1    
         676   10412.89      -6876.892       120975.1    
         677   11125.70      -7240.084       120975.1    
         678   11838.50      -7603.276       120975.1    
         679   12551.31      -7966.469       120975.1    
         680   13264.12      -8329.661       120975.1    
         681  -14353.69       6191.245       121668.0    
         682  -13640.89       5828.053       121668.0    
         683  -12928.08       5464.860       121668.0    
         684  -12215.28       5101.668       121668.0    
         685  -11502.47       4738.476       121668.0    
         686  -10789.67       4375.283       121668.0    
         687  -10076.86       4012.091       121668.0    
         688  -9364.057       3648.898       121668.0    
         689  -8651.252       3285.706       121668.0    
         690  -7938.446       2922.513       121668.0    
         691  -7225.641       2559.321       121668.0    
         692  -6512.836       2196.129       121668.0    
         693  -5800.030       1832.936       121668.0    
         694  -5087.226       1469.744       121668.0    
         695  -4374.420       1106.551       121668.0    
         696  -3661.615       743.3589       121668.0    
         697  -2948.810       380.1665       121668.0    
         698  -2236.004       16.97412       121668.0    
         699  -1523.199      -346.2183       121668.0    
         700  -810.3936      -709.4106       121668.0    
         701  -97.58887      -1072.603       121668.0    
         702   615.2168      -1435.795       121668.0    
         703   1328.021      -1798.988       121668.0    
         704   2040.826      -2162.181       121668.0    
         705   2753.633      -2525.373       121668.0    
         706   3466.438      -2888.565       121668.0    
         707   4179.242      -3251.758       121668.0    
         708   4892.049      -3614.950       121668.0    
         709   5604.854      -3978.143       121668.0    
         710   6317.658      -4341.335       121668.0    
         711   7030.463      -4704.527       121668.0    
         712   7743.270      -5067.720       121668.0    
         713   8456.074      -5430.912       121668.0    
         714   9168.879      -5794.104       121668.0    
         715   9881.686      -6157.297       121668.0    
         716   10594.49      -6520.489       121668.0    
         717   11307.29      -6883.682       121668.0    
         718   12020.10      -7246.874       121668.0    
         719   12732.91      -7610.066       121668.0    
         720   13445.71      -7973.259       121668.0    
         721  -14172.10       6547.648       122360.8    
         722  -13459.29       6184.456       122360.8    
         723  -12746.49       5821.263       122360.8    
         724  -12033.68       5458.071       122360.8    
         725  -11320.88       5094.878       122360.8    
         726  -10608.07       4731.686       122360.8    
         727  -9895.266       4368.493       122360.8    
         728  -9182.460       4005.301       122360.8    
         729  -8469.654       3642.109       122360.8    
         730  -7756.850       3278.916       122360.8    
         731  -7044.044       2915.724       122360.8    
         732  -6331.239       2552.531       122360.8    
         733  -5618.434       2189.339       122360.8    
         734  -4905.629       1826.146       122360.8    
         735  -4192.823       1462.954       122360.8    
         736  -3480.019       1099.762       122360.8    
         737  -2767.213       736.5693       122360.8    
         738  -2054.407       373.3770       122360.8    
         739  -1341.603       10.18457       122360.8    
         740  -628.7969      -353.0078       122360.8    
         741   84.00781      -716.2002       122360.8    
         742   796.8135      -1079.393       122360.8    
         743   1509.618      -1442.585       122360.8    
         744   2222.423      -1805.778       122360.8    
         745   2935.229      -2168.970       122360.8    
         746   3648.034      -2532.163       122360.8    
         747   4360.839      -2895.355       122360.8    
         748   5073.646      -3258.547       122360.8    
         749   5786.450      -3621.740       122360.8    
         750   6499.255      -3984.932       122360.8    
         751   7212.060      -4348.125       122360.8    
         752   7924.866      -4711.317       122360.8    
         753   8637.671      -5074.509       122360.8    
         754   9350.476      -5437.702       122360.8    
         755   10063.28      -5800.894       122360.8    
         756   10776.09      -6164.086       122360.8    
         757   11488.89      -6527.279       122360.8    
         758   12201.70      -6890.471       122360.8    
         759   12914.50      -7253.664       122360.8    
         760   13627.31      -7616.856       122360.8    
         761  -13990.50       6904.051       123053.6    
         762  -13277.69       6540.858       123053.6    
         763  -12564.89       6177.666       123053.6    
         764  -11852.08       5814.474       123053.6    
         765  -11139.28       5451.281       123053.6    
         766  -10426.47       5088.089       123053.6    
         767  -9713.668       4724.896       123053.6    
         768  -9000.863       4361.704       123053.6    
         769  -8288.059       3998.511       123053.6    
         770  -7575.253       3635.319       123053.6    
         771  -6862.448       3272.127       123053.6    
         772  -6149.643       2908.934       123053.6    
         773  -5436.837       2545.742       123053.6    
         774  -4724.032       2182.549       123053.6    
         775  -4011.227       1819.357       123053.6    
         776  -3298.422       1456.165       123053.6    
         777  -2585.616       1092.972       123053.6    
         778  -1872.811       729.7798       123053.6    
         779  -1160.006       366.5874       123053.6    
         780  -447.2002       3.395020       123053.6    
         781   265.6045      -359.7974       123053.6    
         782   978.4102      -722.9897       123053.6    
         783   1691.215      -1086.182       123053.6    
         784   2404.020      -1449.375       123053.6    
         785   3116.826      -1812.567       123053.6    
         786   3829.631      -2175.760       123053.6    
         787   4542.436      -2538.952       123053.6    
         788   5255.242      -2902.145       123053.6    
         789   5968.047      -3265.337       123053.6    
         790   6680.852      -3628.529       123053.6    
         791   7393.656      -3991.722       123053.6    
         792   8106.463      -4354.914       123053.6    
         793   8819.268      -4718.106       123053.6    
         794   9532.072      -5081.299       123053.6    
         795   10244.88      -5444.491       123053.6    
         796   10957.68      -5807.684       123053.6    
         797   11670.49      -6170.876       123053.6    
         798   12383.29      -6534.068       123053.6    
         799   13096.10      -6897.261       123053.6    
         800   13808.90      -7260.453       123053.6    
         801  -13808.90       7260.453       123746.4    
         802  -13096.10       6897.261       123746.4    
         803  -12383.29       6534.068       123746.4    
         804  -11670.49       6170.876       123746.4    
         805  -10957.68       5807.684       123746.4    
         806  -10244.88       5444.491       123746.4    
         807  -9532.072       5081.299       123746.4    
         808  -8819.268       4718.106       123746.4    
         809  -8106.462       4354.914       123746.4    
         810  -7393.657       3991.721       123746.4    
         811  -6680.852       3628.529       123746.4    
         812  -5968.047       3265.337       123746.4    
         813  -5255.241       2902.144       123746.4    
         814  -4542.437       2538.952       123746.4    
         815  -3829.631       2175.759       123746.4    
         816  -3116.826       1812.567       123746.4    
         817  -2404.021       1449.375       123746.4    
         818  -1691.215       1086.182       123746.4    
         819  -978.4102       722.9897       123746.4    
         820  -265.6045       359.7974       123746.4    
         821   447.2002      -3.395020       123746.4    
         822   1160.006      -366.5874       123746.4    
         823   1872.811      -729.7798       123746.4    
         824   2585.615      -1092.973       123746.4    
         825   3298.422      -1456.165       123746.4    
         826   4011.227      -1819.357       123746.4    
         827   4724.031      -2182.550       123746.4    
         828   5436.838      -2545.742       123746.4    
         829   6149.643      -2908.935       123746.4    
         830   6862.447      -3272.127       123746.4    
         831   7575.252      -3635.319       123746.4    
         832   8288.059      -3998.512       123746.4    
         833   9000.863      -4361.704       123746.4    
         834   9713.668      -4724.896       123746.4    
         835   10426.47      -5088.089       123746.4    
         836   11139.28      -5451.281       123746.4    
         837   11852.08      -5814.474       123746.4    
         838   12564.89      -6177.666       123746.4    
         839   13277.70      -6540.858       123746.4    
         840   13990.50      -6904.051       123746.4    
         841  -13627.31       7616.855       124439.2    
         842  -12914.50       7253.663       124439.2    
         843  -12201.70       6890.471       124439.2    
         844  -11488.89       6527.278       124439.2    
         845  -10776.09       6164.086       124439.2    
         846  -10063.28       5800.894       124439.2    
         847  -9350.477       5437.701       124439.2    
         848  -8637.672       5074.509       124439.2    
         849  -7924.867       4711.316       124439.2    
         850  -7212.062       4348.124       124439.2    
         851  -6499.256       3984.931       124439.2    
         852  -5786.451       3621.739       124439.2    
         853  -5073.646       3258.546       124439.2    
         854  -4360.841       2895.354       124439.2    
         855  -3648.035       2532.162       124439.2    
         856  -2935.230       2168.969       124439.2    
         857  -2222.425       1805.777       124439.2    
         858  -1509.619       1442.584       124439.2    
         859  -796.8145       1079.392       124439.2    
         860  -84.00879       716.1997       124439.2    
         861   628.7959       353.0073       124439.2    
         862   1341.602      -10.18506       124439.2    
         863   2054.406      -373.3774       124439.2    
         864   2767.211      -736.5703       124439.2    
         865   3480.018      -1099.763       124439.2    
         866   4192.822      -1462.955       124439.2    
         867   4905.627      -1826.147       124439.2    
         868   5618.434      -2189.340       124439.2    
         869   6331.238      -2552.532       124439.2    
         870   7044.043      -2915.725       124439.2    
         871   7756.848      -3278.917       124439.2    
         872   8469.654      -3642.109       124439.2    
         873   9182.459      -4005.302       124439.2    
         874   9895.264      -4368.494       124439.2    
         875   10608.07      -4731.687       124439.2    
         876   11320.88      -5094.879       124439.2    
         877   12033.68      -5458.071       124439.2    
         878   12746.48      -5821.264       124439.2    
         879   13459.29      -6184.456       124439.2    
         880   14172.10      -6547.648       124439.2    
         881  -13445.71       7973.258       125132.1    
         882  -12732.91       7610.066       125132.1    
         883  -12020.10       7246.874       125132.1    
         884  -11307.30       6883.681       125132.1    
         885  -10594.49       6520.489       125132.1    
         886  -9881.686       6157.296       125132.1    
         887  -9168.881       5794.104       125132.1    
         888  -8456.075       5430.911       125132.1    
         889  -7743.270       5067.719       125132.1    
         890  -7030.465       4704.526       125132.1    
         891  -6317.660       4341.334       125132.1    
         892  -5604.854       3978.142       125132.1    
         893  -4892.049       3614.949       125132.1    
         894  -4179.244       3251.757       125132.1    
         895  -3466.438       2888.564       125132.1    
         896  -2753.634       2525.372       125132.1    
         897  -2040.828       2162.180       125132.1    
         898  -1328.022       1798.987       125132.1    
         899  -615.2178       1435.795       125132.1    
         900   97.58789       1072.603       125132.1    
         901   810.3926       709.4102       125132.1    
         902   1523.198       346.2178       125132.1    
         903   2236.003      -16.97461       125132.1    
         904   2948.808      -380.1675       125132.1    
         905   3661.614      -743.3599       125132.1    
         906   4374.419      -1106.552       125132.1    
         907   5087.224      -1469.745       125132.1    
         908   5800.030      -1832.937       125132.1    
         909   6512.835      -2196.129       125132.1    
         910   7225.640      -2559.322       125132.1    
         911   7938.444      -2922.514       125132.1    
         912   8651.251      -3285.707       125132.1    
         913   9364.056      -3648.899       125132.1    
         914   10076.86      -4012.091       125132.1    
         915   10789.67      -4375.284       125132.1    
         916   11502.47      -4738.476       125132.1    
         917   12215.28      -5101.668       125132.1    
         918   12928.08      -5464.861       125132.1    
         919   13640.89      -5828.053       125132.1    
         920   14353.69      -6191.246       125132.1    
         921  -13264.12       8329.661       125824.9    
         922  -12551.31       7966.469       125824.9    
         923  -11838.50       7603.276       125824.9    
         924  -11125.70       7240.084       125824.9    
         925  -10412.89       6876.892       125824.9    
         926  -9700.089       6513.699       125824.9    
         927  -8987.283       6150.507       125824.9    
         928  -8274.479       5787.314       125824.9    
         929  -7561.673       5424.122       125824.9    
         930  -6848.868       5060.930       125824.9    
         931  -6136.063       4697.737       125824.9    
         932  -5423.258       4334.545       125824.9    
         933  -4710.452       3971.352       125824.9    
         934  -3997.647       3608.160       125824.9    
         935  -3284.842       3244.967       125824.9    
         936  -2572.037       2881.775       125824.9    
         937  -1859.231       2518.583       125824.9    
         938  -1146.426       2155.390       125824.9    
         939  -433.6211       1792.198       125824.9    
         940   279.1846       1429.005       125824.9    
         941   991.9893       1065.813       125824.9    
         942   1704.795       702.6206       125824.9    
         943   2417.600       339.4282       125824.9    
         944   3130.404      -23.76465       125824.9    
         945   3843.211      -386.9570       125824.9    
         946   4556.016      -750.1494       125824.9    
         947   5268.820      -1113.342       125824.9    
         948   5981.627      -1476.534       125824.9    
         949   6694.432      -1839.727       125824.9    
         950   7407.236      -2202.919       125824.9    
         951   8120.041      -2566.111       125824.9    
         952   8832.848      -2929.304       125824.9    
         953   9545.652      -3292.496       125824.9    
         954   10258.46      -3655.688       125824.9    
         955   10971.26      -4018.881       125824.9    
         956   11684.07      -4382.073       125824.9    
         957   12396.87      -4745.266       125824.9    
         958   13109.68      -5108.458       125824.9    
         959   13822.48      -5471.650       125824.9    
         960   14535.29      -5834.843       125824.9    
         961  -13082.52       8686.063       126517.7    
         962  -12369.71       8322.871       126517.7    
         963  -11656.91       7959.679       126517.7    
         964  -10944.10       7596.486       126517.7    
         965  -10231.30       7233.294       126517.7    
         966  -9518.493       6870.102       126517.7    
         967  -8805.688       6506.909       126517.7    
         968  -8092.883       6143.717       126517.7    
         969  -7380.078       5780.524       126517.7    
         970  -6667.272       5417.332       126517.7    
         971  -5954.467       5054.140       126517.7    
         972  -5241.662       4690.947       126517.7    
         973  -4528.856       4327.754       126517.7    
         974  -3816.052       3964.562       126517.7    
         975  -3103.246       3601.370       126517.7    
         976  -2390.441       3238.177       126517.7    
         977  -1677.636       2874.985       126517.7    
         978  -964.8301       2511.792       126517.7    
         979  -252.0254       2148.600       126517.7    
         980   460.7803       1785.408       126517.7    
         981   1173.585       1422.215       126517.7    
         982   1886.391       1059.023       126517.7    
         983   2599.195       695.8306       126517.7    
         984   3312.000       332.6377       126517.7    
         985   4024.807      -30.55469       126517.7    
         986   4737.611      -393.7471       126517.7    
         987   5450.416      -756.9395       126517.7    
         988   6163.223      -1120.132       126517.7    
         989   6876.027      -1483.324       126517.7    
         990   7588.832      -1846.517       126517.7    
         991   8301.637      -2209.709       126517.7    
         992   9014.443      -2572.901       126517.7    
         993   9727.248      -2936.094       126517.7    
         994   10440.05      -3299.286       126517.7    
         995   11152.86      -3662.479       126517.7    
         996   11865.66      -4025.671       126517.7    
         997   12578.47      -4388.863       126517.7    
         998   13291.27      -4752.056       126517.7    
         999   14004.08      -5115.248       126517.7    
        1000   14716.88      -5478.440       126517.7    
        1001  -12900.92       9042.466       127210.5    
        1002  -12188.12       8679.273       127210.5    
        1003  -11475.31       8316.081       127210.5    
        1004  -10762.51       7952.889       127210.5    
        1005  -10049.70       7589.696       127210.5    
        1006  -9336.897       7226.504       127210.5    
        1007  -8624.092       6863.312       127210.5    
        1008  -7911.287       6500.119       127210.5    
        1009  -7198.482       6136.927       127210.5    
        1010  -6485.677       5773.734       127210.5    
        1011  -5772.872       5410.542       127210.5    
        1012  -5060.066       5047.350       127210.5    
        1013  -4347.261       4684.157       127210.5    
        1014  -3634.456       4320.964       127210.5    
        1015  -2921.650       3957.772       127210.5    
        1016  -2208.846       3594.580       127210.5    
        1017  -1496.040       3231.387       127210.5    
        1018  -783.2344       2868.195       127210.5    
        1019  -70.42969       2505.002       127210.5    
        1020   642.3760       2141.810       127210.5    
        1021   1355.181       1778.618       127210.5    
        1022   2067.986       1415.425       127210.5    
        1023   2780.791       1052.233       127210.5    
        1024   3493.596       689.0400       127210.5    
        1025   4206.402       325.8477       127210.5    
        1026   4919.207      -37.34473       127210.5    
        1027   5632.012      -400.5371       127210.5    
        1028   6344.818      -763.7295       127210.5    
        1029   7057.623      -1126.922       127210.5    
        1030   7770.428      -1490.114       127210.5    
        1031   8483.232      -1853.307       127210.5    
        1032   9196.039      -2216.499       127210.5    
        1033   9908.844      -2579.691       127210.5    
        1034   10621.65      -2942.884       127210.5    
        1035   11334.46      -3306.076       127210.5    
        1036   12047.26      -3669.269       127210.5    
        1037   12760.06      -4032.461       127210.5    
        1038   13472.87      -4395.653       127210.5    
        1039   14185.68      -4758.846       127210.5    
        1040   14898.48      -5122.038       127210.5    
        1041  -12719.33       9398.868       127903.3    
        1042  -12006.52       9035.676       127903.3    
        1043  -11293.72       8672.483       127903.3    
        1044  -10580.91       8309.291       127903.3    
        1045  -9868.106       7946.099       127903.3    
        1046  -9155.301       7582.906       127903.3    
        1047  -8442.496       7219.714       127903.3    
        1048  -7729.690       6856.521       127903.3    
        1049  -7016.885       6493.329       127903.3    
        1050  -6304.080       6130.137       127903.3    
        1051  -5591.275       5766.944       127903.3    
        1052  -4878.470       5403.752       127903.3    
        1053  -4165.664       5040.559       127903.3    
        1054  -3452.859       4677.367       127903.3    
        1055  -2740.054       4314.174       127903.3    
        1056  -2027.249       3950.982       127903.3    
        1057  -1314.443       3587.790       127903.3    
        1058  -601.6377       3224.597       127903.3    
        1059   111.1670       2861.405       127903.3    
        1060   823.9727       2498.212       127903.3    
        1061   1536.777       2135.020       127903.3    
        1062   2249.583       1771.828       127903.3    
        1063   2962.388       1408.635       127903.3    
        1064   3675.192       1045.442       127903.3    
        1065   4387.999       682.2500       127903.3    
        1066   5100.804       319.0576       127903.3    
        1067   5813.608      -44.13477       127903.3    
        1068   6526.415      -407.3271       127903.3    
        1069   7239.220      -770.5195       127903.3    
        1070   7952.024      -1133.712       127903.3    
        1071   8664.829      -1496.904       127903.3    
        1072   9377.636      -1860.097       127903.3    
        1073   10090.44      -2223.289       127903.3    
        1074   10803.25      -2586.481       127903.3    
        1075   11516.05      -2949.674       127903.3    
        1076   12228.86      -3312.866       127903.3    
        1077   12941.66      -3676.059       127903.3    
        1078   13654.47      -4039.251       127903.3    
        1079   14367.27      -4402.443       127903.3    
        1080   15080.08      -4765.636       127903.3    
        1081  -12537.73       9755.271       128596.2    
        1082  -11824.92       9392.079       128596.2    
        1083  -11112.12       9028.887       128596.2    
        1084  -10399.31       8665.694       128596.2    
        1085  -9686.510       8302.502       128596.2    
        1086  -8973.704       7939.310       128596.2    
        1087  -8260.898       7576.117       128596.2    
        1088  -7548.094       7212.925       128596.2    
        1089  -6835.289       6849.732       128596.2    
        1090  -6122.483       6486.540       128596.2    
        1091  -5409.678       6123.348       128596.2    
        1092  -4696.873       5760.155       128596.2    
        1093  -3984.067       5396.962       128596.2    
        1094  -3271.263       5033.770       128596.2    
        1095  -2558.457       4670.578       128596.2    
        1096  -1845.652       4307.385       128596.2    
        1097  -1132.847       3944.193       128596.2    
        1098  -420.0410       3581.000       128596.2    
        1099   292.7637       3217.808       128596.2    
        1100   1005.569       2854.616       128596.2    
        1101   1718.374       2491.423       128596.2    
        1102   2431.180       2128.231       128596.2    
        1103   3143.984       1765.039       128596.2    
        1104   3856.789       1401.846       128596.2    
        1105   4569.596       1038.653       128596.2    
        1106   5282.400       675.4609       128596.2    
        1107   5995.205       312.2686       128596.2    
        1108   6708.012      -50.92383       128596.2    
        1109   7420.816      -414.1162       128596.2    
        1110   8133.621      -777.3086       128596.2    
        1111   8846.426      -1140.501       128596.2    
        1112   9559.232      -1503.693       128596.2    
        1113   10272.04      -1866.886       128596.2    
        1114   10984.84      -2230.078       128596.2    
        1115   11697.65      -2593.271       128596.2    
        1116   12410.45      -2956.463       128596.2    
        1117   13123.26      -3319.655       128596.2    
        1118   13836.06      -3682.848       128596.2    
        1119   14548.87      -4046.040       128596.2    
        1120   15261.67      -4409.232       128596.2    
        1121  -12356.13       10111.67       129289.0    
        1122  -11643.33       9748.481       129289.0    
        1123  -10930.52       9385.289       129289.0    
        1124  -10217.72       9022.097       129289.0    
        1125  -9504.914       8658.904       129289.0    
        1126  -8792.108       8295.712       129289.0    
        1127  -8079.303       7932.520       129289.0    
        1128  -7366.498       7569.327       129289.0    
        1129  -6653.693       7206.135       129289.0    
        1130  -5940.888       6842.942       129289.0    
        1131  -5228.083       6479.750       129289.0    
        1132  -4515.277       6116.558       129289.0    
        1133  -3802.472       5753.365       129289.0    
        1134  -3089.667       5390.172       129289.0    
        1135  -2376.861       5026.980       129289.0    
        1136  -1664.057       4663.788       129289.0    
        1137  -951.2510       4300.595       129289.0    
        1138  -238.4453       3937.403       129289.0    
        1139   474.3594       3574.210       129289.0    
        1140   1187.165       3211.018       129289.0    
        1141   1899.970       2847.826       129289.0    
        1142   2612.775       2484.633       129289.0    
        1143   3325.580       2121.441       129289.0    
        1144   4038.385       1758.248       129289.0    
        1145   4751.191       1395.056       129289.0    
        1146   5463.996       1031.863       129289.0    
        1147   6176.801       668.6709       129289.0    
        1148   6889.607       305.4785       129289.0    
        1149   7602.412      -57.71387       129289.0    
        1150   8315.217      -420.9062       129289.0    
        1151   9028.021      -784.0986       129289.0    
        1152   9740.828      -1147.291       129289.0    
        1153   10453.63      -1510.483       129289.0    
        1154   11166.44      -1873.676       129289.0    
        1155   11879.24      -2236.868       129289.0    
        1156   12592.05      -2600.061       129289.0    
        1157   13304.85      -2963.253       129289.0    
        1158   14017.66      -3326.445       129289.0    
        1159   14730.46      -3689.638       129289.0    
        1160   15443.27      -4052.830       129289.0    
        1161  -12174.54       10468.08       129981.8    
        1162  -11461.73       10104.88       129981.8    
        1163  -10748.93       9741.691       129981.8    
        1164  -10036.12       9378.499       129981.8    
        1165  -9323.318       9015.307       129981.8    
        1166  -8610.513       8652.114       129981.8    
        1167  -7897.708       8288.922       129981.8    
        1168  -7184.902       7925.729       129981.8    
        1169  -6472.097       7562.537       129981.8    
        1170  -5759.292       7199.345       129981.8    
        1171  -5046.487       6836.152       129981.8    
        1172  -4333.682       6472.960       129981.8    
        1173  -3620.876       6109.767       129981.8    
        1174  -2908.071       5746.575       129981.8    
        1175  -2195.266       5383.382       129981.8    
        1176  -1482.461       5020.190       129981.8    
        1177  -769.6553       4656.998       129981.8    
        1178  -56.84961       4293.805       129981.8    
        1179   655.9551       3930.613       129981.8    
        1180   1368.761       3567.420       129981.8    
        1181   2081.565       3204.228       129981.8    
        1182   2794.371       2841.036       129981.8    
        1183   3507.176       2477.843       129981.8    
        1184   4219.980       2114.650       129981.8    
        1185   4932.787       1751.458       129981.8    
        1186   5645.592       1388.266       129981.8    
        1187   6358.396       1025.073       129981.8    
        1188   7071.203       661.8809       129981.8    
        1189   7784.008       298.6885       129981.8    
        1190   8496.812      -64.50391       129981.8    
        1191   9209.617      -427.6963       129981.8    
        1192   9922.424      -790.8887       129981.8    
        1193   10635.23      -1154.081       129981.8    
        1194   11348.03      -1517.273       129981.8    
        1195   12060.84      -1880.466       129981.8    
        1196   12773.64      -2243.658       129981.8    
        1197   13486.45      -2606.851       129981.8    
        1198   14199.25      -2970.043       129981.8    
        1199   14912.06      -3333.235       129981.8    
        1200   15624.87      -3696.428       129981.8    
        1201  -11992.94       10824.48       130674.6    
        1202  -11280.14       10461.29       130674.6    
        1203  -10567.33       10098.09       130674.6    
        1204  -9854.526       9734.902       130674.6    
        1205  -9141.722       9371.710       130674.6    
        1206  -8428.916       9008.518       130674.6    
        1207  -7716.111       8645.325       130674.6    
        1208  -7003.306       8282.133       130674.6    
        1209  -6290.500       7918.940       130674.6    
        1210  -5577.695       7555.748       130674.6    
        1211  -4864.890       7192.556       130674.6    
        1212  -4152.085       6829.363       130674.6    
        1213  -3439.279       6466.170       130674.6    
        1214  -2726.475       6102.978       130674.6    
        1215  -2013.669       5739.786       130674.6    
        1216  -1300.864       5376.593       130674.6    
        1217  -588.0586       5013.401       130674.6    
        1218   124.7471       4650.208       130674.6    
        1219   837.5518       4287.016       130674.6    
        1220   1550.357       3923.824       130674.6    
        1221   2263.162       3560.631       130674.6    
        1222   2975.968       3197.439       130674.6    
        1223   3688.772       2834.247       130674.6    
        1224   4401.577       2471.054       130674.6    
        1225   5114.384       2107.861       130674.6    
        1226   5827.188       1744.669       130674.6    
        1227   6539.993       1381.477       130674.6    
        1228   7252.800       1018.284       130674.6    
        1229   7965.604       655.0918       130674.6    
        1230   8678.409       291.8994       130674.6    
        1231   9391.214      -71.29297       130674.6    
        1232   10104.02      -434.4854       130674.6    
        1233   10816.83      -797.6777       130674.6    
        1234   11529.63      -1160.870       130674.6    
        1235   12242.44      -1524.062       130674.6    
        1236   12955.24      -1887.255       130674.6    
        1237   13668.05      -2250.447       130674.6    
        1238   14380.85      -2613.640       130674.6    
        1239   15093.66      -2976.832       130674.6    
        1240   15806.46      -3340.024       130674.6    
        1241  -11811.35       11180.88       131367.4    
        1242  -11098.54       10817.69       131367.4    
        1243  -10385.74       10454.50       131367.4    
        1244  -9672.930       10091.30       131367.4    
        1245  -8960.125       9728.112       131367.4    
        1246  -8247.319       9364.920       131367.4    
        1247  -7534.514       9001.728       131367.4    
        1248  -6821.709       8638.535       131367.4    
        1249  -6108.904       8275.343       131367.4    
        1250  -5396.099       7912.150       131367.4    
        1251  -4683.293       7548.958       131367.4    
        1252  -3970.488       7185.766       131367.4    
        1253  -3257.683       6822.573       131367.4    
        1254  -2544.878       6459.380       131367.4    
        1255  -1832.072       6096.188       131367.4    
        1256  -1119.268       5732.996       131367.4    
        1257  -406.4619       5369.803       131367.4    
        1258   306.3438       5006.611       131367.4    
        1259   1019.148       4643.418       131367.4    
        1260   1731.954       4280.226       131367.4    
        1261   2444.759       3917.034       131367.4    
        1262   3157.564       3553.841       131367.4    
        1263   3870.369       3190.649       131367.4    
        1264   4583.174       2827.456       131367.4    
        1265   5295.980       2464.264       131367.4    
        1266   6008.785       2101.071       131367.4    
        1267   6721.590       1737.879       131367.4    
        1268   7434.396       1374.687       131367.4    
        1269   8147.201       1011.494       131367.4    
        1270   8860.006       648.3018       131367.4    
        1271   9572.811       285.1094       131367.4    
        1272   10285.62      -78.08301       131367.4    
        1273   10998.42      -441.2754       131367.4    
        1274   11711.23      -804.4678       131367.4    
        1275   12424.03      -1167.660       131367.4    
        1276   13136.84      -1530.853       131367.4    
        1277   13849.64      -1894.045       131367.4    
        1278   14562.45      -2257.237       131367.4    
        1279   15275.25      -2620.430       131367.4    
        1280   15988.06      -2983.622       131367.4    
        1281  -11629.75       11537.28       132060.3    
        1282  -10916.94       11174.09       132060.3    
        1283  -10204.14       10810.90       132060.3    
        1284  -9491.334       10447.71       132060.3    
        1285  -8778.529       10084.51       132060.3    
        1286  -8065.724       9721.322       132060.3    
        1287  -7352.918       9358.130       132060.3    
        1288  -6640.113       8994.938       132060.3    
        1289  -5927.308       8631.745       132060.3    
        1290  -5214.503       8268.553       132060.3    
        1291  -4501.698       7905.360       132060.3    
        1292  -3788.893       7542.168       132060.3    
        1293  -3076.087       7178.975       132060.3    
        1294  -2363.282       6815.783       132060.3    
        1295  -1650.477       6452.590       132060.3    
        1296  -937.6719       6089.398       132060.3    
        1297  -224.8662       5726.206       132060.3    
        1298   487.9395       5363.013       132060.3    
        1299   1200.744       4999.821       132060.3    
        1300   1913.550       4636.628       132060.3    
        1301   2626.354       4273.436       132060.3    
        1302   3339.160       3910.244       132060.3    
        1303   4051.965       3547.051       132060.3    
        1304   4764.770       3183.858       132060.3    
        1305   5477.576       2820.666       132060.3    
        1306   6190.381       2457.474       132060.3    
        1307   6903.186       2094.281       132060.3    
        1308   7615.992       1731.089       132060.3    
        1309   8328.797       1367.896       132060.3    
        1310   9041.602       1004.704       132060.3    
        1311   9754.406       641.5117       132060.3    
        1312   10467.21       278.3193       132060.3    
        1313   11180.02      -84.87305       132060.3    
        1314   11892.82      -448.0654       132060.3    
        1315   12605.63      -811.2578       132060.3    
        1316   13318.43      -1174.450       132060.3    
        1317   14031.24      -1537.643       132060.3    
        1318   14744.04      -1900.835       132060.3    
        1319   15456.85      -2264.027       132060.3    
        1320   16169.65      -2627.220       132060.3    
        1321  -11448.15       11893.69       132753.1    
        1322  -10735.35       11530.49       132753.1    
        1323  -10022.54       11167.30       132753.1    
        1324  -9309.738       10804.11       132753.1    
        1325  -8596.934       10440.92       132753.1    
        1326  -7884.128       10077.72       132753.1    
        1327  -7171.323       9714.532       132753.1    
        1328  -6458.518       9351.340       132753.1    
        1329  -5745.712       8988.147       132753.1    
        1330  -5032.907       8624.955       132753.1    
        1331  -4320.102       8261.763       132753.1    
        1332  -3607.297       7898.570       132753.1    
        1333  -2894.491       7535.377       132753.1    
        1334  -2181.687       7172.185       132753.1    
        1335  -1468.881       6808.993       132753.1    
        1336  -756.0762       6445.800       132753.1    
        1337  -43.27051       6082.608       132753.1    
        1338   669.5352       5719.416       132753.1    
        1339   1382.340       5356.223       132753.1    
        1340   2095.146       4993.031       132753.1    
        1341   2807.950       4629.838       132753.1    
        1342   3520.756       4266.646       132753.1    
        1343   4233.561       3903.454       132753.1    
        1344   4946.365       3540.261       132753.1    
        1345   5659.172       3177.068       132753.1    
        1346   6371.977       2813.876       132753.1    
        1347   7084.781       2450.684       132753.1    
        1348   7797.588       2087.491       132753.1    
        1349   8510.393       1724.299       132753.1    
        1350   9223.197       1361.106       132753.1    
        1351   9936.002       997.9141       132753.1    
        1352   10648.81       634.7217       132753.1    
        1353   11361.61       271.5293       132753.1    
        1354   12074.42      -91.66309       132753.1    
        1355   12787.22      -454.8555       132753.1    
        1356   13500.03      -818.0479       132753.1    
        1357   14212.83      -1181.240       132753.1    
        1358   14925.64      -1544.433       132753.1    
        1359   15638.45      -1907.625       132753.1    
        1360   16351.25      -2270.817       132753.1    
        1361  -11266.56       12250.09       133445.9    
        1362  -10553.75       11886.90       133445.9    
        1363  -9840.947       11523.70       133445.9    
        1364  -9128.142       11160.51       133445.9    
        1365  -8415.337       10797.32       133445.9    
        1366  -7702.531       10434.13       133445.9    
        1367  -6989.726       10070.93       133445.9    
        1368  -6276.921       9707.742       133445.9    
        1369  -5564.116       9344.550       133445.9    
        1370  -4851.311       8981.357       133445.9    
        1371  -4138.505       8618.165       133445.9    
        1372  -3425.700       8254.973       133445.9    
        1373  -2712.895       7891.780       133445.9    
        1374  -2000.090       7528.587       133445.9    
        1375  -1287.284       7165.395       133445.9    
        1376  -574.4795       6802.203       133445.9    
        1377   138.3262       6439.010       133445.9    
        1378   851.1318       6075.818       133445.9    
        1379   1563.937       5712.625       133445.9    
        1380   2276.742       5349.433       133445.9    
        1381   2989.547       4986.241       133445.9    
        1382   3702.353       4623.048       133445.9    
        1383   4415.157       4259.856       133445.9    
        1384   5127.962       3896.663       133445.9    
        1385   5840.769       3533.471       133445.9    
        1386   6553.573       3170.278       133445.9    
        1387   7266.378       2807.086       133445.9    
        1388   7979.185       2443.894       133445.9    
        1389   8691.989       2080.701       133445.9    
        1390   9404.794       1717.509       133445.9    
        1391   10117.60       1354.316       133445.9    
        1392   10830.41       991.1240       133445.9    
        1393   11543.21       627.9316       133445.9    
        1394   12256.01       264.7393       133445.9    
        1395   12968.82      -98.45312       133445.9    
        1396   13681.63      -461.6455       133445.9    
        1397   14394.43      -824.8379       133445.9    
        1398   15107.24      -1188.030       133445.9    
        1399   15820.04      -1551.223       133445.9    
        1400   16532.85      -1914.415       133445.9    
        1401  -11084.96       12606.49       134138.7    
        1402  -10372.16       12243.30       134138.7    
        1403  -9659.351       11880.11       134138.7    
        1404  -8946.545       11516.92       134138.7    
        1405  -8233.740       11153.72       134138.7    
        1406  -7520.935       10790.53       134138.7    
        1407  -6808.129       10427.34       134138.7    
        1408  -6095.324       10064.15       134138.7    
        1409  -5382.519       9700.953       134138.7    
        1410  -4669.714       9337.761       134138.7    
        1411  -3956.909       8974.568       134138.7    
        1412  -3244.104       8611.376       134138.7    
        1413  -2531.298       8248.184       134138.7    
        1414  -1818.493       7884.991       134138.7    
        1415  -1105.688       7521.798       134138.7    
        1416  -392.8828       7158.606       134138.7    
        1417   319.9229       6795.414       134138.7    
        1418   1032.729       6432.221       134138.7    
        1419   1745.533       6069.029       134138.7    
        1420   2458.339       5705.836       134138.7    
        1421   3171.144       5342.644       134138.7    
        1422   3883.949       4979.452       134138.7    
        1423   4596.754       4616.259       134138.7    
        1424   5309.559       4253.066       134138.7    
        1425   6022.365       3889.874       134138.7    
        1426   6735.170       3526.682       134138.7    
        1427   7447.975       3163.489       134138.7    
        1428   8160.781       2800.297       134138.7    
        1429   8873.586       2437.104       134138.7    
        1430   9586.391       2073.912       134138.7    
        1431   10299.20       1710.720       134138.7    
        1432   11012.00       1347.527       134138.7    
        1433   11724.81       984.3350       134138.7    
        1434   12437.61       621.1426       134138.7    
        1435   13150.42       257.9502       134138.7    
        1436   13863.22      -105.2422       134138.7    
        1437   14576.03      -468.4346       134138.7    
        1438   15288.83      -831.6270       134138.7    
        1439   16001.64      -1194.819       134138.7    
        1440   16714.44      -1558.012       134138.7    
        1441  -10903.37       12962.89       134831.5    
        1442  -10190.56       12599.70       134831.5    
        1443  -9477.755       12236.51       134831.5    
        1444  -8764.949       11873.32       134831.5    
        1445  -8052.145       11510.12       134831.5    
        1446  -7339.339       11146.93       134831.5    
        1447  -6626.534       10783.74       134831.5    
        1448  -5913.729       10420.55       134831.5    
        1449  -5200.923       10057.36       134831.5    
        1450  -4488.118       9694.163       134831.5    
        1451  -3775.313       9330.971       134831.5    
        1452  -3062.508       8967.778       134831.5    
        1453  -2349.702       8604.586       134831.5    
        1454  -1636.897       8241.393       134831.5    
        1455  -924.0918       7878.201       134831.5    
        1456  -211.2871       7515.008       134831.5    
        1457   501.5186       7151.816       134831.5    
        1458   1214.324       6788.624       134831.5    
        1459   1927.129       6425.431       134831.5    
        1460   2639.935       6062.239       134831.5    
        1461   3352.739       5699.046       134831.5    
        1462   4065.545       5335.854       134831.5    
        1463   4778.350       4972.662       134831.5    
        1464   5491.154       4609.469       134831.5    
        1465   6203.961       4246.276       134831.5    
        1466   6916.766       3883.084       134831.5    
        1467   7629.570       3519.892       134831.5    
        1468   8342.377       3156.699       134831.5    
        1469   9055.182       2793.507       134831.5    
        1470   9767.986       2430.314       134831.5    
        1471   10480.79       2067.122       134831.5    
        1472   11193.60       1703.930       134831.5    
        1473   11906.40       1340.737       134831.5    
        1474   12619.21       977.5449       134831.5    
        1475   13332.01       614.3525       134831.5    
        1476   14044.82       251.1602       134831.5    
        1477   14757.62      -112.0322       134831.5    
        1478   15470.43      -475.2246       134831.5    
        1479   16183.23      -838.4170       134831.5    
        1480   16896.04      -1201.609       134831.5    
        1481  -10721.77       13319.30       135524.4    
        1482  -10008.96       12956.10       135524.4    
        1483  -9296.159       12592.91       135524.4    
        1484  -8583.354       12229.72       135524.4    
        1485  -7870.549       11866.53       135524.4    
        1486  -7157.743       11503.33       135524.4    
        1487  -6444.938       11140.14       135524.4    
        1488  -5732.133       10776.95       135524.4    
        1489  -5019.328       10413.76       135524.4    
        1490  -4306.522       10050.57       135524.4    
        1491  -3593.717       9687.373       135524.4    
        1492  -2880.912       9324.181       135524.4    
        1493  -2168.106       8960.988       135524.4    
        1494  -1455.302       8597.795       135524.4    
        1495  -742.4961       8234.604       135524.4    
        1496  -29.69141       7871.411       135524.4    
        1497   683.1143       7508.218       135524.4    
        1498   1395.920       7145.026       135524.4    
        1499   2108.725       6781.833       135524.4    
        1500   2821.530       6418.641       135524.4    
        1501   3534.335       6055.449       135524.4    
        1502   4247.141       5692.256       135524.4    
        1503   4959.945       5329.064       135524.4    
        1504   5672.750       4965.871       135524.4    
        1505   6385.557       4602.679       135524.4    
        1506   7098.361       4239.486       135524.4    
        1507   7811.166       3876.294       135524.4    
        1508   8523.973       3513.102       135524.4    
        1509   9236.777       3149.909       135524.4    
        1510   9949.582       2786.717       135524.4    
        1511   10662.39       2423.524       135524.4    
        1512   11375.19       2060.332       135524.4    
        1513   12088.00       1697.140       135524.4    
        1514   12800.80       1333.947       135524.4    
        1515   13513.61       970.7549       135524.4    
        1516   14226.41       607.5625       135524.4    
        1517   14939.22       244.3701       135524.4    
        1518   15652.02      -118.8223       135524.4    
        1519   16364.83      -482.0146       135524.4    
        1520   17077.63      -845.2070       135524.4    
        1521  -10540.17       13675.70       136217.2    
        1522  -9827.367       13312.51       136217.2    
        1523  -9114.562       12949.32       136217.2    
        1524  -8401.757       12586.12       136217.2    
        1525  -7688.952       12222.93       136217.2    
        1526  -6976.146       11859.74       136217.2    
        1527  -6263.341       11496.55       136217.2    
        1528  -5550.536       11133.35       136217.2    
        1529  -4837.731       10770.16       136217.2    
        1530  -4124.926       10406.97       136217.2    
        1531  -3412.121       10043.78       136217.2    
        1532  -2699.315       9680.584       136217.2    
        1533  -1986.510       9317.391       136217.2    
        1534  -1273.705       8954.199       136217.2    
        1535  -560.8994       8591.006       136217.2    
        1536   151.9053       8227.814       136217.2    
        1537   864.7109       7864.622       136217.2    
        1538   1577.517       7501.429       136217.2    
        1539   2290.321       7138.237       136217.2    
        1540   3003.127       6775.044       136217.2    
        1541   3715.932       6411.852       136217.2    
        1542   4428.737       6048.660       136217.2    
        1543   5141.542       5685.467       136217.2    
        1544   5854.347       5322.274       136217.2    
        1545   6567.153       4959.082       136217.2    
        1546   7279.958       4595.890       136217.2    
        1547   7992.763       4232.697       136217.2    
        1548   8705.569       3869.505       136217.2    
        1549   9418.374       3506.312       136217.2    
        1550   10131.18       3143.120       136217.2    
        1551   10843.98       2779.928       136217.2    
        1552   11556.79       2416.735       136217.2    
        1553   12269.59       2053.543       136217.2    
        1554   12982.40       1690.351       136217.2    
        1555   13695.21       1327.158       136217.2    
        1556   14408.01       963.9658       136217.2    
        1557   15120.82       600.7734       136217.2    
        1558   15833.62       237.5811       136217.2    
        1559   16546.43      -125.6113       136217.2    
        1560   17259.23      -488.8037       136217.2    
        1561  -10358.58       14032.10       136910.0    
        1562  -9645.771       13668.91       136910.0    
        1563  -8932.966       13305.72       136910.0    
        1564  -8220.160       12942.53       136910.0    
        1565  -7507.355       12579.33       136910.0    
        1566  -6794.550       12216.14       136910.0    
        1567  -6081.745       11852.95       136910.0    
        1568  -5368.939       11489.76       136910.0    
        1569  -4656.134       11126.56       136910.0    
        1570  -3943.329       10763.37       136910.0    
        1571  -3230.524       10400.18       136910.0    
        1572  -2517.719       10036.99       136910.0    
        1573  -1804.913       9673.793       136910.0    
        1574  -1092.108       9310.602       136910.0    
        1575  -379.3027       8947.408       136910.0    
        1576   333.5020       8584.217       136910.0    
        1577   1046.308       8221.023       136910.0    
        1578   1759.113       7857.832       136910.0    
        1579   2471.918       7494.639       136910.0    
        1580   3184.724       7131.447       136910.0    
        1581   3897.528       6768.254       136910.0    
        1582   4610.334       6405.062       136910.0    
        1583   5323.139       6041.870       136910.0    
        1584   6035.943       5678.677       136910.0    
        1585   6748.750       5315.484       136910.0    
        1586   7461.555       4952.292       136910.0    
        1587   8174.359       4589.100       136910.0    
        1588   8887.166       4225.907       136910.0    
        1589   9599.971       3862.715       136910.0    
        1590   10312.78       3499.522       136910.0    
        1591   11025.58       3136.330       136910.0    
        1592   11738.39       2773.138       136910.0    
        1593   12451.19       2409.945       136910.0    
        1594   13164.00       2046.753       136910.0    
        1595   13876.80       1683.561       136910.0    
        1596   14589.61       1320.368       136910.0    
        1597   15302.41       957.1758       136910.0    
        1598   16015.22       593.9834       136910.0    
        1599   16728.02       230.7910       136910.0    
        1600   17440.83      -132.4014       136910.0    
